Date,NW 58th St Greenway st 22nd Ave NW Total,East,West
1/1/2014 0:00,18,6,12
1/1/2014 1:00,6,3,3
1/1/2014 2:00,3,0,3
1/1/2014 3:00,4,2,2
1/1/2014 4:00,5,3,2
1/1/2014 5:00,0,0,0
1/1/2014 6:00,2,2,0
1/1/2014 7:00,6,2,4
1/1/2014 8:00,2,0,2
1/1/2014 9:00,5,3,2
1/1/2014 10:00,16,0,16
1/1/2014 11:00,16,9,7
1/1/2014 12:00,29,8,21
1/1/2014 13:00,30,18,12
1/1/2014 14:00,31,19,12
1/1/2014 15:00,41,28,13
1/1/2014 16:00,37,29,8
1/1/2014 17:00,30,17,13
1/1/2014 18:00,20,15,5
1/1/2014 19:00,15,12,3
1/1/2014 20:00,27,17,10
1/1/2014 21:00,17,8,9
1/1/2014 22:00,10,6,4
1/1/2014 23:00,14,8,6
1/2/2014 0:00,3,2,1
1/2/2014 1:00,2,2,0
1/2/2014 2:00,0,0,0
1/2/2014 3:00,4,2,2
1/2/2014 4:00,1,1,0
1/2/2014 5:00,2,0,2
1/2/2014 6:00,9,8,1
1/2/2014 7:00,16,10,6
1/2/2014 8:00,27,22,5
1/2/2014 9:00,26,16,10
1/2/2014 10:00,46,28,18
1/2/2014 11:00,43,27,16
1/2/2014 12:00,26,18,8
1/2/2014 13:00,24,19,5
1/2/2014 14:00,18,15,3
1/2/2014 15:00,42,27,15
1/2/2014 16:00,26,16,10
1/2/2014 17:00,53,30,23
1/2/2014 18:00,27,19,8
1/2/2014 19:00,18,10,8
1/2/2014 20:00,14,12,2
1/2/2014 21:00,9,7,2
1/2/2014 22:00,16,12,4
1/2/2014 23:00,3,1,2
1/3/2014 0:00,7,7,0
1/3/2014 1:00,1,0,1
1/3/2014 2:00,0,0,0
1/3/2014 3:00,6,0,6
1/3/2014 4:00,0,0,0
1/3/2014 5:00,4,2,2
1/3/2014 6:00,4,2,2
1/3/2014 7:00,11,8,3
1/3/2014 8:00,27,17,10
1/3/2014 9:00,40,31,9
1/3/2014 10:00,39,25,14
1/3/2014 11:00,40,28,12
1/3/2014 12:00,39,22,17
1/3/2014 13:00,51,25,26
1/3/2014 14:00,42,19,23
1/3/2014 15:00,50,30,20
1/3/2014 16:00,52,26,26
1/3/2014 17:00,45,22,23
1/3/2014 18:00,49,27,22
1/3/2014 19:00,23,16,7
1/3/2014 20:00,16,14,2
1/3/2014 21:00,14,12,2
1/3/2014 22:00,9,7,2
1/3/2014 23:00,8,4,4
1/4/2014 0:00,8,6,2
1/4/2014 1:00,2,1,1
1/4/2014 2:00,4,4,0
1/4/2014 3:00,4,4,0
1/4/2014 4:00,4,4,0
1/4/2014 5:00,1,1,0
1/4/2014 6:00,2,2,0
1/4/2014 7:00,12,8,4
1/4/2014 8:00,13,5,8
1/4/2014 9:00,34,25,9
1/4/2014 10:00,26,14,12
1/4/2014 11:00,62,37,25
1/4/2014 12:00,64,40,24
1/4/2014 13:00,59,33,26
1/4/2014 14:00,77,43,34
1/4/2014 15:00,45,34,11
1/4/2014 16:00,37,23,14
1/4/2014 17:00,19,10,9
1/4/2014 18:00,23,16,7
1/4/2014 19:00,14,8,6
1/4/2014 20:00,12,11,1
1/4/2014 21:00,17,8,9
1/4/2014 22:00,10,7,3
1/4/2014 23:00,6,4,2
1/5/2014 0:00,5,4,1
1/5/2014 1:00,2,2,0
1/5/2014 2:00,3,0,3
1/5/2014 3:00,4,0,4
1/5/2014 4:00,4,2,2
1/5/2014 5:00,2,2,0
1/5/2014 6:00,5,3,2
1/5/2014 7:00,1,0,1
1/5/2014 8:00,12,5,7
1/5/2014 9:00,12,4,8
1/5/2014 10:00,21,12,9
1/5/2014 11:00,73,47,26
1/5/2014 12:00,68,37,31
1/5/2014 13:00,58,16,42
1/5/2014 14:00,69,28,41
1/5/2014 15:00,36,18,18
1/5/2014 16:00,27,20,7
1/5/2014 17:00,20,11,9
1/5/2014 18:00,19,12,7
1/5/2014 19:00,13,9,4
1/5/2014 20:00,9,4,5
1/5/2014 21:00,13,8,5
1/5/2014 22:00,8,6,2
1/5/2014 23:00,4,4,0
1/6/2014 0:00,1,1,0
1/6/2014 1:00,4,3,1
1/6/2014 2:00,0,0,0
1/6/2014 3:00,1,0,1
1/6/2014 4:00,0,0,0
1/6/2014 5:00,0,0,0
1/6/2014 6:00,14,9,5
1/6/2014 7:00,13,9,4
1/6/2014 8:00,25,19,6
1/6/2014 9:00,24,15,9
1/6/2014 10:00,28,16,12
1/6/2014 11:00,34,17,17
1/6/2014 12:00,31,23,8
1/6/2014 13:00,23,10,13
1/6/2014 14:00,42,32,10
1/6/2014 15:00,26,17,9
1/6/2014 16:00,35,24,11
1/6/2014 17:00,50,27,23
1/6/2014 18:00,39,24,15
1/6/2014 19:00,20,13,7
1/6/2014 20:00,6,4,2
1/6/2014 21:00,11,6,5
1/6/2014 22:00,4,4,0
1/6/2014 23:00,1,1,0
1/7/2014 0:00,2,2,0
1/7/2014 1:00,1,0,1
1/7/2014 2:00,2,2,0
1/7/2014 3:00,2,2,0
1/7/2014 4:00,0,0,0
1/7/2014 5:00,5,1,4
1/7/2014 6:00,3,2,1
1/7/2014 7:00,27,20,7
1/7/2014 8:00,29,20,9
1/7/2014 9:00,32,14,18
1/7/2014 10:00,22,18,4
1/7/2014 11:00,13,12,1
1/7/2014 12:00,24,14,10
1/7/2014 13:00,41,24,17
1/7/2014 14:00,23,20,3
1/7/2014 15:00,24,17,7
1/7/2014 16:00,30,16,14
1/7/2014 17:00,35,18,17
1/7/2014 18:00,22,15,7
1/7/2014 19:00,26,12,14
1/7/2014 20:00,12,5,7
1/7/2014 21:00,11,6,5
1/7/2014 22:00,0,0,0
1/7/2014 23:00,1,1,0
1/8/2014 0:00,5,3,2
1/8/2014 1:00,0,0,0
1/8/2014 2:00,0,0,0
1/8/2014 3:00,2,0,2
1/8/2014 4:00,4,4,0
1/8/2014 5:00,4,2,2
1/8/2014 6:00,8,6,2
1/8/2014 7:00,15,10,5
1/8/2014 8:00,34,22,12
1/8/2014 9:00,35,24,11
1/8/2014 10:00,25,20,5
1/8/2014 11:00,19,12,7
1/8/2014 12:00,28,17,11
1/8/2014 13:00,24,17,7
1/8/2014 14:00,25,14,11
1/8/2014 15:00,33,24,9
1/8/2014 16:00,38,26,12
1/8/2014 17:00,44,23,21
1/8/2014 18:00,53,35,18
1/8/2014 19:00,24,21,3
1/8/2014 20:00,16,11,5
1/8/2014 21:00,20,13,7
1/8/2014 22:00,8,7,1
1/8/2014 23:00,8,6,2
1/9/2014 0:00,1,1,0
1/9/2014 1:00,2,0,2
1/9/2014 2:00,0,0,0
1/9/2014 3:00,0,0,0
1/9/2014 4:00,0,0,0
1/9/2014 5:00,0,0,0
1/9/2014 6:00,11,10,1
1/9/2014 7:00,25,21,4
1/9/2014 8:00,40,34,6
1/9/2014 9:00,22,16,6
1/9/2014 10:00,21,15,6
1/9/2014 11:00,14,12,2
1/9/2014 12:00,20,15,5
1/9/2014 13:00,25,16,9
1/9/2014 14:00,24,22,2
1/9/2014 15:00,37,28,9
1/9/2014 16:00,21,15,6
1/9/2014 17:00,28,18,10
1/9/2014 18:00,38,17,21
1/9/2014 19:00,20,15,5
1/9/2014 20:00,9,8,1
1/9/2014 21:00,8,8,0
1/9/2014 22:00,5,5,0
1/9/2014 23:00,1,1,0
1/10/2014 0:00,3,0,3
1/10/2014 1:00,1,0,1
1/10/2014 2:00,2,0,2
1/10/2014 3:00,6,4,2
1/10/2014 4:00,0,0,0
1/10/2014 5:00,0,0,0
1/10/2014 6:00,5,3,2
1/10/2014 7:00,22,19,3
1/10/2014 8:00,29,15,14
1/10/2014 9:00,35,23,12
1/10/2014 10:00,21,11,10
1/10/2014 11:00,16,11,5
1/10/2014 12:00,24,14,10
1/10/2014 13:00,17,12,5
1/10/2014 14:00,39,25,14
1/10/2014 15:00,35,20,15
1/10/2014 16:00,23,13,10
1/10/2014 17:00,35,22,13
1/10/2014 18:00,53,30,23
1/10/2014 19:00,51,25,26
1/10/2014 20:00,19,11,8
1/10/2014 21:00,19,15,4
1/10/2014 22:00,13,6,7
1/10/2014 23:00,11,4,7
1/11/2014 0:00,6,2,4
1/11/2014 1:00,0,0,0
1/11/2014 2:00,3,3,0
1/11/2014 3:00,2,2,0
1/11/2014 4:00,0,0,0
1/11/2014 5:00,3,3,0
1/11/2014 6:00,15,12,3
1/11/2014 7:00,13,8,5
1/11/2014 8:00,17,8,9
1/11/2014 9:00,31,19,12
1/11/2014 10:00,1,1,0
1/11/2014 11:00,28,14,14
1/11/2014 12:00,58,36,22
1/11/2014 13:00,72,43,29
1/11/2014 14:00,51,24,27
1/11/2014 15:00,17,15,2
1/11/2014 16:00,13,12,1
1/11/2014 17:00,37,20,17
1/11/2014 18:00,56,37,19
1/11/2014 19:00,24,19,5
1/11/2014 20:00,32,12,20
1/11/2014 21:00,16,15,1
1/11/2014 22:00,17,16,1
1/11/2014 23:00,5,1,4
1/12/2014 0:00,6,6,0
1/12/2014 1:00,3,2,1
1/12/2014 2:00,4,2,2
1/12/2014 3:00,3,0,3
1/12/2014 4:00,0,0,0
1/12/2014 5:00,2,2,0
1/12/2014 6:00,4,4,0
1/12/2014 7:00,8,8,0
1/12/2014 8:00,6,4,2
1/12/2014 9:00,8,4,4
1/12/2014 10:00,19,10,9
1/12/2014 11:00,28,17,11
1/12/2014 12:00,66,29,37
1/12/2014 13:00,72,42,30
1/12/2014 14:00,78,30,48
1/12/2014 15:00,38,19,19
1/12/2014 16:00,38,31,7
1/12/2014 17:00,39,24,15
1/12/2014 18:00,36,20,16
1/12/2014 19:00,14,8,6
1/12/2014 20:00,11,7,4
1/12/2014 21:00,6,2,4
1/12/2014 22:00,7,5,2
1/12/2014 23:00,7,6,1
1/13/2014 0:00,6,6,0
1/13/2014 1:00,1,0,1
1/13/2014 2:00,5,0,5
1/13/2014 3:00,2,2,0
1/13/2014 4:00,2,2,0
1/13/2014 5:00,0,0,0
1/13/2014 6:00,19,6,13
1/13/2014 7:00,23,18,5
1/13/2014 8:00,22,13,9
1/13/2014 9:00,36,19,17
1/13/2014 10:00,31,18,13
1/13/2014 11:00,27,12,15
1/13/2014 12:00,37,18,19
1/13/2014 13:00,24,12,12
1/13/2014 14:00,28,10,18
1/13/2014 15:00,29,20,9
1/13/2014 16:00,50,30,20
1/13/2014 17:00,29,15,14
1/13/2014 18:00,35,16,19
1/13/2014 19:00,37,19,18
1/13/2014 20:00,22,9,13
1/13/2014 21:00,22,7,15
1/13/2014 22:00,8,2,6
1/13/2014 23:00,3,0,3
1/14/2014 0:00,4,4,0
1/14/2014 1:00,2,2,0
1/14/2014 2:00,0,0,0
1/14/2014 3:00,2,2,0
1/14/2014 4:00,3,2,1
1/14/2014 5:00,3,1,2
1/14/2014 6:00,17,9,8
1/14/2014 7:00,16,10,6
1/14/2014 8:00,39,26,13
1/14/2014 9:00,22,11,11
1/14/2014 10:00,16,10,6
1/14/2014 11:00,15,6,9
1/14/2014 12:00,28,16,12
1/14/2014 13:00,24,16,8
1/14/2014 14:00,17,15,2
1/14/2014 15:00,42,18,24
1/14/2014 16:00,21,7,14
1/14/2014 17:00,43,14,29
1/14/2014 18:00,28,14,14
1/14/2014 19:00,13,8,5
1/14/2014 20:00,13,5,8
1/14/2014 21:00,15,7,8
1/14/2014 22:00,4,2,2
1/14/2014 23:00,4,2,2
1/15/2014 0:00,2,2,0
1/15/2014 1:00,4,4,0
1/15/2014 2:00,0,0,0
1/15/2014 3:00,5,0,5
1/15/2014 4:00,0,0,0
1/15/2014 5:00,4,0,4
1/15/2014 6:00,7,4,3
1/15/2014 7:00,11,7,4
1/15/2014 8:00,23,12,11
1/15/2014 9:00,22,10,12
1/15/2014 10:00,19,8,11
1/15/2014 11:00,37,13,24
1/15/2014 12:00,39,26,13
1/15/2014 13:00,28,11,17
1/15/2014 14:00,22,11,11
1/15/2014 15:00,31,21,10
1/15/2014 16:00,52,25,27
1/15/2014 17:00,46,31,15
1/15/2014 18:00,22,16,6
1/15/2014 19:00,31,15,16
1/15/2014 20:00,12,8,4
1/15/2014 21:00,10,10,0
1/15/2014 22:00,16,9,7
1/15/2014 23:00,21,12,9
1/16/2014 0:00,0,0,0
1/16/2014 1:00,0,0,0
1/16/2014 2:00,3,3,0
1/16/2014 3:00,2,2,0
1/16/2014 4:00,0,0,0
1/16/2014 5:00,2,2,0
1/16/2014 6:00,6,4,2
1/16/2014 7:00,22,13,9
1/16/2014 8:00,18,9,9
1/16/2014 9:00,40,22,18
1/16/2014 10:00,28,16,12
1/16/2014 11:00,36,19,17
1/16/2014 12:00,14,9,5
1/16/2014 13:00,36,21,15
1/16/2014 14:00,20,14,6
1/16/2014 15:00,35,22,13
1/16/2014 16:00,17,11,6
1/16/2014 17:00,38,21,17
1/16/2014 18:00,36,22,14
1/16/2014 19:00,19,16,3
1/16/2014 20:00,11,9,2
1/16/2014 21:00,16,11,5
1/16/2014 22:00,13,12,1
1/16/2014 23:00,9,7,2
1/17/2014 0:00,2,2,0
1/17/2014 1:00,0,0,0
1/17/2014 2:00,5,3,2
1/17/2014 3:00,0,0,0
1/17/2014 4:00,4,4,0
1/17/2014 5:00,0,0,0
1/17/2014 6:00,19,12,7
1/17/2014 7:00,14,11,3
1/17/2014 8:00,29,19,10
1/17/2014 9:00,51,32,19
1/17/2014 10:00,43,18,25
1/17/2014 11:00,35,19,16
1/17/2014 12:00,38,18,20
1/17/2014 13:00,43,26,17
1/17/2014 14:00,20,15,5
1/17/2014 15:00,39,26,13
1/17/2014 16:00,40,27,13
1/17/2014 17:00,27,22,5
1/17/2014 18:00,62,31,31
1/17/2014 19:00,51,33,18
1/17/2014 20:00,15,9,6
1/17/2014 21:00,14,11,3
1/17/2014 22:00,5,4,1
1/17/2014 23:00,13,4,9
1/18/2014 0:00,6,6,0
1/18/2014 1:00,4,4,0
1/18/2014 2:00,4,2,2
1/18/2014 3:00,4,2,2
1/18/2014 4:00,2,0,2
1/18/2014 5:00,6,4,2
1/18/2014 6:00,0,0,0
1/18/2014 7:00,7,6,1
1/18/2014 8:00,13,8,5
1/18/2014 9:00,29,20,9
1/18/2014 10:00,45,25,20
1/18/2014 11:00,36,24,12
1/18/2014 12:00,41,19,22
1/18/2014 13:00,56,39,17
1/18/2014 14:00,37,23,14
1/18/2014 15:00,48,21,27
1/18/2014 16:00,43,21,22
1/18/2014 17:00,29,22,7
1/18/2014 18:00,21,17,4
1/18/2014 19:00,53,28,25
1/18/2014 20:00,20,16,4
1/18/2014 21:00,3,1,2
1/18/2014 22:00,11,8,3
1/18/2014 23:00,4,3,1
1/19/2014 0:00,4,2,2
1/19/2014 1:00,3,3,0
1/19/2014 2:00,4,4,0
1/19/2014 3:00,3,0,3
1/19/2014 4:00,3,0,3
1/19/2014 5:00,4,2,2
1/19/2014 6:00,2,2,0
1/19/2014 7:00,7,4,3
1/19/2014 8:00,8,3,5
1/19/2014 9:00,24,6,18
1/19/2014 10:00,44,23,21
1/19/2014 11:00,55,33,22
1/19/2014 12:00,44,22,22
1/19/2014 13:00,62,33,29
1/19/2014 14:00,27,13,14
1/19/2014 15:00,18,7,11
1/19/2014 16:00,8,2,6
1/19/2014 17:00,14,12,2
1/19/2014 18:00,2,2,0
1/19/2014 19:00,25,14,11
1/19/2014 20:00,12,9,3
1/19/2014 21:00,6,4,2
1/19/2014 22:00,10,10,0
1/19/2014 23:00,6,6,0
1/20/2014 0:00,3,2,1
1/20/2014 1:00,1,1,0
1/20/2014 2:00,0,0,0
1/20/2014 3:00,4,4,0
1/20/2014 4:00,0,0,0
1/20/2014 5:00,1,0,1
1/20/2014 6:00,10,4,6
1/20/2014 7:00,5,5,0
1/20/2014 8:00,26,15,11
1/20/2014 9:00,32,25,7
1/20/2014 10:00,31,10,21
1/20/2014 11:00,17,14,3
1/20/2014 12:00,30,22,8
1/20/2014 13:00,39,20,19
1/20/2014 14:00,45,23,22
1/20/2014 15:00,35,23,12
1/20/2014 16:00,25,16,9
1/20/2014 17:00,20,15,5
1/20/2014 18:00,37,22,15
1/20/2014 19:00,15,12,3
1/20/2014 20:00,21,15,6
1/20/2014 21:00,4,3,1
1/20/2014 22:00,2,2,0
1/20/2014 23:00,4,4,0
1/21/2014 0:00,2,2,0
1/21/2014 1:00,0,0,0
1/21/2014 2:00,0,0,0
1/21/2014 3:00,2,2,0
1/21/2014 4:00,0,0,0
1/21/2014 5:00,4,4,0
1/21/2014 6:00,11,5,6
1/21/2014 7:00,23,22,1
1/21/2014 8:00,27,15,12
1/21/2014 9:00,23,14,9
1/21/2014 10:00,16,11,5
1/21/2014 11:00,40,22,18
1/21/2014 12:00,26,9,17
1/21/2014 13:00,31,20,11
1/21/2014 14:00,39,20,19
1/21/2014 15:00,26,9,17
1/21/2014 16:00,41,28,13
1/21/2014 17:00,28,11,17
1/21/2014 18:00,27,20,7
1/21/2014 19:00,21,13,8
1/21/2014 20:00,8,6,2
1/21/2014 21:00,8,6,2
1/21/2014 22:00,2,2,0
1/21/2014 23:00,2,2,0
1/22/2014 0:00,2,0,2
1/22/2014 1:00,6,0,6
1/22/2014 2:00,1,0,1
1/22/2014 3:00,0,0,0
1/22/2014 4:00,0,0,0
1/22/2014 5:00,1,1,0
1/22/2014 6:00,15,11,4
1/22/2014 7:00,19,15,4
1/22/2014 8:00,26,17,9
1/22/2014 9:00,29,22,7
1/22/2014 10:00,27,13,14
1/22/2014 11:00,27,15,12
1/22/2014 12:00,41,23,18
1/22/2014 13:00,25,10,15
1/22/2014 14:00,22,12,10
1/22/2014 15:00,30,8,22
1/22/2014 16:00,30,16,14
1/22/2014 17:00,37,12,25
1/22/2014 18:00,37,17,20
1/22/2014 19:00,28,13,15
1/22/2014 20:00,32,20,12
1/22/2014 21:00,12,9,3
1/22/2014 22:00,11,6,5
1/22/2014 23:00,5,3,2
1/23/2014 0:00,2,2,0
1/23/2014 1:00,2,1,1
1/23/2014 2:00,2,2,0
1/23/2014 3:00,2,0,2
1/23/2014 4:00,0,0,0
1/23/2014 5:00,0,0,0
1/23/2014 6:00,5,4,1
1/23/2014 7:00,26,19,7
1/23/2014 8:00,38,20,18
1/23/2014 9:00,19,7,12
1/23/2014 10:00,21,7,14
1/23/2014 11:00,25,12,13
1/23/2014 12:00,20,4,16
1/23/2014 13:00,35,21,14
1/23/2014 14:00,29,10,19
1/23/2014 15:00,33,13,20
1/23/2014 16:00,24,10,14
1/23/2014 17:00,35,22,13
1/23/2014 18:00,42,25,17
1/23/2014 19:00,36,21,15
1/23/2014 20:00,15,9,6
1/23/2014 21:00,8,6,2
1/23/2014 22:00,6,6,0
1/23/2014 23:00,7,6,1
1/24/2014 0:00,0,0,0
1/24/2014 1:00,4,2,2
1/24/2014 2:00,2,2,0
1/24/2014 3:00,3,2,1
1/24/2014 4:00,0,0,0
1/24/2014 5:00,2,2,0
1/24/2014 6:00,8,5,3
1/24/2014 7:00,23,14,9
1/24/2014 8:00,18,12,6
1/24/2014 9:00,33,22,11
1/24/2014 10:00,25,8,17
1/24/2014 11:00,39,24,15
1/24/2014 12:00,44,26,18
1/24/2014 13:00,47,25,22
1/24/2014 14:00,25,14,11
1/24/2014 15:00,32,18,14
1/24/2014 16:00,58,30,28
1/24/2014 17:00,45,30,15
1/24/2014 18:00,41,32,9
1/24/2014 19:00,36,24,12
1/24/2014 20:00,23,21,2
1/24/2014 21:00,13,7,6
1/24/2014 22:00,13,8,5
1/24/2014 23:00,7,4,3
1/25/2014 0:00,9,5,4
1/25/2014 1:00,2,0,2
1/25/2014 2:00,3,0,3
1/25/2014 3:00,0,0,0
1/25/2014 4:00,1,1,0
1/25/2014 5:00,0,0,0
1/25/2014 6:00,3,2,1
1/25/2014 7:00,7,7,0
1/25/2014 8:00,18,10,8
1/25/2014 9:00,26,19,7
1/25/2014 10:00,33,7,26
1/25/2014 11:00,68,34,34
1/25/2014 12:00,81,46,35
1/25/2014 13:00,82,39,43
1/25/2014 14:00,101,61,40
1/25/2014 15:00,52,32,20
1/25/2014 16:00,59,34,25
1/25/2014 17:00,36,26,10
1/25/2014 18:00,59,44,15
1/25/2014 19:00,45,27,18
1/25/2014 20:00,18,10,8
1/25/2014 21:00,15,6,9
1/25/2014 22:00,24,13,11
1/25/2014 23:00,18,14,4
1/26/2014 0:00,6,6,0
1/26/2014 1:00,4,1,3
1/26/2014 2:00,0,0,0
1/26/2014 3:00,1,0,1
1/26/2014 4:00,0,0,0
1/26/2014 5:00,6,6,0
1/26/2014 6:00,1,0,1
1/26/2014 7:00,2,2,0
1/26/2014 8:00,6,5,1
1/26/2014 9:00,18,11,7
1/26/2014 10:00,54,30,24
1/26/2014 11:00,47,23,24
1/26/2014 12:00,71,45,26
1/26/2014 13:00,54,29,25
1/26/2014 14:00,59,45,14
1/26/2014 15:00,40,23,17
1/26/2014 16:00,57,43,14
1/26/2014 17:00,38,24,14
1/26/2014 18:00,27,18,9
1/26/2014 19:00,12,11,1
1/26/2014 20:00,15,10,5
1/26/2014 21:00,12,9,3
1/26/2014 22:00,8,4,4
1/26/2014 23:00,3,1,2
1/27/2014 0:00,1,1,0
1/27/2014 1:00,4,2,2
1/27/2014 2:00,2,2,0
1/27/2014 3:00,2,2,0
1/27/2014 4:00,0,0,0
1/27/2014 5:00,3,2,1
1/27/2014 6:00,10,9,1
1/27/2014 7:00,27,17,10
1/27/2014 8:00,27,14,13
1/27/2014 9:00,24,7,17
1/27/2014 10:00,13,7,6
1/27/2014 11:00,20,6,14
1/27/2014 12:00,16,7,9
1/27/2014 13:00,24,14,10
1/27/2014 14:00,35,16,19
1/27/2014 15:00,33,16,17
1/27/2014 16:00,22,8,14
1/27/2014 17:00,22,10,12
1/27/2014 18:00,18,8,10
1/27/2014 19:00,23,10,13
1/27/2014 20:00,12,6,6
1/27/2014 21:00,9,5,4
1/27/2014 22:00,11,8,3
1/27/2014 23:00,8,5,3
1/28/2014 0:00,6,4,2
1/28/2014 1:00,0,0,0
1/28/2014 2:00,2,2,0
1/28/2014 3:00,0,0,0
1/28/2014 4:00,0,0,0
1/28/2014 5:00,6,0,6
1/28/2014 6:00,15,8,7
1/28/2014 7:00,24,18,6
1/28/2014 8:00,29,17,12
1/28/2014 9:00,40,19,21
1/28/2014 10:00,14,6,8
1/28/2014 11:00,14,13,1
1/28/2014 12:00,34,22,12
1/28/2014 13:00,50,33,17
1/28/2014 14:00,29,15,14
1/28/2014 15:00,17,10,7
1/28/2014 16:00,40,19,21
1/28/2014 17:00,26,14,12
1/28/2014 18:00,34,13,21
1/28/2014 19:00,15,6,9
1/28/2014 20:00,4,2,2
1/28/2014 21:00,18,8,10
1/28/2014 22:00,18,5,13
1/28/2014 23:00,0,0,0
1/29/2014 0:00,3,0,3
1/29/2014 1:00,2,0,2
1/29/2014 2:00,2,0,2
1/29/2014 3:00,2,0,2
1/29/2014 4:00,0,0,0
1/29/2014 5:00,7,4,3
1/29/2014 6:00,15,12,3
1/29/2014 7:00,21,13,8
1/29/2014 8:00,14,7,7
1/29/2014 9:00,26,10,16
1/29/2014 10:00,17,10,7
1/29/2014 11:00,23,5,18
1/29/2014 12:00,19,6,13
1/29/2014 13:00,12,8,4
1/29/2014 14:00,29,12,17
1/29/2014 15:00,18,10,8
1/29/2014 16:00,34,18,16
1/29/2014 17:00,30,12,18
1/29/2014 18:00,23,6,17
1/29/2014 19:00,22,10,12
1/29/2014 20:00,20,9,11
1/29/2014 21:00,9,6,3
1/29/2014 22:00,8,0,8
1/29/2014 23:00,6,3,3
1/30/2014 0:00,5,3,2
1/30/2014 1:00,0,0,0
1/30/2014 2:00,1,0,1
1/30/2014 3:00,1,0,1
1/30/2014 4:00,2,0,2
1/30/2014 5:00,2,0,2
1/30/2014 6:00,14,8,6
1/30/2014 7:00,17,10,7
1/30/2014 8:00,24,14,10
1/30/2014 9:00,39,25,14
1/30/2014 10:00,21,10,11
1/30/2014 11:00,18,13,5
1/30/2014 12:00,15,4,11
1/30/2014 13:00,13,9,4
1/30/2014 14:00,27,9,18
1/30/2014 15:00,26,15,11
1/30/2014 16:00,16,9,7
1/30/2014 17:00,27,17,10
1/30/2014 18:00,33,17,16
1/30/2014 19:00,34,21,13
1/30/2014 20:00,24,12,12
1/30/2014 21:00,6,3,3
1/30/2014 22:00,14,10,4
1/30/2014 23:00,3,2,1
1/31/2014 0:00,9,4,5
1/31/2014 1:00,2,0,2
1/31/2014 2:00,8,0,8
1/31/2014 3:00,2,0,2
1/31/2014 4:00,0,0,0
1/31/2014 5:00,0,0,0
1/31/2014 6:00,18,12,6
1/31/2014 7:00,20,9,11
1/31/2014 8:00,27,17,10
1/31/2014 9:00,22,13,9
1/31/2014 10:00,36,14,22
1/31/2014 11:00,44,20,24
1/31/2014 12:00,42,26,16
1/31/2014 13:00,34,22,12
1/31/2014 14:00,53,23,30
1/31/2014 15:00,29,15,14
1/31/2014 16:00,41,23,18
1/31/2014 17:00,49,19,30
1/31/2014 18:00,30,15,15
1/31/2014 19:00,41,12,29
1/31/2014 20:00,25,10,15
1/31/2014 21:00,12,6,6
1/31/2014 22:00,15,6,9
1/31/2014 23:00,18,12,6
2/1/2014 0:00,2,2,0
2/1/2014 1:00,0,0,0
2/1/2014 2:00,1,1,0
2/1/2014 3:00,0,0,0
2/1/2014 4:00,4,1,3
2/1/2014 5:00,0,0,0
2/1/2014 6:00,1,1,0
2/1/2014 7:00,2,2,0
2/1/2014 8:00,11,4,7
2/1/2014 9:00,23,13,10
2/1/2014 10:00,30,20,10
2/1/2014 11:00,43,15,28
2/1/2014 12:00,55,20,35
2/1/2014 13:00,79,40,39
2/1/2014 14:00,64,28,36
2/1/2014 15:00,32,20,12
2/1/2014 16:00,47,24,23
2/1/2014 17:00,33,15,18
2/1/2014 18:00,30,14,16
2/1/2014 19:00,28,12,16
2/1/2014 20:00,19,16,3
2/1/2014 21:00,24,16,8
2/1/2014 22:00,15,1,14
2/1/2014 23:00,5,2,3
2/2/2014 0:00,6,3,3
2/2/2014 1:00,6,6,0
2/2/2014 2:00,0,0,0
2/2/2014 3:00,4,2,2
2/2/2014 4:00,4,2,2
2/2/2014 5:00,3,0,3
2/2/2014 6:00,2,2,0
2/2/2014 7:00,5,4,1
2/2/2014 8:00,11,8,3
2/2/2014 9:00,10,8,2
2/2/2014 10:00,36,16,20
2/2/2014 11:00,44,23,21
2/2/2014 12:00,30,12,18
2/2/2014 13:00,42,21,21
2/2/2014 14:00,74,37,37
2/2/2014 15:00,25,17,8
2/2/2014 16:00,14,4,10
2/2/2014 17:00,10,8,2
2/2/2014 18:00,4,4,0
2/2/2014 19:00,20,13,7
2/2/2014 20:00,24,14,10
2/2/2014 21:00,22,12,10
2/2/2014 22:00,6,2,4
2/2/2014 23:00,7,3,4
2/3/2014 0:00,6,4,2
2/3/2014 1:00,2,0,2
2/3/2014 2:00,0,0,0
2/3/2014 3:00,0,0,0
2/3/2014 4:00,2,2,0
2/3/2014 5:00,2,1,1
2/3/2014 6:00,15,6,9
2/3/2014 7:00,21,17,4
2/3/2014 8:00,30,13,17
2/3/2014 9:00,30,13,17
2/3/2014 10:00,33,14,19
2/3/2014 11:00,17,10,7
2/3/2014 12:00,36,19,17
2/3/2014 13:00,35,17,18
2/3/2014 14:00,21,7,14
2/3/2014 15:00,35,13,22
2/3/2014 16:00,37,22,15
2/3/2014 17:00,30,13,17
2/3/2014 18:00,36,17,19
2/3/2014 19:00,14,2,12
2/3/2014 20:00,10,5,5
2/3/2014 21:00,11,7,4
2/3/2014 22:00,4,4,0
2/3/2014 23:00,2,2,0
2/4/2014 0:00,3,3,0
2/4/2014 1:00,0,0,0
2/4/2014 2:00,2,2,0
2/4/2014 3:00,0,0,0
2/4/2014 4:00,0,0,0
2/4/2014 5:00,2,0,2
2/4/2014 6:00,13,6,7
2/4/2014 7:00,23,16,7
2/4/2014 8:00,25,14,11
2/4/2014 9:00,43,23,20
2/4/2014 10:00,41,18,23
2/4/2014 11:00,37,16,21
2/4/2014 12:00,23,15,8
2/4/2014 13:00,28,18,10
2/4/2014 14:00,27,17,10
2/4/2014 15:00,34,18,16
2/4/2014 16:00,46,30,16
2/4/2014 17:00,75,29,46
2/4/2014 18:00,36,12,24
2/4/2014 19:00,29,15,14
2/4/2014 20:00,17,10,7
2/4/2014 21:00,10,4,6
2/4/2014 22:00,6,4,2
2/4/2014 23:00,4,0,4
2/5/2014 0:00,6,6,0
2/5/2014 1:00,0,0,0
2/5/2014 2:00,6,0,6
2/5/2014 3:00,4,0,4
2/5/2014 4:00,0,0,0
2/5/2014 5:00,0,0,0
2/5/2014 6:00,12,9,3
2/5/2014 7:00,34,25,9
2/5/2014 8:00,45,20,25
2/5/2014 9:00,48,24,24
2/5/2014 10:00,24,14,10
2/5/2014 11:00,25,9,16
2/5/2014 12:00,22,11,11
2/5/2014 13:00,29,21,8
2/5/2014 14:00,42,20,22
2/5/2014 15:00,28,9,19
2/5/2014 16:00,50,22,28
2/5/2014 17:00,30,23,7
2/5/2014 18:00,47,14,33
2/5/2014 19:00,15,8,7
2/5/2014 20:00,15,11,4
2/5/2014 21:00,9,6,3
2/5/2014 22:00,5,5,0
2/5/2014 23:00,3,2,1
2/6/2014 0:00,5,4,1
2/6/2014 1:00,2,2,0
2/6/2014 2:00,2,0,2
2/6/2014 3:00,0,0,0
2/6/2014 4:00,0,0,0
2/6/2014 5:00,9,4,5
2/6/2014 6:00,7,1,6
2/6/2014 7:00,28,17,11
2/6/2014 8:00,50,27,23
2/6/2014 9:00,43,6,37
2/6/2014 10:00,27,10,17
2/6/2014 11:00,50,14,36
2/6/2014 12:00,35,9,26
2/6/2014 13:00,39,16,23
2/6/2014 14:00,38,17,21
2/6/2014 15:00,30,7,23
2/6/2014 16:00,21,9,12
2/6/2014 17:00,43,13,30
2/6/2014 18:00,25,6,19
2/6/2014 19:00,21,6,15
2/6/2014 20:00,14,7,7
2/6/2014 21:00,15,7,8
2/6/2014 22:00,6,4,2
2/6/2014 23:00,5,4,1
2/7/2014 0:00,2,2,0
2/7/2014 1:00,6,6,0
2/7/2014 2:00,1,1,0
2/7/2014 3:00,2,0,2
2/7/2014 4:00,0,0,0
2/7/2014 5:00,3,0,3
2/7/2014 6:00,16,11,5
2/7/2014 7:00,58,35,23
2/7/2014 8:00,21,14,7
2/7/2014 9:00,51,38,13
2/7/2014 10:00,32,23,9
2/7/2014 11:00,52,30,22
2/7/2014 12:00,62,23,39
2/7/2014 13:00,57,27,30
2/7/2014 14:00,50,32,18
2/7/2014 15:00,40,21,19
2/7/2014 16:00,40,16,24
2/7/2014 17:00,55,21,34
2/7/2014 18:00,42,12,30
2/7/2014 19:00,71,34,37
2/7/2014 20:00,23,18,5
2/7/2014 21:00,10,2,8
2/7/2014 22:00,4,4,0
2/7/2014 23:00,15,9,6
2/8/2014 0:00,4,3,1
2/8/2014 1:00,0,0,0
2/8/2014 2:00,0,0,0
2/8/2014 3:00,2,0,2
2/8/2014 4:00,8,2,6
2/8/2014 5:00,5,4,1
2/8/2014 6:00,4,4,0
2/8/2014 7:00,9,3,6
2/8/2014 8:00,12,3,9
2/8/2014 9:00,27,13,14
2/8/2014 10:00,53,27,26
2/8/2014 11:00,75,25,50
2/8/2014 12:00,81,48,33
2/8/2014 13:00,93,59,34
2/8/2014 14:00,63,26,37
2/8/2014 15:00,59,38,21
2/8/2014 16:00,59,24,35
2/8/2014 17:00,61,37,24
2/8/2014 18:00,31,13,18
2/8/2014 19:00,41,18,23
2/8/2014 20:00,16,6,10
2/8/2014 21:00,5,2,3
2/8/2014 22:00,7,3,4
2/8/2014 23:00,2,2,0
2/9/2014 0:00,4,2,2
2/9/2014 1:00,2,2,0
2/9/2014 2:00,0,0,0
2/9/2014 3:00,2,0,2
2/9/2014 4:00,4,2,2
2/9/2014 5:00,0,0,0
2/9/2014 6:00,0,0,0
2/9/2014 7:00,0,0,0
2/9/2014 8:00,5,1,4
2/9/2014 9:00,7,2,5
2/9/2014 10:00,9,3,6
2/9/2014 11:00,14,4,10
2/9/2014 12:00,37,20,17
2/9/2014 13:00,50,18,32
2/9/2014 14:00,33,12,21
2/9/2014 15:00,20,9,11
2/9/2014 16:00,25,11,14
2/9/2014 17:00,20,6,14
2/9/2014 18:00,22,12,10
2/9/2014 19:00,9,5,4
2/9/2014 20:00,3,3,0
2/9/2014 21:00,21,14,7
2/9/2014 22:00,4,3,1
2/9/2014 23:00,7,5,2
2/10/2014 0:00,4,2,2
2/10/2014 1:00,3,0,3
2/10/2014 2:00,0,0,0
2/10/2014 3:00,0,0,0
2/10/2014 4:00,2,2,0
2/10/2014 5:00,5,3,2
2/10/2014 6:00,10,5,5
2/10/2014 7:00,21,15,6
2/10/2014 8:00,41,21,20
2/10/2014 9:00,40,12,28
2/10/2014 10:00,36,10,26
2/10/2014 11:00,43,16,27
2/10/2014 12:00,45,21,24
2/10/2014 13:00,47,18,29
2/10/2014 14:00,49,26,23
2/10/2014 15:00,44,13,31
2/10/2014 16:00,62,24,38
2/10/2014 17:00,55,21,34
2/10/2014 18:00,51,23,28
2/10/2014 19:00,44,17,27
2/10/2014 20:00,19,9,10
2/10/2014 21:00,9,5,4
2/10/2014 22:00,2,1,1
2/10/2014 23:00,0,0,0
2/11/2014 0:00,6,5,1
2/11/2014 1:00,2,0,2
2/11/2014 2:00,0,0,0
2/11/2014 3:00,0,0,0
2/11/2014 4:00,1,1,0
2/11/2014 5:00,6,1,5
2/11/2014 6:00,18,12,6
2/11/2014 7:00,23,9,14
2/11/2014 8:00,26,4,22
2/11/2014 9:00,31,15,16
2/11/2014 10:00,34,17,17
2/11/2014 11:00,53,23,30
2/11/2014 12:00,50,24,26
2/11/2014 13:00,33,20,13
2/11/2014 14:00,27,10,17
2/11/2014 15:00,51,19,32
2/11/2014 16:00,36,19,17
2/11/2014 17:00,39,17,22
2/11/2014 18:00,47,17,30
2/11/2014 19:00,25,12,13
2/11/2014 20:00,42,7,35
2/11/2014 21:00,18,10,8
2/11/2014 22:00,14,7,7
2/11/2014 23:00,9,6,3
2/12/2014 0:00,4,2,2
2/12/2014 1:00,4,0,4
2/12/2014 2:00,2,0,2
2/12/2014 3:00,2,0,2
2/12/2014 4:00,0,0,0
2/12/2014 5:00,4,2,2
2/12/2014 6:00,15,5,10
2/12/2014 7:00,20,9,11
2/12/2014 8:00,47,25,22
2/12/2014 9:00,41,23,18
2/12/2014 10:00,20,3,17
2/12/2014 11:00,36,13,23
2/12/2014 12:00,38,9,29
2/12/2014 13:00,33,10,23
2/12/2014 14:00,39,23,16
2/12/2014 15:00,36,22,14
2/12/2014 16:00,44,31,13
2/12/2014 17:00,39,13,26
2/12/2014 18:00,41,20,21
2/12/2014 19:00,32,19,13
2/12/2014 20:00,14,11,3
2/12/2014 21:00,19,11,8
2/12/2014 22:00,10,7,3
2/12/2014 23:00,3,2,1
2/13/2014 0:00,7,4,3
2/13/2014 1:00,5,2,3
2/13/2014 2:00,6,2,4
2/13/2014 3:00,1,0,1
2/13/2014 4:00,0,0,0
2/13/2014 5:00,2,0,2
2/13/2014 6:00,5,4,1
2/13/2014 7:00,32,18,14
2/13/2014 8:00,32,18,14
2/13/2014 9:00,38,16,22
2/13/2014 10:00,16,8,8
2/13/2014 11:00,44,24,20
2/13/2014 12:00,46,20,26
2/13/2014 13:00,41,23,18
2/13/2014 14:00,40,21,19
2/13/2014 15:00,40,20,20
2/13/2014 16:00,43,15,28
2/13/2014 17:00,67,26,41
2/13/2014 18:00,53,24,29
2/13/2014 19:00,33,15,18
2/13/2014 20:00,19,7,12
2/13/2014 21:00,8,5,3
2/13/2014 22:00,9,6,3
2/13/2014 23:00,5,3,2
2/14/2014 0:00,9,4,5
2/14/2014 1:00,2,1,1
2/14/2014 2:00,6,0,6
2/14/2014 3:00,1,0,1
2/14/2014 4:00,0,0,0
2/14/2014 5:00,8,6,2
2/14/2014 6:00,12,2,10
2/14/2014 7:00,35,24,11
2/14/2014 8:00,40,21,19
2/14/2014 9:00,56,28,28
2/14/2014 10:00,39,24,15
2/14/2014 11:00,37,26,11
2/14/2014 12:00,51,25,26
2/14/2014 13:00,42,21,21
2/14/2014 14:00,45,32,13
2/14/2014 15:00,43,19,24
2/14/2014 16:00,26,10,16
2/14/2014 17:00,67,27,40
2/14/2014 18:00,54,25,29
2/14/2014 19:00,35,19,16
2/14/2014 20:00,17,8,9
2/14/2014 21:00,19,5,14
2/14/2014 22:00,5,0,5
2/14/2014 23:00,7,3,4
2/15/2014 0:00,6,2,4
2/15/2014 1:00,4,2,2
2/15/2014 2:00,0,0,0
2/15/2014 3:00,6,0,6
2/15/2014 4:00,1,0,1
2/15/2014 5:00,1,0,1
2/15/2014 6:00,8,4,4
2/15/2014 7:00,3,1,2
2/15/2014 8:00,21,11,10
2/15/2014 9:00,49,28,21
2/15/2014 10:00,44,14,30
2/15/2014 11:00,47,17,30
2/15/2014 12:00,59,27,32
2/15/2014 13:00,51,18,33
2/15/2014 14:00,59,29,30
2/15/2014 15:00,45,24,21
2/15/2014 16:00,44,17,27
2/15/2014 17:00,41,16,25
2/15/2014 18:00,54,29,25
2/15/2014 19:00,28,21,7
2/15/2014 20:00,20,10,10
2/15/2014 21:00,8,2,6
2/15/2014 22:00,7,4,3
2/15/2014 23:00,5,2,3
2/16/2014 0:00,5,2,3
2/16/2014 1:00,3,3,0
2/16/2014 2:00,1,0,1
2/16/2014 3:00,0,0,0
2/16/2014 4:00,5,2,3
2/16/2014 5:00,0,0,0
2/16/2014 6:00,0,0,0
2/16/2014 7:00,2,2,0
2/16/2014 8:00,2,2,0
2/16/2014 9:00,14,6,8
2/16/2014 10:00,31,13,18
2/16/2014 11:00,45,21,24
2/16/2014 12:00,46,18,28
2/16/2014 13:00,29,1,28
2/16/2014 14:00,29,6,23
2/16/2014 15:00,57,29,28
2/16/2014 16:00,23,12,11
2/16/2014 17:00,29,16,13
2/16/2014 18:00,23,17,6
2/16/2014 19:00,12,1,11
2/16/2014 20:00,22,9,13
2/16/2014 21:00,17,8,9
2/16/2014 22:00,3,2,1
2/16/2014 23:00,7,5,2
2/17/2014 0:00,6,0,6
2/17/2014 1:00,1,0,1
2/17/2014 2:00,1,0,1
2/17/2014 3:00,0,0,0
2/17/2014 4:00,0,0,0
2/17/2014 5:00,2,0,2
2/17/2014 6:00,2,0,2
2/17/2014 7:00,21,8,13
2/17/2014 8:00,22,8,14
2/17/2014 9:00,28,7,21
2/17/2014 10:00,27,16,11
2/17/2014 11:00,34,20,14
2/17/2014 12:00,36,12,24
2/17/2014 13:00,58,24,34
2/17/2014 14:00,55,28,27
2/17/2014 15:00,40,16,24
2/17/2014 16:00,34,23,11
2/17/2014 17:00,31,18,13
2/17/2014 18:00,21,14,7
2/17/2014 19:00,14,3,11
2/17/2014 20:00,19,10,9
2/17/2014 21:00,13,11,2
2/17/2014 22:00,17,12,5
2/17/2014 23:00,3,3,0
2/18/2014 0:00,2,2,0
2/18/2014 1:00,0,0,0
2/18/2014 2:00,2,0,2
2/18/2014 3:00,0,0,0
2/18/2014 4:00,0,0,0
2/18/2014 5:00,4,0,4
2/18/2014 6:00,15,9,6
2/18/2014 7:00,24,12,12
2/18/2014 8:00,19,10,9
2/18/2014 9:00,33,14,19
2/18/2014 10:00,45,19,26
2/18/2014 11:00,37,12,25
2/18/2014 12:00,30,22,8
2/18/2014 13:00,38,27,11
2/18/2014 14:00,30,18,12
2/18/2014 15:00,35,19,16
2/18/2014 16:00,64,29,35
2/18/2014 17:00,47,19,28
2/18/2014 18:00,33,16,17
2/18/2014 19:00,33,5,28
2/18/2014 20:00,24,12,12
2/18/2014 21:00,12,10,2
2/18/2014 22:00,6,5,1
2/18/2014 23:00,4,0,4
2/19/2014 0:00,2,0,2
2/19/2014 1:00,6,2,4
2/19/2014 2:00,2,0,2
2/19/2014 3:00,2,2,0
2/19/2014 4:00,0,0,0
2/19/2014 5:00,4,0,4
2/19/2014 6:00,11,5,6
2/19/2014 7:00,21,15,6
2/19/2014 8:00,46,22,24
2/19/2014 9:00,33,14,19
2/19/2014 10:00,47,27,20
2/19/2014 11:00,50,22,28
2/19/2014 12:00,30,10,20
2/19/2014 13:00,43,16,27
2/19/2014 14:00,39,24,15
2/19/2014 15:00,28,17,11
2/19/2014 16:00,17,8,9
2/19/2014 17:00,36,18,18
2/19/2014 18:00,44,25,19
2/19/2014 19:00,26,18,8
2/19/2014 20:00,16,13,3
2/19/2014 21:00,14,12,2
2/19/2014 22:00,8,3,5
2/19/2014 23:00,12,4,8
2/20/2014 0:00,3,0,3
2/20/2014 1:00,0,0,0
2/20/2014 2:00,1,0,1
2/20/2014 3:00,0,0,0
2/20/2014 4:00,0,0,0
2/20/2014 5:00,2,2,0
2/20/2014 6:00,8,4,4
2/20/2014 7:00,28,16,12
2/20/2014 8:00,29,18,11
2/20/2014 9:00,30,15,15
2/20/2014 10:00,27,18,9
2/20/2014 11:00,42,20,22
2/20/2014 12:00,50,26,24
2/20/2014 13:00,36,21,15
2/20/2014 14:00,49,33,16
2/20/2014 15:00,27,10,17
2/20/2014 16:00,21,13,8
2/20/2014 17:00,55,25,30
2/20/2014 18:00,25,12,13
2/20/2014 19:00,38,21,17
2/20/2014 20:00,31,20,11
2/20/2014 21:00,12,11,1
2/20/2014 22:00,11,5,6
2/20/2014 23:00,6,6,0
2/21/2014 0:00,1,0,1
2/21/2014 1:00,7,4,3
2/21/2014 2:00,2,0,2
2/21/2014 3:00,2,2,0
2/21/2014 4:00,0,0,0
2/21/2014 5:00,3,0,3
2/21/2014 6:00,13,6,7
2/21/2014 7:00,39,22,17
2/21/2014 8:00,17,10,7
2/21/2014 9:00,33,15,18
2/21/2014 10:00,19,13,6
2/21/2014 11:00,24,9,15
2/21/2014 12:00,46,24,22
2/21/2014 13:00,45,27,18
2/21/2014 14:00,33,16,17
2/21/2014 15:00,48,25,23
2/21/2014 16:00,26,5,21
2/21/2014 17:00,41,27,14
2/21/2014 18:00,40,24,16
2/21/2014 19:00,23,14,9
2/21/2014 20:00,37,17,20
2/21/2014 21:00,22,13,9
2/21/2014 22:00,8,1,7
2/21/2014 23:00,14,4,10
2/22/2014 0:00,7,5,2
2/22/2014 1:00,8,1,7
2/22/2014 2:00,4,2,2
2/22/2014 3:00,4,2,2
2/22/2014 4:00,2,0,2
2/22/2014 5:00,3,2,1
2/22/2014 6:00,4,2,2
2/22/2014 7:00,9,4,5
2/22/2014 8:00,16,4,12
2/22/2014 9:00,38,19,19
2/22/2014 10:00,42,17,25
2/22/2014 11:00,57,22,35
2/22/2014 12:00,68,30,38
2/22/2014 13:00,53,26,27
2/22/2014 14:00,104,44,60
2/22/2014 15:00,61,22,39
2/22/2014 16:00,42,17,25
2/22/2014 17:00,78,37,41
2/22/2014 18:00,48,27,21
2/22/2014 19:00,43,25,18
2/22/2014 20:00,39,13,26
2/22/2014 21:00,20,10,10
2/22/2014 22:00,14,6,8
2/22/2014 23:00,5,0,5
2/23/2014 0:00,14,7,7
2/23/2014 1:00,9,2,7
2/23/2014 2:00,2,0,2
2/23/2014 3:00,1,0,1
2/23/2014 4:00,4,0,4
2/23/2014 5:00,0,0,0
2/23/2014 6:00,3,2,1
2/23/2014 7:00,5,0,5
2/23/2014 8:00,23,15,8
2/23/2014 9:00,10,4,6
2/23/2014 10:00,45,29,16
2/23/2014 11:00,68,31,37
2/23/2014 12:00,61,28,33
2/23/2014 13:00,66,38,28
2/23/2014 14:00,65,38,27
2/23/2014 15:00,44,23,21
2/23/2014 16:00,36,14,22
2/23/2014 17:00,48,18,30
2/23/2014 18:00,33,17,16
2/23/2014 19:00,25,11,14
2/23/2014 20:00,18,14,4
2/23/2014 21:00,17,11,6
2/23/2014 22:00,10,4,6
2/23/2014 23:00,4,2,2
2/24/2014 0:00,1,1,0
2/24/2014 1:00,7,1,6
2/24/2014 2:00,0,0,0
2/24/2014 3:00,0,0,0
2/24/2014 4:00,0,0,0
2/24/2014 5:00,9,2,7
2/24/2014 6:00,7,4,3
2/24/2014 7:00,15,6,9
2/24/2014 8:00,42,18,24
2/24/2014 9:00,36,21,15
2/24/2014 10:00,22,9,13
2/24/2014 11:00,25,14,11
2/24/2014 12:00,39,26,13
2/24/2014 13:00,30,16,14
2/24/2014 14:00,30,16,14
2/24/2014 15:00,22,8,14
2/24/2014 16:00,30,12,18
2/24/2014 17:00,56,28,28
2/24/2014 18:00,39,21,18
2/24/2014 19:00,34,21,13
2/24/2014 20:00,16,15,1
2/24/2014 21:00,11,6,5
2/24/2014 22:00,14,9,5
2/24/2014 23:00,4,2,2
2/25/2014 0:00,0,0,0
2/25/2014 1:00,0,0,0
2/25/2014 2:00,0,0,0
2/25/2014 3:00,0,0,0
2/25/2014 4:00,0,0,0
2/25/2014 5:00,4,0,4
2/25/2014 6:00,4,2,2
2/25/2014 7:00,22,16,6
2/25/2014 8:00,48,23,25
2/25/2014 9:00,49,24,25
2/25/2014 10:00,39,20,19
2/25/2014 11:00,31,14,17
2/25/2014 12:00,51,23,28
2/25/2014 13:00,48,24,24
2/25/2014 14:00,30,21,9
2/25/2014 15:00,24,11,13
2/25/2014 16:00,41,20,21
2/25/2014 17:00,64,28,36
2/25/2014 18:00,49,20,29
2/25/2014 19:00,31,23,8
2/25/2014 20:00,4,3,1
2/25/2014 21:00,10,8,2
2/25/2014 22:00,4,4,0
2/25/2014 23:00,1,1,0
2/26/2014 0:00,0,0,0
2/26/2014 1:00,4,4,0
2/26/2014 2:00,0,0,0
2/26/2014 3:00,0,0,0
2/26/2014 4:00,0,0,0
2/26/2014 5:00,2,1,1
2/26/2014 6:00,12,6,6
2/26/2014 7:00,38,28,10
2/26/2014 8:00,38,19,19
2/26/2014 9:00,39,19,20
2/26/2014 10:00,27,15,12
2/26/2014 11:00,46,19,27
2/26/2014 12:00,27,9,18
2/26/2014 13:00,52,29,23
2/26/2014 14:00,42,23,19
2/26/2014 15:00,33,16,17
2/26/2014 16:00,52,32,20
2/26/2014 17:00,42,24,18
2/26/2014 18:00,24,15,9
2/26/2014 19:00,10,3,7
2/26/2014 20:00,11,10,1
2/26/2014 21:00,16,12,4
2/26/2014 22:00,4,4,0
2/26/2014 23:00,2,2,0
2/27/2014 0:00,4,2,2
2/27/2014 1:00,0,0,0
2/27/2014 2:00,1,0,1
2/27/2014 3:00,2,0,2
2/27/2014 4:00,0,0,0
2/27/2014 5:00,6,2,4
2/27/2014 6:00,13,6,7
2/27/2014 7:00,20,11,9
2/27/2014 8:00,41,22,19
2/27/2014 9:00,47,26,21
2/27/2014 10:00,48,19,29
2/27/2014 11:00,30,15,15
2/27/2014 12:00,52,23,29
2/27/2014 13:00,40,20,20
2/27/2014 14:00,30,16,14
2/27/2014 15:00,47,19,28
2/27/2014 16:00,63,29,34
2/27/2014 17:00,51,20,31
2/27/2014 18:00,50,30,20
2/27/2014 19:00,30,16,14
2/27/2014 20:00,23,14,9
2/27/2014 21:00,21,19,2
2/27/2014 22:00,9,6,3
2/27/2014 23:00,16,6,10
2/28/2014 0:00,6,2,4
2/28/2014 1:00,3,0,3
2/28/2014 2:00,6,0,6
2/28/2014 3:00,2,0,2
2/28/2014 4:00,2,0,2
2/28/2014 5:00,3,0,3
2/28/2014 6:00,16,9,7
2/28/2014 7:00,33,19,14
2/28/2014 8:00,58,31,27
2/28/2014 9:00,41,20,21
2/28/2014 10:00,40,19,21
2/28/2014 11:00,54,34,20
2/28/2014 12:00,57,31,26
2/28/2014 13:00,36,13,23
2/28/2014 14:00,36,21,15
2/28/2014 15:00,42,22,20
2/28/2014 16:00,47,22,25
2/28/2014 17:00,56,34,22
2/28/2014 18:00,47,29,18
2/28/2014 19:00,30,19,11
2/28/2014 20:00,24,18,6
2/28/2014 21:00,20,12,8
2/28/2014 22:00,6,3,3
2/28/2014 23:00,3,2,1
3/1/2014 0:00,8,5,3
3/1/2014 1:00,4,4,0
3/1/2014 2:00,4,2,2
3/1/2014 3:00,0,0,0
3/1/2014 4:00,6,2,4
3/1/2014 5:00,0,0,0
3/1/2014 6:00,2,2,0
3/1/2014 7:00,9,5,4
3/1/2014 8:00,13,6,7
3/1/2014 9:00,29,20,9
3/1/2014 10:00,35,11,24
3/1/2014 11:00,70,29,41
3/1/2014 12:00,91,49,42
3/1/2014 13:00,65,38,27
3/1/2014 14:00,47,26,21
3/1/2014 15:00,45,20,25
3/1/2014 16:00,49,18,31
3/1/2014 17:00,21,15,6
3/1/2014 18:00,43,27,16
3/1/2014 19:00,42,24,18
3/1/2014 20:00,11,9,2
3/1/2014 21:00,19,9,10
3/1/2014 22:00,6,3,3
3/1/2014 23:00,5,4,1
3/2/2014 0:00,6,4,2
3/2/2014 1:00,8,3,5
3/2/2014 2:00,2,2,0
3/2/2014 3:00,2,2,0
3/2/2014 4:00,4,0,4
3/2/2014 5:00,3,1,2
3/2/2014 6:00,3,0,3
3/2/2014 7:00,9,4,5
3/2/2014 8:00,8,3,5
3/2/2014 9:00,31,15,16
3/2/2014 10:00,18,8,10
3/2/2014 11:00,35,14,21
3/2/2014 12:00,50,24,26
3/2/2014 13:00,53,28,25
3/2/2014 14:00,53,28,25
3/2/2014 15:00,43,25,18
3/2/2014 16:00,39,3,36
3/2/2014 17:00,37,8,29
3/2/2014 18:00,18,7,11
3/2/2014 19:00,15,6,9
3/2/2014 20:00,14,6,8
3/2/2014 21:00,16,3,13
3/2/2014 22:00,10,4,6
3/2/2014 23:00,0,0,0
3/3/2014 0:00,0,0,0
3/3/2014 1:00,0,0,0
3/3/2014 2:00,0,0,0
3/3/2014 3:00,2,1,1
3/3/2014 4:00,2,2,0
3/3/2014 5:00,6,4,2
3/3/2014 6:00,7,5,2
3/3/2014 7:00,32,24,8
3/3/2014 8:00,19,8,11
3/3/2014 9:00,33,10,23
3/3/2014 10:00,45,22,23
3/3/2014 11:00,48,15,33
3/3/2014 12:00,28,9,19
3/3/2014 13:00,34,25,9
3/3/2014 14:00,44,23,21
3/3/2014 15:00,47,26,21
3/3/2014 16:00,33,11,22
3/3/2014 17:00,57,25,32
3/3/2014 18:00,33,17,16
3/3/2014 19:00,23,10,13
3/3/2014 20:00,28,16,12
3/3/2014 21:00,9,7,2
3/3/2014 22:00,2,2,0
3/3/2014 23:00,7,4,3
3/4/2014 0:00,0,0,0
3/4/2014 1:00,0,0,0
3/4/2014 2:00,2,0,2
3/4/2014 3:00,0,0,0
3/4/2014 4:00,0,0,0
3/4/2014 5:00,5,2,3
3/4/2014 6:00,2,2,0
3/4/2014 7:00,28,21,7
3/4/2014 8:00,43,24,19
3/4/2014 9:00,41,21,20
3/4/2014 10:00,28,15,13
3/4/2014 11:00,25,13,12
3/4/2014 12:00,48,17,31
3/4/2014 13:00,36,18,18
3/4/2014 14:00,22,10,12
3/4/2014 15:00,43,17,26
3/4/2014 16:00,40,17,23
3/4/2014 17:00,64,29,35
3/4/2014 18:00,26,10,16
3/4/2014 19:00,24,7,17
3/4/2014 20:00,11,7,4
3/4/2014 21:00,15,9,6
3/4/2014 22:00,5,5,0
3/4/2014 23:00,1,1,0
3/5/2014 0:00,3,2,1
3/5/2014 1:00,2,2,0
3/5/2014 2:00,2,2,0
3/5/2014 3:00,2,1,1
3/5/2014 4:00,0,0,0
3/5/2014 5:00,5,1,4
3/5/2014 6:00,14,6,8
3/5/2014 7:00,29,20,9
3/5/2014 8:00,36,24,12
3/5/2014 9:00,54,22,32
3/5/2014 10:00,33,19,14
3/5/2014 11:00,41,21,20
3/5/2014 12:00,37,16,21
3/5/2014 13:00,35,21,14
3/5/2014 14:00,32,13,19
3/5/2014 15:00,29,16,13
3/5/2014 16:00,28,12,16
3/5/2014 17:00,51,29,22
3/5/2014 18:00,47,27,20
3/5/2014 19:00,28,15,13
3/5/2014 20:00,16,5,11
3/5/2014 21:00,13,9,4
3/5/2014 22:00,11,7,4
3/5/2014 23:00,15,5,10
3/6/2014 0:00,0,0,0
3/6/2014 1:00,0,0,0
3/6/2014 2:00,0,0,0
3/6/2014 3:00,0,0,0
3/6/2014 4:00,0,0,0
3/6/2014 5:00,2,0,2
3/6/2014 6:00,9,3,6
3/6/2014 7:00,22,7,15
3/6/2014 8:00,21,14,7
3/6/2014 9:00,43,27,16
3/6/2014 10:00,24,9,15
3/6/2014 11:00,38,20,18
3/6/2014 12:00,52,23,29
3/6/2014 13:00,25,12,13
3/6/2014 14:00,39,20,19
3/6/2014 15:00,49,28,21
3/6/2014 16:00,46,22,24
3/6/2014 17:00,47,20,27
3/6/2014 18:00,48,17,31
3/6/2014 19:00,26,7,19
3/6/2014 20:00,28,10,18
3/6/2014 21:00,13,11,2
3/6/2014 22:00,9,9,0
3/6/2014 23:00,6,4,2
3/7/2014 0:00,2,2,0
3/7/2014 1:00,1,1,0
3/7/2014 2:00,4,2,2
3/7/2014 3:00,2,0,2
3/7/2014 4:00,0,0,0
3/7/2014 5:00,0,0,0
3/7/2014 6:00,5,4,1
3/7/2014 7:00,34,24,10
3/7/2014 8:00,39,17,22
3/7/2014 9:00,41,24,17
3/7/2014 10:00,32,13,19
3/7/2014 11:00,48,18,30
3/7/2014 12:00,40,20,20
3/7/2014 13:00,40,27,13
3/7/2014 14:00,58,33,25
3/7/2014 15:00,45,28,17
3/7/2014 16:00,48,27,21
3/7/2014 17:00,41,20,21
3/7/2014 18:00,50,31,19
3/7/2014 19:00,40,24,16
3/7/2014 20:00,22,16,6
3/7/2014 21:00,17,13,4
3/7/2014 22:00,12,5,7
3/7/2014 23:00,0,0,0
3/8/2014 0:00,7,4,3
3/8/2014 1:00,2,2,0
3/8/2014 2:00,8,6,2
3/8/2014 3:00,2,0,2
3/8/2014 4:00,0,0,0
3/8/2014 5:00,2,2,0
3/8/2014 6:00,2,2,0
3/8/2014 7:00,9,1,8
3/8/2014 8:00,19,13,6
3/8/2014 9:00,34,22,12
3/8/2014 10:00,40,16,24
3/8/2014 11:00,71,35,36
3/8/2014 12:00,80,33,47
3/8/2014 13:00,62,26,36
3/8/2014 14:00,72,33,39
3/8/2014 15:00,48,7,41
3/8/2014 16:00,50,24,26
3/8/2014 17:00,56,23,33
3/8/2014 18:00,38,18,20
3/8/2014 19:00,51,22,29
3/8/2014 20:00,46,22,24
3/8/2014 21:00,16,2,14
3/8/2014 22:00,14,4,10
3/8/2014 23:00,17,4,13
3/9/2014 0:00,6,6,0
3/9/2014 1:00,6,2,4
3/9/2014 2:00,0,0,0
3/9/2014 3:00,4,2,2
3/9/2014 4:00,0,0,0
3/9/2014 5:00,0,0,0
3/9/2014 6:00,0,0,0
3/9/2014 7:00,2,0,2
3/9/2014 8:00,0,0,0
3/9/2014 9:00,12,8,4
3/9/2014 10:00,24,11,13
3/9/2014 11:00,47,18,29
3/9/2014 12:00,50,18,32
3/9/2014 13:00,50,26,24
3/9/2014 14:00,98,45,53
3/9/2014 15:00,69,41,28
3/9/2014 16:00,46,22,24
3/9/2014 17:00,31,21,10
3/9/2014 18:00,34,20,14
3/9/2014 19:00,15,8,7
3/9/2014 20:00,26,14,12
3/9/2014 21:00,8,4,4
3/9/2014 22:00,13,9,4
3/9/2014 23:00,8,2,6
3/10/2014 0:00,2,0,2
3/10/2014 1:00,0,0,0
3/10/2014 2:00,2,2,0
3/10/2014 3:00,0,0,0
3/10/2014 4:00,0,0,0
3/10/2014 5:00,2,0,2
3/10/2014 6:00,12,7,5
3/10/2014 7:00,22,13,9
3/10/2014 8:00,43,23,20
3/10/2014 9:00,32,21,11
3/10/2014 10:00,27,17,10
3/10/2014 11:00,22,10,12
3/10/2014 12:00,28,8,20
3/10/2014 13:00,48,18,30
3/10/2014 14:00,42,20,22
3/10/2014 15:00,40,18,22
3/10/2014 16:00,39,10,29
3/10/2014 17:00,51,22,29
3/10/2014 18:00,41,20,21
3/10/2014 19:00,19,8,11
3/10/2014 20:00,14,6,8
3/10/2014 21:00,19,10,9
3/10/2014 22:00,5,5,0
3/10/2014 23:00,6,3,3
3/11/2014 0:00,0,0,0
3/11/2014 1:00,2,0,2
3/11/2014 2:00,2,2,0
3/11/2014 3:00,0,0,0
3/11/2014 4:00,0,0,0
3/11/2014 5:00,9,3,6
3/11/2014 6:00,20,18,2
3/11/2014 7:00,44,28,16
3/11/2014 8:00,33,11,22
3/11/2014 9:00,45,30,15
3/11/2014 10:00,23,17,6
3/11/2014 11:00,36,16,20
3/11/2014 12:00,40,19,21
3/11/2014 13:00,45,20,25
3/11/2014 14:00,32,15,17
3/11/2014 15:00,36,24,12
3/11/2014 16:00,43,23,20
3/11/2014 17:00,34,14,20
3/11/2014 18:00,47,30,17
3/11/2014 19:00,38,24,14
3/11/2014 20:00,20,13,7
3/11/2014 21:00,21,13,8
3/11/2014 22:00,11,5,6
3/11/2014 23:00,3,3,0
3/12/2014 0:00,3,3,0
3/12/2014 1:00,2,0,2
3/12/2014 2:00,1,0,1
3/12/2014 3:00,0,0,0
3/12/2014 4:00,0,0,0
3/12/2014 5:00,4,4,0
3/12/2014 6:00,14,11,3
3/12/2014 7:00,37,30,7
3/12/2014 8:00,18,9,9
3/12/2014 9:00,43,26,17
3/12/2014 10:00,33,16,17
3/12/2014 11:00,47,21,26
3/12/2014 12:00,50,29,21
3/12/2014 13:00,44,26,18
3/12/2014 14:00,48,23,25
3/12/2014 15:00,32,16,16
3/12/2014 16:00,35,17,18
3/12/2014 17:00,69,36,33
3/12/2014 18:00,40,12,28
3/12/2014 19:00,32,13,19
3/12/2014 20:00,16,9,7
3/12/2014 21:00,21,16,5
3/12/2014 22:00,9,6,3
3/12/2014 23:00,6,6,0
3/13/2014 0:00,2,1,1
3/13/2014 1:00,0,0,0
3/13/2014 2:00,3,0,3
3/13/2014 3:00,1,0,1
3/13/2014 4:00,0,0,0
3/13/2014 5:00,8,0,8
3/13/2014 6:00,16,10,6
3/13/2014 7:00,27,23,4
3/13/2014 8:00,35,25,10
3/13/2014 9:00,43,21,22
3/13/2014 10:00,24,15,9
3/13/2014 11:00,26,15,11
3/13/2014 12:00,48,25,23
3/13/2014 13:00,27,17,10
3/13/2014 14:00,43,25,18
3/13/2014 15:00,48,35,13
3/13/2014 16:00,46,22,24
3/13/2014 17:00,49,33,16
3/13/2014 18:00,72,48,24
3/13/2014 19:00,25,7,18
3/13/2014 20:00,34,23,11
3/13/2014 21:00,14,9,5
3/13/2014 22:00,16,13,3
3/13/2014 23:00,8,6,2
3/14/2014 0:00,0,0,0
3/14/2014 1:00,2,2,0
3/14/2014 2:00,4,0,4
3/14/2014 3:00,1,0,1
3/14/2014 4:00,2,0,2
3/14/2014 5:00,2,2,0
3/14/2014 6:00,12,9,3
3/14/2014 7:00,34,29,5
3/14/2014 8:00,32,21,11
3/14/2014 9:00,40,21,19
3/14/2014 10:00,42,18,24
3/14/2014 11:00,35,15,20
3/14/2014 12:00,49,17,32
3/14/2014 13:00,48,19,29
3/14/2014 14:00,47,25,22
3/14/2014 15:00,38,30,8
3/14/2014 16:00,46,24,22
3/14/2014 17:00,46,28,18
3/14/2014 18:00,52,26,26
3/14/2014 19:00,36,20,16
3/14/2014 20:00,43,33,10
3/14/2014 21:00,10,3,7
3/14/2014 22:00,10,8,2
3/14/2014 23:00,11,9,2
3/15/2014 0:00,4,4,0
3/15/2014 1:00,2,2,0
3/15/2014 2:00,0,0,0
3/15/2014 3:00,2,2,0
3/15/2014 4:00,2,0,2
3/15/2014 5:00,10,6,4
3/15/2014 6:00,4,4,0
3/15/2014 7:00,9,4,5
3/15/2014 8:00,11,2,9
3/15/2014 9:00,33,24,9
3/15/2014 10:00,31,16,15
3/15/2014 11:00,51,29,22
3/15/2014 12:00,56,35,21
3/15/2014 13:00,40,19,21
3/15/2014 14:00,53,30,23
3/15/2014 15:00,63,34,29
3/15/2014 16:00,41,21,20
3/15/2014 17:00,40,13,27
3/15/2014 18:00,40,20,20
3/15/2014 19:00,26,12,14
3/15/2014 20:00,9,7,2
3/15/2014 21:00,33,15,18
3/15/2014 22:00,18,8,10
3/15/2014 23:00,10,4,6
3/16/2014 0:00,11,7,4
3/16/2014 1:00,7,5,2
3/16/2014 2:00,2,2,0
3/16/2014 3:00,0,0,0
3/16/2014 4:00,0,0,0
3/16/2014 5:00,0,0,0
3/16/2014 6:00,1,1,0
3/16/2014 7:00,6,6,0
3/16/2014 8:00,7,3,4
3/16/2014 9:00,16,10,6
3/16/2014 10:00,17,12,5
3/16/2014 11:00,45,21,24
3/16/2014 12:00,39,25,14
3/16/2014 13:00,74,42,32
3/16/2014 14:00,43,18,25
3/16/2014 15:00,34,14,20
3/16/2014 16:00,37,17,20
3/16/2014 17:00,37,26,11
3/16/2014 18:00,26,12,14
3/16/2014 19:00,28,16,12
3/16/2014 20:00,6,6,0
3/16/2014 21:00,7,6,1
3/16/2014 22:00,3,3,0
3/16/2014 23:00,11,8,3
3/17/2014 0:00,1,0,1
3/17/2014 1:00,2,0,2
3/17/2014 2:00,0,0,0
3/17/2014 3:00,0,0,0
3/17/2014 4:00,0,0,0
3/17/2014 5:00,1,0,1
3/17/2014 6:00,8,5,3
3/17/2014 7:00,25,16,9
3/17/2014 8:00,37,21,16
3/17/2014 9:00,50,22,28
3/17/2014 10:00,20,8,12
3/17/2014 11:00,46,23,23
3/17/2014 12:00,46,21,25
3/17/2014 13:00,39,17,22
3/17/2014 14:00,36,12,24
3/17/2014 15:00,37,17,20
3/17/2014 16:00,50,30,20
3/17/2014 17:00,54,14,40
3/17/2014 18:00,42,17,25
3/17/2014 19:00,35,15,20
3/17/2014 20:00,29,14,15
3/17/2014 21:00,6,6,0
3/17/2014 22:00,8,5,3
3/17/2014 23:00,4,3,1
3/18/2014 0:00,3,2,1
3/18/2014 1:00,0,0,0
3/18/2014 2:00,1,0,1
3/18/2014 3:00,0,0,0
3/18/2014 4:00,4,3,1
3/18/2014 5:00,11,4,7
3/18/2014 6:00,6,5,1
3/18/2014 7:00,20,10,10
3/18/2014 8:00,37,24,13
3/18/2014 9:00,30,13,17
3/18/2014 10:00,12,5,7
3/18/2014 11:00,36,18,18
3/18/2014 12:00,39,20,19
3/18/2014 13:00,19,10,9
3/18/2014 14:00,34,17,17
3/18/2014 15:00,48,29,19
3/18/2014 16:00,51,29,22
3/18/2014 17:00,48,32,16
3/18/2014 18:00,39,17,22
3/18/2014 19:00,37,14,23
3/18/2014 20:00,16,12,4
3/18/2014 21:00,13,7,6
3/18/2014 22:00,0,0,0
3/18/2014 23:00,5,3,2
3/19/2014 0:00,4,2,2
3/19/2014 1:00,4,2,2
3/19/2014 2:00,4,2,2
3/19/2014 3:00,2,1,1
3/19/2014 4:00,0,0,0
3/19/2014 5:00,8,5,3
3/19/2014 6:00,14,10,4
3/19/2014 7:00,23,18,5
3/19/2014 8:00,30,13,17
3/19/2014 9:00,31,8,23
3/19/2014 10:00,30,17,13
3/19/2014 11:00,25,7,18
3/19/2014 12:00,38,25,13
3/19/2014 13:00,22,9,13
3/19/2014 14:00,31,18,13
3/19/2014 15:00,20,10,10
3/19/2014 16:00,31,17,14
3/19/2014 17:00,41,26,15
3/19/2014 18:00,32,19,13
3/19/2014 19:00,32,15,17
3/19/2014 20:00,20,11,9
3/19/2014 21:00,12,8,4
3/19/2014 22:00,3,0,3
3/19/2014 23:00,5,3,2
3/20/2014 0:00,2,0,2
3/20/2014 1:00,0,0,0
3/20/2014 2:00,0,0,0
3/20/2014 3:00,0,0,0
3/20/2014 4:00,2,2,0
3/20/2014 5:00,5,5,0
3/20/2014 6:00,1,0,1
3/20/2014 7:00,18,13,5
3/20/2014 8:00,38,24,14
3/20/2014 9:00,24,15,9
3/20/2014 10:00,34,16,18
3/20/2014 11:00,20,11,9
3/20/2014 12:00,32,15,17
3/20/2014 13:00,36,22,14
3/20/2014 14:00,44,21,23
3/20/2014 15:00,32,21,11
3/20/2014 16:00,30,16,14
3/20/2014 17:00,29,17,12
3/20/2014 18:00,70,37,33
3/20/2014 19:00,36,20,16
3/20/2014 20:00,26,13,13
3/20/2014 21:00,21,14,7
3/20/2014 22:00,6,6,0
3/20/2014 23:00,9,9,0
3/21/2014 0:00,2,2,0
3/21/2014 1:00,0,0,0
3/21/2014 2:00,2,2,0
3/21/2014 3:00,0,0,0
3/21/2014 4:00,2,2,0
3/21/2014 5:00,6,4,2
3/21/2014 6:00,4,0,4
3/21/2014 7:00,18,14,4
3/21/2014 8:00,30,20,10
3/21/2014 9:00,31,22,9
3/21/2014 10:00,40,30,10
3/21/2014 11:00,37,26,11
3/21/2014 12:00,47,28,19
3/21/2014 13:00,33,26,7
3/21/2014 14:00,28,16,12
3/21/2014 15:00,28,20,8
3/21/2014 16:00,34,16,18
3/21/2014 17:00,50,29,21
3/21/2014 18:00,49,26,23
3/21/2014 19:00,35,24,11
3/21/2014 20:00,33,25,8
3/21/2014 21:00,18,16,2
3/21/2014 22:00,15,12,3
3/21/2014 23:00,8,8,0
3/22/2014 0:00,6,5,1
3/22/2014 1:00,7,4,3
3/22/2014 2:00,2,2,0
3/22/2014 3:00,0,0,0
3/22/2014 4:00,2,0,2
3/22/2014 5:00,2,2,0
3/22/2014 6:00,0,0,0
3/22/2014 7:00,11,8,3
3/22/2014 8:00,12,3,9
3/22/2014 9:00,28,20,8
3/22/2014 10:00,53,20,33
3/22/2014 11:00,39,20,19
3/22/2014 12:00,51,32,19
3/22/2014 13:00,68,47,21
3/22/2014 14:00,57,29,28
3/22/2014 15:00,52,25,27
3/22/2014 16:00,30,16,14
3/22/2014 17:00,29,18,11
3/22/2014 18:00,34,19,15
3/22/2014 19:00,23,15,8
3/22/2014 20:00,21,18,3
3/22/2014 21:00,11,6,5
3/22/2014 22:00,11,11,0
3/22/2014 23:00,4,2,2
3/23/2014 0:00,3,3,0
3/23/2014 1:00,3,0,3
3/23/2014 2:00,3,3,0
3/23/2014 3:00,0,0,0
3/23/2014 4:00,0,0,0
3/23/2014 5:00,0,0,0
3/23/2014 6:00,0,0,0
3/23/2014 7:00,4,0,4
3/23/2014 8:00,13,8,5
3/23/2014 9:00,18,15,3
3/23/2014 10:00,43,24,19
3/23/2014 11:00,58,30,28
3/23/2014 12:00,74,37,37
3/23/2014 13:00,74,43,31
3/23/2014 14:00,41,21,20
3/23/2014 15:00,72,46,26
3/23/2014 16:00,65,38,27
3/23/2014 17:00,40,26,14
3/23/2014 18:00,19,11,8
3/23/2014 19:00,18,11,7
3/23/2014 20:00,20,16,4
3/23/2014 21:00,12,12,0
3/23/2014 22:00,3,3,0
3/23/2014 23:00,7,6,1
3/24/2014 0:00,0,0,0
3/24/2014 1:00,2,2,0
3/24/2014 2:00,2,0,2
3/24/2014 3:00,1,0,1
3/24/2014 4:00,0,0,0
3/24/2014 5:00,10,8,2
3/24/2014 6:00,12,11,1
3/24/2014 7:00,30,14,16
3/24/2014 8:00,39,22,17
3/24/2014 9:00,24,13,11
3/24/2014 10:00,26,12,14
3/24/2014 11:00,35,19,16
3/24/2014 12:00,52,29,23
3/24/2014 13:00,27,15,12
3/24/2014 14:00,54,34,20
3/24/2014 15:00,33,10,23
3/24/2014 16:00,36,21,15
3/24/2014 17:00,60,34,26
3/24/2014 18:00,45,27,18
3/24/2014 19:00,35,26,9
3/24/2014 20:00,11,4,7
3/24/2014 21:00,2,2,0
3/24/2014 22:00,6,6,0
3/24/2014 23:00,13,5,8
3/25/2014 0:00,1,0,1
3/25/2014 1:00,0,0,0
3/25/2014 2:00,1,1,0
3/25/2014 3:00,0,0,0
3/25/2014 4:00,0,0,0
3/25/2014 5:00,0,0,0
3/25/2014 6:00,2,1,1
3/25/2014 7:00,26,15,11
3/25/2014 8:00,32,14,18
3/25/2014 9:00,26,19,7
3/25/2014 10:00,19,12,7
3/25/2014 11:00,27,21,6
3/25/2014 12:00,33,16,17
3/25/2014 13:00,32,16,16
3/25/2014 14:00,25,17,8
3/25/2014 15:00,34,17,17
3/25/2014 16:00,30,18,12
3/25/2014 17:00,52,22,30
3/25/2014 18:00,41,17,24
3/25/2014 19:00,40,13,27
3/25/2014 20:00,8,6,2
3/25/2014 21:00,16,13,3
3/25/2014 22:00,4,1,3
3/25/2014 23:00,7,7,0
3/26/2014 0:00,3,0,3
3/26/2014 1:00,2,0,2
3/26/2014 2:00,0,0,0
3/26/2014 3:00,0,0,0
3/26/2014 4:00,0,0,0
3/26/2014 5:00,6,4,2
3/26/2014 6:00,10,6,4
3/26/2014 7:00,21,18,3
3/26/2014 8:00,34,25,9
3/26/2014 9:00,26,17,9
3/26/2014 10:00,38,20,18
3/26/2014 11:00,37,24,13
3/26/2014 12:00,47,28,19
3/26/2014 13:00,38,15,23
3/26/2014 14:00,33,17,16
3/26/2014 15:00,29,18,11
3/26/2014 16:00,38,23,15
3/26/2014 17:00,35,22,13
3/26/2014 18:00,44,15,29
3/26/2014 19:00,29,11,18
3/26/2014 20:00,13,6,7
3/26/2014 21:00,14,8,6
3/26/2014 22:00,5,2,3
3/26/2014 23:00,5,4,1
3/27/2014 0:00,3,2,1
3/27/2014 1:00,4,0,4
3/27/2014 2:00,0,0,0
3/27/2014 3:00,2,2,0
3/27/2014 4:00,0,0,0
3/27/2014 5:00,2,2,0
3/27/2014 6:00,11,8,3
3/27/2014 7:00,20,15,5
3/27/2014 8:00,27,4,23
3/27/2014 9:00,40,28,12
3/27/2014 10:00,26,14,12
3/27/2014 11:00,38,21,17
3/27/2014 12:00,47,20,27
3/27/2014 13:00,29,13,16
3/27/2014 14:00,43,29,14
3/27/2014 15:00,62,34,28
3/27/2014 16:00,39,26,13
3/27/2014 17:00,50,29,21
3/27/2014 18:00,42,18,24
3/27/2014 19:00,51,24,27
3/27/2014 20:00,18,12,6
3/27/2014 21:00,8,5,3
3/27/2014 22:00,16,13,3
3/27/2014 23:00,9,5,4
3/28/2014 0:00,2,0,2
3/28/2014 1:00,0,0,0
3/28/2014 2:00,4,0,4
3/28/2014 3:00,2,0,2
3/28/2014 4:00,0,0,0
3/28/2014 5:00,8,4,4
3/28/2014 6:00,11,7,4
3/28/2014 7:00,22,8,14
3/28/2014 8:00,33,15,18
3/28/2014 9:00,30,9,21
3/28/2014 10:00,22,9,13
3/28/2014 11:00,32,14,18
3/28/2014 12:00,39,15,24
3/28/2014 13:00,28,12,16
3/28/2014 14:00,28,10,18
3/28/2014 15:00,36,13,23
3/28/2014 16:00,62,29,33
3/28/2014 17:00,60,24,36
3/28/2014 18:00,48,22,26
3/28/2014 19:00,45,18,27
3/28/2014 20:00,33,13,20
3/28/2014 21:00,23,13,10
3/28/2014 22:00,6,6,0
3/28/2014 23:00,12,10,2
3/29/2014 0:00,2,2,0
3/29/2014 1:00,0,0,0
3/29/2014 2:00,2,2,0
3/29/2014 3:00,2,2,0
3/29/2014 4:00,1,1,0
3/29/2014 5:00,0,0,0
3/29/2014 6:00,4,2,2
3/29/2014 7:00,2,2,0
3/29/2014 8:00,33,13,20
3/29/2014 9:00,35,13,22
3/29/2014 10:00,43,21,22
3/29/2014 11:00,61,17,44
3/29/2014 12:00,64,31,33
3/29/2014 13:00,33,13,20
3/29/2014 14:00,76,37,39
3/29/2014 15:00,33,10,23
3/29/2014 16:00,32,13,19
3/29/2014 17:00,40,7,33
3/29/2014 18:00,31,15,16
3/29/2014 19:00,42,17,25
3/29/2014 20:00,17,8,9
3/29/2014 21:00,21,9,12
3/29/2014 22:00,14,4,10
3/29/2014 23:00,2,1,1
3/30/2014 0:00,8,6,2
3/30/2014 1:00,6,4,2
3/30/2014 2:00,2,1,1
3/30/2014 3:00,0,0,0
3/30/2014 4:00,2,2,0
3/30/2014 5:00,2,0,2
3/30/2014 6:00,6,5,1
3/30/2014 7:00,8,6,2
3/30/2014 8:00,3,1,2
3/30/2014 9:00,32,18,14
3/30/2014 10:00,34,14,20
3/30/2014 11:00,47,20,27
3/30/2014 12:00,56,19,37
3/30/2014 13:00,88,41,47
3/30/2014 14:00,56,35,21
3/30/2014 15:00,52,38,14
3/30/2014 16:00,69,39,30
3/30/2014 17:00,60,26,34
3/30/2014 18:00,34,14,20
3/30/2014 19:00,44,25,19
3/30/2014 20:00,22,7,15
3/30/2014 21:00,31,19,12
3/30/2014 22:00,4,2,2
3/30/2014 23:00,7,7,0
3/31/2014 0:00,2,1,1
3/31/2014 1:00,4,2,2
3/31/2014 2:00,0,0,0
3/31/2014 3:00,2,0,2
3/31/2014 4:00,0,0,0
3/31/2014 5:00,4,2,2
3/31/2014 6:00,9,6,3
3/31/2014 7:00,28,23,5
3/31/2014 8:00,34,19,15
3/31/2014 9:00,44,20,24
3/31/2014 10:00,30,21,9
3/31/2014 11:00,68,29,39
3/31/2014 12:00,63,25,38
3/31/2014 13:00,55,21,34
3/31/2014 14:00,52,23,29
3/31/2014 15:00,50,21,29
3/31/2014 16:00,62,23,39
3/31/2014 17:00,60,30,30
3/31/2014 18:00,48,26,22
3/31/2014 19:00,29,12,17
3/31/2014 20:00,15,5,10
3/31/2014 21:00,16,7,9
3/31/2014 22:00,14,9,5
3/31/2014 23:00,6,3,3
4/1/2014 0:00,4,2,2
4/1/2014 1:00,7,2,5
4/1/2014 2:00,2,0,2
4/1/2014 3:00,1,1,0
4/1/2014 4:00,1,1,0
4/1/2014 5:00,5,3,2
4/1/2014 6:00,13,9,4
4/1/2014 7:00,29,25,4
4/1/2014 8:00,55,21,34
4/1/2014 9:00,55,31,24
4/1/2014 10:00,41,22,19
4/1/2014 11:00,37,17,20
4/1/2014 12:00,44,24,20
4/1/2014 13:00,63,32,31
4/1/2014 14:00,29,14,15
4/1/2014 15:00,22,13,9
4/1/2014 16:00,58,30,28
4/1/2014 17:00,57,27,30
4/1/2014 18:00,56,36,20
4/1/2014 19:00,35,21,14
4/1/2014 20:00,35,23,12
4/1/2014 21:00,14,12,2
4/1/2014 22:00,11,5,6
4/1/2014 23:00,2,1,1
4/2/2014 0:00,1,1,0
4/2/2014 1:00,0,0,0
4/2/2014 2:00,2,0,2
4/2/2014 3:00,0,0,0
4/2/2014 4:00,0,0,0
4/2/2014 5:00,6,4,2
4/2/2014 6:00,6,5,1
4/2/2014 7:00,28,21,7
4/2/2014 8:00,50,23,27
4/2/2014 9:00,45,31,14
4/2/2014 10:00,35,19,16
4/2/2014 11:00,27,9,18
4/2/2014 12:00,44,19,25
4/2/2014 13:00,38,9,29
4/2/2014 14:00,37,18,19
4/2/2014 15:00,41,22,19
4/2/2014 16:00,52,26,26
4/2/2014 17:00,67,23,44
4/2/2014 18:00,54,28,26
4/2/2014 19:00,23,11,12
4/2/2014 20:00,22,19,3
4/2/2014 21:00,12,7,5
4/2/2014 22:00,6,6,0
4/2/2014 23:00,2,2,0
4/3/2014 0:00,0,0,0
4/3/2014 1:00,1,0,1
4/3/2014 2:00,2,0,2
4/3/2014 3:00,0,0,0
4/3/2014 4:00,5,4,1
4/3/2014 5:00,10,7,3
4/3/2014 6:00,11,6,5
4/3/2014 7:00,18,15,3
4/3/2014 8:00,31,16,15
4/3/2014 9:00,34,20,14
4/3/2014 10:00,32,3,29
4/3/2014 11:00,23,9,14
4/3/2014 12:00,28,17,11
4/3/2014 13:00,36,16,20
4/3/2014 14:00,60,33,27
4/3/2014 15:00,36,24,12
4/3/2014 16:00,38,21,17
4/3/2014 17:00,39,26,13
4/3/2014 18:00,66,32,34
4/3/2014 19:00,46,21,25
4/3/2014 20:00,19,12,7
4/3/2014 21:00,14,3,11
4/3/2014 22:00,5,0,5
4/3/2014 23:00,14,8,6
4/4/2014 0:00,0,0,0
4/4/2014 1:00,1,0,1
4/4/2014 2:00,0,0,0
4/4/2014 3:00,0,0,0
4/4/2014 4:00,0,0,0
4/4/2014 5:00,5,3,2
4/4/2014 6:00,20,9,11
4/4/2014 7:00,17,10,7
4/4/2014 8:00,36,23,13
4/4/2014 9:00,50,25,25
4/4/2014 10:00,26,15,11
4/4/2014 11:00,36,9,27
4/4/2014 12:00,56,21,35
4/4/2014 13:00,50,18,32
4/4/2014 14:00,46,26,20
4/4/2014 15:00,39,19,20
4/4/2014 16:00,52,24,28
4/4/2014 17:00,69,38,31
4/4/2014 18:00,55,26,29
4/4/2014 19:00,44,23,21
4/4/2014 20:00,26,15,11
4/4/2014 21:00,11,6,5
4/4/2014 22:00,23,16,7
4/4/2014 23:00,4,1,3
4/5/2014 0:00,7,4,3
4/5/2014 1:00,9,2,7
4/5/2014 2:00,3,3,0
4/5/2014 3:00,7,5,2
4/5/2014 4:00,0,0,0
4/5/2014 5:00,2,2,0
4/5/2014 6:00,0,0,0
4/5/2014 7:00,4,3,1
4/5/2014 8:00,25,16,9
4/5/2014 9:00,24,11,13
4/5/2014 10:00,48,26,22
4/5/2014 11:00,48,26,22
4/5/2014 12:00,75,40,35
4/5/2014 13:00,69,37,32
4/5/2014 14:00,71,29,42
4/5/2014 15:00,46,27,19
4/5/2014 16:00,39,17,22
4/5/2014 17:00,51,35,16
4/5/2014 18:00,40,14,26
4/5/2014 19:00,30,19,11
4/5/2014 20:00,38,13,25
4/5/2014 21:00,15,12,3
4/5/2014 22:00,9,8,1
4/5/2014 23:00,0,0,0
4/6/2014 0:00,15,9,6
4/6/2014 1:00,0,0,0
4/6/2014 2:00,2,2,0
4/6/2014 3:00,3,2,1
4/6/2014 4:00,0,0,0
4/6/2014 5:00,0,0,0
4/6/2014 6:00,0,0,0
4/6/2014 7:00,4,3,1
4/6/2014 8:00,14,4,10
4/6/2014 9:00,14,6,8
4/6/2014 10:00,39,21,18
4/6/2014 11:00,42,14,28
4/6/2014 12:00,41,16,25
4/6/2014 13:00,54,33,21
4/6/2014 14:00,60,32,28
4/6/2014 15:00,35,19,16
4/6/2014 16:00,52,34,18
4/6/2014 17:00,35,20,15
4/6/2014 18:00,33,20,13
4/6/2014 19:00,35,17,18
4/6/2014 20:00,15,8,7
4/6/2014 21:00,18,11,7
4/6/2014 22:00,11,8,3
4/6/2014 23:00,3,3,0
4/7/2014 0:00,0,0,0
4/7/2014 1:00,5,3,2
4/7/2014 2:00,2,0,2
4/7/2014 3:00,3,3,0
4/7/2014 4:00,2,2,0
4/7/2014 5:00,2,2,0
4/7/2014 6:00,14,10,4
4/7/2014 7:00,50,29,21
4/7/2014 8:00,70,49,21
4/7/2014 9:00,39,28,11
4/7/2014 10:00,42,24,18
4/7/2014 11:00,48,25,23
4/7/2014 12:00,40,23,17
4/7/2014 13:00,57,35,22
4/7/2014 14:00,41,21,20
4/7/2014 15:00,43,30,13
4/7/2014 16:00,40,29,11
4/7/2014 17:00,52,27,25
4/7/2014 18:00,57,30,27
4/7/2014 19:00,29,16,13
4/7/2014 20:00,18,9,9
4/7/2014 21:00,17,14,3
4/7/2014 22:00,8,4,4
4/7/2014 23:00,6,3,3
4/8/2014 0:00,2,0,2
4/8/2014 1:00,2,2,0
4/8/2014 2:00,0,0,0
4/8/2014 3:00,0,0,0
4/8/2014 4:00,0,0,0
4/8/2014 5:00,5,4,1
4/8/2014 6:00,13,8,5
4/8/2014 7:00,20,15,5
4/8/2014 8:00,27,15,12
4/8/2014 9:00,38,32,6
4/8/2014 10:00,17,11,6
4/8/2014 11:00,23,23,0
4/8/2014 12:00,43,33,10
4/8/2014 13:00,34,18,16
4/8/2014 14:00,20,10,10
4/8/2014 15:00,35,24,11
4/8/2014 16:00,43,19,24
4/8/2014 17:00,25,11,14
4/8/2014 18:00,28,13,15
4/8/2014 19:00,36,12,24
4/8/2014 20:00,9,8,1
4/8/2014 21:00,8,3,5
4/8/2014 22:00,10,4,6
4/8/2014 23:00,4,3,1
4/9/2014 0:00,2,2,0
4/9/2014 1:00,2,0,2
4/9/2014 2:00,4,0,4
4/9/2014 3:00,0,0,0
4/9/2014 4:00,0,0,0
4/9/2014 5:00,0,0,0
4/9/2014 6:00,10,6,4
4/9/2014 7:00,26,12,14
4/9/2014 8:00,19,5,14
4/9/2014 9:00,37,23,14
4/9/2014 10:00,22,7,15
4/9/2014 11:00,49,31,18
4/9/2014 12:00,32,22,10
4/9/2014 13:00,34,21,13
4/9/2014 14:00,34,24,10
4/9/2014 15:00,37,28,9
4/9/2014 16:00,29,14,15
4/9/2014 17:00,29,20,9
4/9/2014 18:00,54,31,23
4/9/2014 19:00,43,21,22
4/9/2014 20:00,23,18,5
4/9/2014 21:00,16,9,7
4/9/2014 22:00,10,9,1
4/9/2014 23:00,6,5,1
4/10/2014 0:00,2,2,0
4/10/2014 1:00,6,2,4
4/10/2014 2:00,2,0,2
4/10/2014 3:00,0,0,0
4/10/2014 4:00,2,2,0
4/10/2014 5:00,0,0,0
4/10/2014 6:00,9,8,1
4/10/2014 7:00,29,20,9
4/10/2014 8:00,40,28,12
4/10/2014 9:00,27,18,9
4/10/2014 10:00,39,26,13
4/10/2014 11:00,33,12,21
4/10/2014 12:00,55,31,24
4/10/2014 13:00,54,30,24
4/10/2014 14:00,40,23,17
4/10/2014 15:00,25,12,13
4/10/2014 16:00,28,22,6
4/10/2014 17:00,30,20,10
4/10/2014 18:00,46,23,23
4/10/2014 19:00,34,23,11
4/10/2014 20:00,9,7,2
4/10/2014 21:00,11,5,6
4/10/2014 22:00,10,6,4
4/10/2014 23:00,8,6,2
4/11/2014 0:00,3,1,2
4/11/2014 1:00,2,0,2
4/11/2014 2:00,2,0,2
4/11/2014 3:00,0,0,0
4/11/2014 4:00,0,0,0
4/11/2014 5:00,5,4,1
4/11/2014 6:00,2,0,2
4/11/2014 7:00,24,17,7
4/11/2014 8:00,40,22,18
4/11/2014 9:00,60,45,15
4/11/2014 10:00,36,21,15
4/11/2014 11:00,35,15,20
4/11/2014 12:00,41,26,15
4/11/2014 13:00,19,11,8
4/11/2014 14:00,45,30,15
4/11/2014 15:00,35,22,13
4/11/2014 16:00,42,22,20
4/11/2014 17:00,55,30,25
4/11/2014 18:00,64,37,27
4/11/2014 19:00,35,17,18
4/11/2014 20:00,30,19,11
4/11/2014 21:00,12,10,2
4/11/2014 22:00,14,9,5
4/11/2014 23:00,15,12,3
4/12/2014 0:00,0,0,0
4/12/2014 1:00,2,2,0
4/12/2014 2:00,2,0,2
4/12/2014 3:00,3,2,1
4/12/2014 4:00,0,0,0
4/12/2014 5:00,1,1,0
4/12/2014 6:00,5,3,2
4/12/2014 7:00,13,7,6
4/12/2014 8:00,25,15,10
4/12/2014 9:00,39,17,22
4/12/2014 10:00,39,20,19
4/12/2014 11:00,80,43,37
4/12/2014 12:00,87,52,35
4/12/2014 13:00,68,27,41
4/12/2014 14:00,38,19,19
4/12/2014 15:00,56,29,27
4/12/2014 16:00,54,23,31
4/12/2014 17:00,60,31,29
4/12/2014 18:00,59,38,21
4/12/2014 19:00,49,30,19
4/12/2014 20:00,25,18,7
4/12/2014 21:00,14,8,6
4/12/2014 22:00,15,6,9
4/12/2014 23:00,8,5,3
4/13/2014 0:00,0,0,0
4/13/2014 1:00,5,5,0
4/13/2014 2:00,3,3,0
4/13/2014 3:00,2,0,2
4/13/2014 4:00,0,0,0
4/13/2014 5:00,0,0,0
4/13/2014 6:00,0,0,0
4/13/2014 7:00,8,3,5
4/13/2014 8:00,8,3,5
4/13/2014 9:00,23,11,12
4/13/2014 10:00,42,24,18
4/13/2014 11:00,50,22,28
4/13/2014 12:00,63,34,29
4/13/2014 13:00,67,49,18
4/13/2014 14:00,49,30,19
4/13/2014 15:00,51,29,22
4/13/2014 16:00,58,43,15
4/13/2014 17:00,60,44,16
4/13/2014 18:00,54,36,18
4/13/2014 19:00,22,20,2
4/13/2014 20:00,24,16,8
4/13/2014 21:00,9,7,2
4/13/2014 22:00,9,6,3
4/13/2014 23:00,8,8,0
4/14/2014 0:00,0,0,0
4/14/2014 1:00,1,1,0
4/14/2014 2:00,1,1,0
4/14/2014 3:00,0,0,0
4/14/2014 4:00,0,0,0
4/14/2014 5:00,5,3,2
4/14/2014 6:00,9,5,4
4/14/2014 7:00,18,10,8
4/14/2014 8:00,29,18,11
4/14/2014 9:00,33,18,15
4/14/2014 10:00,23,14,9
4/14/2014 11:00,34,17,17
4/14/2014 12:00,33,16,17
4/14/2014 13:00,32,18,14
4/14/2014 14:00,28,22,6
4/14/2014 15:00,35,22,13
4/14/2014 16:00,51,25,26
4/14/2014 17:00,50,33,17
4/14/2014 18:00,50,30,20
4/14/2014 19:00,36,21,15
4/14/2014 20:00,29,22,7
4/14/2014 21:00,11,7,4
4/14/2014 22:00,4,4,0
4/14/2014 23:00,5,5,0
4/15/2014 0:00,4,4,0
4/15/2014 1:00,3,2,1
4/15/2014 2:00,0,0,0
4/15/2014 3:00,5,2,3
4/15/2014 4:00,0,0,0
4/15/2014 5:00,2,2,0
4/15/2014 6:00,7,2,5
4/15/2014 7:00,26,17,9
4/15/2014 8:00,48,36,12
4/15/2014 9:00,32,17,15
4/15/2014 10:00,27,18,9
4/15/2014 11:00,37,22,15
4/15/2014 12:00,66,47,19
4/15/2014 13:00,31,21,10
4/15/2014 14:00,18,12,6
4/15/2014 15:00,44,28,16
4/15/2014 16:00,48,34,14
4/15/2014 17:00,43,22,21
4/15/2014 18:00,22,14,8
4/15/2014 19:00,39,15,24
4/15/2014 20:00,15,13,2
4/15/2014 21:00,10,5,5
4/15/2014 22:00,8,6,2
4/15/2014 23:00,4,3,1
4/16/2014 0:00,0,0,0
4/16/2014 1:00,0,0,0
4/16/2014 2:00,0,0,0
4/16/2014 3:00,2,2,0
4/16/2014 4:00,0,0,0
4/16/2014 5:00,3,3,0
4/16/2014 6:00,12,6,6
4/16/2014 7:00,27,22,5
4/16/2014 8:00,34,29,5
4/16/2014 9:00,17,10,7
4/16/2014 10:00,23,14,9
4/16/2014 11:00,32,17,15
4/16/2014 12:00,37,17,20
4/16/2014 13:00,30,16,14
4/16/2014 14:00,38,17,21
4/16/2014 15:00,34,17,17
4/16/2014 16:00,34,25,9
4/16/2014 17:00,38,23,15
4/16/2014 18:00,40,22,18
4/16/2014 19:00,18,3,15
4/16/2014 20:00,15,10,5
4/16/2014 21:00,7,4,3
4/16/2014 22:00,12,7,5
4/16/2014 23:00,5,2,3
4/17/2014 0:00,0,0,0
4/17/2014 1:00,4,0,4
4/17/2014 2:00,0,0,0
4/17/2014 3:00,2,2,0
4/17/2014 4:00,0,0,0
4/17/2014 5:00,3,2,1
4/17/2014 6:00,7,5,2
4/17/2014 7:00,39,20,19
4/17/2014 8:00,27,19,8
4/17/2014 9:00,19,15,4
4/17/2014 10:00,21,13,8
4/17/2014 11:00,35,18,17
4/17/2014 12:00,24,7,17
4/17/2014 13:00,17,6,11
4/17/2014 14:00,20,14,6
4/17/2014 15:00,24,17,7
4/17/2014 16:00,28,14,14
4/17/2014 17:00,38,11,27
4/17/2014 18:00,32,10,22
4/17/2014 19:00,35,25,10
4/17/2014 20:00,17,9,8
4/17/2014 21:00,14,14,0
4/17/2014 22:00,2,0,2
4/17/2014 23:00,7,6,1
4/18/2014 0:00,0,0,0
4/18/2014 1:00,0,0,0
4/18/2014 2:00,2,2,0
4/18/2014 3:00,2,0,2
4/18/2014 4:00,0,0,0
4/18/2014 5:00,4,3,1
4/18/2014 6:00,7,3,4
4/18/2014 7:00,20,14,6
4/18/2014 8:00,33,22,11
4/18/2014 9:00,22,14,8
4/18/2014 10:00,31,20,11
4/18/2014 11:00,42,25,17
4/18/2014 12:00,33,15,18
4/18/2014 13:00,36,23,13
4/18/2014 14:00,43,25,18
4/18/2014 15:00,50,36,14
4/18/2014 16:00,34,18,16
4/18/2014 17:00,53,36,17
4/18/2014 18:00,60,31,29
4/18/2014 19:00,33,18,15
4/18/2014 20:00,28,19,9
4/18/2014 21:00,26,21,5
4/18/2014 22:00,19,17,2
4/18/2014 23:00,6,5,1
4/19/2014 0:00,8,7,1
4/19/2014 1:00,0,0,0
4/19/2014 2:00,4,4,0
4/19/2014 3:00,1,1,0
4/19/2014 4:00,0,0,0
4/19/2014 5:00,1,1,0
4/19/2014 6:00,0,0,0
4/19/2014 7:00,4,1,3
4/19/2014 8:00,17,12,5
4/19/2014 9:00,35,20,15
4/19/2014 10:00,32,15,17
4/19/2014 11:00,53,27,26
4/19/2014 12:00,57,35,22
4/19/2014 13:00,61,41,20
4/19/2014 14:00,59,32,27
4/19/2014 15:00,50,15,35
4/19/2014 16:00,25,14,11
4/19/2014 17:00,32,21,11
4/19/2014 18:00,44,33,11
4/19/2014 19:00,29,18,11
4/19/2014 20:00,34,26,8
4/19/2014 21:00,24,15,9
4/19/2014 22:00,13,9,4
4/19/2014 23:00,6,4,2
4/20/2014 0:00,4,4,0
4/20/2014 1:00,3,3,0
4/20/2014 2:00,9,5,4
4/20/2014 3:00,0,0,0
4/20/2014 4:00,0,0,0
4/20/2014 5:00,0,0,0
4/20/2014 6:00,1,0,1
4/20/2014 7:00,8,6,2
4/20/2014 8:00,10,6,4
4/20/2014 9:00,26,18,8
4/20/2014 10:00,35,26,9
4/20/2014 11:00,40,21,19
4/20/2014 12:00,46,21,25
4/20/2014 13:00,49,34,15
4/20/2014 14:00,36,17,19
4/20/2014 15:00,29,20,9
4/20/2014 16:00,27,18,9
4/20/2014 17:00,25,19,6
4/20/2014 18:00,23,17,6
4/20/2014 19:00,16,8,8
4/20/2014 20:00,10,9,1
4/20/2014 21:00,13,8,5
4/20/2014 22:00,4,4,0
4/20/2014 23:00,8,4,4
4/21/2014 0:00,1,0,1
4/21/2014 1:00,0,0,0
4/21/2014 2:00,0,0,0
4/21/2014 3:00,0,0,0
4/21/2014 4:00,0,0,0
4/21/2014 5:00,1,1,0
4/21/2014 6:00,9,4,5
4/21/2014 7:00,24,15,9
4/21/2014 8:00,21,9,12
4/21/2014 9:00,41,28,13
4/21/2014 10:00,24,7,17
4/21/2014 11:00,22,16,6
4/21/2014 12:00,42,20,22
4/21/2014 13:00,28,18,10
4/21/2014 14:00,24,18,6
4/21/2014 15:00,24,18,6
4/21/2014 16:00,22,15,7
4/21/2014 17:00,41,30,11
4/21/2014 18:00,43,21,22
4/21/2014 19:00,26,13,13
4/21/2014 20:00,25,15,10
4/21/2014 21:00,5,2,3
4/21/2014 22:00,5,5,0
4/21/2014 23:00,7,7,0
4/22/2014 0:00,3,3,0
4/22/2014 1:00,0,0,0
4/22/2014 2:00,0,0,0
4/22/2014 3:00,0,0,0
4/22/2014 4:00,0,0,0
4/22/2014 5:00,6,2,4
4/22/2014 6:00,5,2,3
4/22/2014 7:00,40,29,11
4/22/2014 8:00,23,15,8
4/22/2014 9:00,31,15,16
4/22/2014 10:00,23,14,9
4/22/2014 11:00,27,22,5
4/22/2014 12:00,40,27,13
4/22/2014 13:00,35,11,24
4/22/2014 14:00,28,20,8
4/22/2014 15:00,31,16,15
4/22/2014 16:00,53,26,27
4/22/2014 17:00,54,23,31
4/22/2014 18:00,26,11,15
4/22/2014 19:00,59,33,26
4/22/2014 20:00,30,25,5
4/22/2014 21:00,17,9,8
4/22/2014 22:00,10,8,2
4/22/2014 23:00,5,3,2
4/23/2014 0:00,1,0,1
4/23/2014 1:00,2,2,0
4/23/2014 2:00,1,1,0
4/23/2014 3:00,0,0,0
4/23/2014 4:00,0,0,0
4/23/2014 5:00,2,2,0
4/23/2014 6:00,4,2,2
4/23/2014 7:00,20,13,7
4/23/2014 8:00,29,18,11
4/23/2014 9:00,31,23,8
4/23/2014 10:00,20,15,5
4/23/2014 11:00,20,10,10
4/23/2014 12:00,26,21,5
4/23/2014 13:00,29,21,8
4/23/2014 14:00,25,17,8
4/23/2014 15:00,33,19,14
4/23/2014 16:00,30,19,11
4/23/2014 17:00,21,9,12
4/23/2014 18:00,16,8,8
4/23/2014 19:00,18,11,7
4/23/2014 20:00,13,8,5
4/23/2014 21:00,20,15,5
4/23/2014 22:00,11,6,5
4/23/2014 23:00,5,3,2
4/24/2014 0:00,5,4,1
4/24/2014 1:00,0,0,0
4/24/2014 2:00,0,0,0
4/24/2014 3:00,0,0,0
4/24/2014 4:00,0,0,0
4/24/2014 5:00,6,4,2
4/24/2014 6:00,5,2,3
4/24/2014 7:00,39,19,20
4/24/2014 8:00,39,17,22
4/24/2014 9:00,27,17,10
4/24/2014 10:00,32,24,8
4/24/2014 11:00,29,8,21
4/24/2014 12:00,29,17,12
4/24/2014 13:00,68,40,28
4/24/2014 14:00,40,21,19
4/24/2014 15:00,28,15,13
4/24/2014 16:00,43,21,22
4/24/2014 17:00,67,38,29
4/24/2014 18:00,50,32,18
4/24/2014 19:00,51,33,18
4/24/2014 20:00,18,6,12
4/24/2014 21:00,18,11,7
4/24/2014 22:00,9,6,3
4/24/2014 23:00,11,11,0
4/25/2014 0:00,4,2,2
4/25/2014 1:00,4,2,2
4/25/2014 2:00,6,0,6
4/25/2014 3:00,0,0,0
4/25/2014 4:00,0,0,0
4/25/2014 5:00,3,3,0
4/25/2014 6:00,12,7,5
4/25/2014 7:00,17,12,5
4/25/2014 8:00,36,22,14
4/25/2014 9:00,36,16,20
4/25/2014 10:00,25,16,9
4/25/2014 11:00,36,24,12
4/25/2014 12:00,44,33,11
4/25/2014 13:00,49,28,21
4/25/2014 14:00,28,12,16
4/25/2014 15:00,35,24,11
4/25/2014 16:00,43,29,14
4/25/2014 17:00,41,26,15
4/25/2014 18:00,55,28,27
4/25/2014 19:00,41,29,12
4/25/2014 20:00,15,7,8
4/25/2014 21:00,10,5,5
4/25/2014 22:00,5,2,3
4/25/2014 23:00,12,6,6
4/26/2014 0:00,8,7,1
4/26/2014 1:00,8,4,4
4/26/2014 2:00,2,0,2
4/26/2014 3:00,1,1,0
4/26/2014 4:00,0,0,0
4/26/2014 5:00,4,4,0
4/26/2014 6:00,5,5,0
4/26/2014 7:00,2,0,2
4/26/2014 8:00,19,15,4
4/26/2014 9:00,31,23,8
4/26/2014 10:00,43,25,18
4/26/2014 11:00,63,34,29
4/26/2014 12:00,52,24,28
4/26/2014 13:00,43,31,12
4/26/2014 14:00,69,37,32
4/26/2014 15:00,38,16,22
4/26/2014 16:00,54,30,24
4/26/2014 17:00,72,53,19
4/26/2014 18:00,45,27,18
4/26/2014 19:00,32,18,14
4/26/2014 20:00,24,18,6
4/26/2014 21:00,27,24,3
4/26/2014 22:00,10,10,0
4/26/2014 23:00,7,4,3
4/27/2014 0:00,3,2,1
4/27/2014 1:00,5,4,1
4/27/2014 2:00,1,0,1
4/27/2014 3:00,0,0,0
4/27/2014 4:00,0,0,0
4/27/2014 5:00,3,2,1
4/27/2014 6:00,0,0,0
4/27/2014 7:00,5,5,0
4/27/2014 8:00,12,5,7
4/27/2014 9:00,30,20,10
4/27/2014 10:00,62,34,28
4/27/2014 11:00,90,48,42
4/27/2014 12:00,67,44,23
4/27/2014 13:00,77,43,34
4/27/2014 14:00,51,38,13
4/27/2014 15:00,36,19,17
4/27/2014 16:00,55,38,17
4/27/2014 17:00,24,11,13
4/27/2014 18:00,38,17,21
4/27/2014 19:00,33,16,17
4/27/2014 20:00,16,10,6
4/27/2014 21:00,3,1,2
4/27/2014 22:00,6,5,1
4/27/2014 23:00,5,5,0
4/28/2014 0:00,0,0,0
4/28/2014 1:00,4,4,0
4/28/2014 2:00,0,0,0
4/28/2014 3:00,4,3,1
4/28/2014 4:00,2,2,0
4/28/2014 5:00,6,0,6
4/28/2014 6:00,2,1,1
4/28/2014 7:00,36,27,9
4/28/2014 8:00,30,18,12
4/28/2014 9:00,40,29,11
4/28/2014 10:00,18,17,1
4/28/2014 11:00,27,17,10
4/28/2014 12:00,40,23,17
4/28/2014 13:00,38,23,15
4/28/2014 14:00,32,21,11
4/28/2014 15:00,35,20,15
4/28/2014 16:00,41,26,15
4/28/2014 17:00,49,20,29
4/28/2014 18:00,47,28,19
4/28/2014 19:00,26,19,7
4/28/2014 20:00,26,17,9
4/28/2014 21:00,4,2,2
4/28/2014 22:00,6,4,2
4/28/2014 23:00,2,2,0
4/29/2014 0:00,2,2,0
4/29/2014 1:00,0,0,0
4/29/2014 2:00,0,0,0
4/29/2014 3:00,0,0,0
4/29/2014 4:00,0,0,0
4/29/2014 5:00,6,5,1
4/29/2014 6:00,13,9,4
4/29/2014 7:00,28,22,6
4/29/2014 8:00,21,13,8
4/29/2014 9:00,49,28,21
4/29/2014 10:00,20,9,11
4/29/2014 11:00,37,18,19
4/29/2014 12:00,46,29,17
4/29/2014 13:00,32,21,11
4/29/2014 14:00,28,16,12
4/29/2014 15:00,39,25,14
4/29/2014 16:00,35,22,13
4/29/2014 17:00,50,34,16
4/29/2014 18:00,69,32,37
4/29/2014 19:00,58,33,25
4/29/2014 20:00,32,21,11
4/29/2014 21:00,12,10,2
4/29/2014 22:00,6,2,4
4/29/2014 23:00,5,2,3
4/30/2014 0:00,6,4,2
4/30/2014 1:00,2,2,0
4/30/2014 2:00,2,2,0
4/30/2014 3:00,0,0,0
4/30/2014 4:00,1,1,0
4/30/2014 5:00,2,2,0
4/30/2014 6:00,11,8,3
4/30/2014 7:00,24,13,11
4/30/2014 8:00,28,13,15
4/30/2014 9:00,37,19,18
4/30/2014 10:00,21,14,7
4/30/2014 11:00,48,31,17
4/30/2014 12:00,38,24,14
4/30/2014 13:00,35,24,11
4/30/2014 14:00,47,33,14
4/30/2014 15:00,41,22,19
4/30/2014 16:00,56,37,19
4/30/2014 17:00,69,39,30
4/30/2014 18:00,60,33,27
4/30/2014 19:00,66,43,23
4/30/2014 20:00,26,15,11
4/30/2014 21:00,32,23,9
4/30/2014 22:00,13,6,7
4/30/2014 23:00,7,5,2
5/1/2014 0:00,2,2,0
5/1/2014 1:00,0,0,0
5/1/2014 2:00,1,0,1
5/1/2014 3:00,1,0,1
5/1/2014 4:00,0,0,0
5/1/2014 5:00,7,5,2
5/1/2014 6:00,26,20,6
5/1/2014 7:00,42,27,15
5/1/2014 8:00,51,37,14
5/1/2014 9:00,34,24,10
5/1/2014 10:00,34,11,23
5/1/2014 11:00,56,24,32
5/1/2014 12:00,38,18,20
5/1/2014 13:00,25,8,17
5/1/2014 14:00,35,25,10
5/1/2014 15:00,54,31,23
5/1/2014 16:00,45,25,20
5/1/2014 17:00,56,27,29
5/1/2014 18:00,42,25,17
5/1/2014 19:00,30,19,11
5/1/2014 20:00,26,18,8
5/1/2014 21:00,25,17,8
5/1/2014 22:00,11,8,3
5/1/2014 23:00,8,5,3
5/2/2014 0:00,6,5,1
5/2/2014 1:00,2,1,1
5/2/2014 2:00,2,2,0
5/2/2014 3:00,5,5,0
5/2/2014 4:00,0,0,0
5/2/2014 5:00,2,2,0
5/2/2014 6:00,11,7,4
5/2/2014 7:00,24,17,7
5/2/2014 8:00,54,42,12
5/2/2014 9:00,50,36,14
5/2/2014 10:00,32,22,10
5/2/2014 11:00,31,25,6
5/2/2014 12:00,34,21,13
5/2/2014 13:00,49,31,18
5/2/2014 14:00,44,26,18
5/2/2014 15:00,30,19,11
5/2/2014 16:00,58,27,31
5/2/2014 17:00,64,44,20
5/2/2014 18:00,64,36,28
5/2/2014 19:00,55,37,18
5/2/2014 20:00,25,16,9
5/2/2014 21:00,26,18,8
5/2/2014 22:00,22,15,7
5/2/2014 23:00,8,5,3
5/3/2014 0:00,2,0,2
5/3/2014 1:00,0,0,0
5/3/2014 2:00,4,3,1
5/3/2014 3:00,0,0,0
5/3/2014 4:00,0,0,0
5/3/2014 5:00,2,2,0
5/3/2014 6:00,4,4,0
5/3/2014 7:00,8,2,6
5/3/2014 8:00,29,20,9
5/3/2014 9:00,51,28,23
5/3/2014 10:00,49,31,18
5/3/2014 11:00,63,33,30
5/3/2014 12:00,49,28,21
5/3/2014 13:00,80,46,34
5/3/2014 14:00,59,39,20
5/3/2014 15:00,53,28,25
5/3/2014 16:00,23,15,8
5/3/2014 17:00,28,19,9
5/3/2014 18:00,41,34,7
5/3/2014 19:00,19,13,6
5/3/2014 20:00,24,14,10
5/3/2014 21:00,19,7,12
5/3/2014 22:00,16,8,8
5/3/2014 23:00,19,15,4
5/4/2014 0:00,6,6,0
5/4/2014 1:00,2,2,0
5/4/2014 2:00,1,0,1
5/4/2014 3:00,9,4,5
5/4/2014 4:00,0,0,0
5/4/2014 5:00,3,3,0
5/4/2014 6:00,1,1,0
5/4/2014 7:00,5,4,1
5/4/2014 8:00,9,7,2
5/4/2014 9:00,16,12,4
5/4/2014 10:00,33,23,10
5/4/2014 11:00,25,13,12
5/4/2014 12:00,43,25,18
5/4/2014 13:00,61,37,24
5/4/2014 14:00,43,28,15
5/4/2014 15:00,40,31,9
5/4/2014 16:00,32,25,7
5/4/2014 17:00,35,23,12
5/4/2014 18:00,33,26,7
5/4/2014 19:00,11,10,1
5/4/2014 20:00,13,12,1
5/4/2014 21:00,5,5,0
5/4/2014 22:00,3,2,1
5/4/2014 23:00,11,9,2
5/5/2014 0:00,2,2,0
5/5/2014 1:00,0,0,0
5/5/2014 2:00,4,4,0
5/5/2014 3:00,0,0,0
5/5/2014 4:00,2,2,0
5/5/2014 5:00,4,3,1
5/5/2014 6:00,21,14,7
5/5/2014 7:00,31,21,10
5/5/2014 8:00,45,33,12
5/5/2014 9:00,29,17,12
5/5/2014 10:00,23,17,6
5/5/2014 11:00,42,25,17
5/5/2014 12:00,40,15,25
5/5/2014 13:00,43,28,15
5/5/2014 14:00,30,24,6
5/5/2014 15:00,34,20,14
5/5/2014 16:00,23,16,7
5/5/2014 17:00,36,25,11
5/5/2014 18:00,48,29,19
5/5/2014 19:00,35,21,14
5/5/2014 20:00,22,15,7
5/5/2014 21:00,14,11,3
5/5/2014 22:00,9,8,1
5/5/2014 23:00,7,6,1
5/6/2014 0:00,6,5,1
5/6/2014 1:00,3,2,1
5/6/2014 2:00,0,0,0
5/6/2014 3:00,0,0,0
5/6/2014 4:00,0,0,0
5/6/2014 5:00,2,2,0
5/6/2014 6:00,16,12,4
5/6/2014 7:00,27,18,9
5/6/2014 8:00,31,17,14
5/6/2014 9:00,33,20,13
5/6/2014 10:00,27,16,11
5/6/2014 11:00,18,11,7
5/6/2014 12:00,23,17,6
5/6/2014 13:00,28,21,7
5/6/2014 14:00,31,23,8
5/6/2014 15:00,17,13,4
5/6/2014 16:00,32,25,7
5/6/2014 17:00,35,25,10
5/6/2014 18:00,50,33,17
5/6/2014 19:00,26,16,10
5/6/2014 20:00,31,28,3
5/6/2014 21:00,16,10,6
5/6/2014 22:00,4,3,1
5/6/2014 23:00,4,4,0
5/7/2014 0:00,0,0,0
5/7/2014 1:00,0,0,0
5/7/2014 2:00,0,0,0
5/7/2014 3:00,0,0,0
5/7/2014 4:00,0,0,0
5/7/2014 5:00,2,2,0
5/7/2014 6:00,3,0,3
5/7/2014 7:00,38,32,6
5/7/2014 8:00,35,23,12
5/7/2014 9:00,44,30,14
5/7/2014 10:00,30,15,15
5/7/2014 11:00,28,15,13
5/7/2014 12:00,33,24,9
5/7/2014 13:00,26,16,10
5/7/2014 14:00,38,22,16
5/7/2014 15:00,49,25,24
5/7/2014 16:00,37,23,14
5/7/2014 17:00,48,26,22
5/7/2014 18:00,56,37,19
5/7/2014 19:00,44,29,15
5/7/2014 20:00,16,15,1
5/7/2014 21:00,21,19,2
5/7/2014 22:00,13,13,0
5/7/2014 23:00,6,5,1
5/8/2014 0:00,0,0,0
5/8/2014 1:00,0,0,0
5/8/2014 2:00,2,2,0
5/8/2014 3:00,0,0,0
5/8/2014 4:00,2,2,0
5/8/2014 5:00,0,0,0
5/8/2014 6:00,7,4,3
5/8/2014 7:00,38,33,5
5/8/2014 8:00,39,32,7
5/8/2014 9:00,22,17,5
5/8/2014 10:00,19,16,3
5/8/2014 11:00,23,11,12
5/8/2014 12:00,18,16,2
5/8/2014 13:00,29,18,11
5/8/2014 14:00,29,14,15
5/8/2014 15:00,40,26,14
5/8/2014 16:00,30,14,16
5/8/2014 17:00,54,39,15
5/8/2014 18:00,35,30,5
5/8/2014 19:00,39,30,9
5/8/2014 20:00,25,15,10
5/8/2014 21:00,9,4,5
5/8/2014 22:00,16,13,3
5/8/2014 23:00,6,6,0
5/9/2014 0:00,2,2,0
5/9/2014 1:00,0,0,0
5/9/2014 2:00,0,0,0
5/9/2014 3:00,2,2,0
5/9/2014 4:00,0,0,0
5/9/2014 5:00,0,0,0
5/9/2014 6:00,18,17,1
5/9/2014 7:00,26,19,7
5/9/2014 8:00,16,11,5
5/9/2014 9:00,37,27,10
5/9/2014 10:00,21,12,9
5/9/2014 11:00,32,12,20
5/9/2014 12:00,33,21,12
5/9/2014 13:00,34,22,12
5/9/2014 14:00,23,15,8
5/9/2014 15:00,38,26,12
5/9/2014 16:00,29,24,5
5/9/2014 17:00,51,35,16
5/9/2014 18:00,28,16,12
5/9/2014 19:00,37,28,9
5/9/2014 20:00,18,14,4
5/9/2014 21:00,24,17,7
5/9/2014 22:00,12,12,0
5/9/2014 23:00,7,6,1
5/10/2014 0:00,4,4,0
5/10/2014 1:00,3,3,0
5/10/2014 2:00,7,6,1
5/10/2014 3:00,0,0,0
5/10/2014 4:00,2,2,0
5/10/2014 5:00,2,2,0
5/10/2014 6:00,0,0,0
5/10/2014 7:00,10,10,0
5/10/2014 8:00,15,14,1
5/10/2014 9:00,38,28,10
5/10/2014 10:00,41,26,15
5/10/2014 11:00,53,34,19
5/10/2014 12:00,51,38,13
5/10/2014 13:00,54,42,12
5/10/2014 14:00,41,27,14
5/10/2014 15:00,42,34,8
5/10/2014 16:00,43,26,17
5/10/2014 17:00,38,30,8
5/10/2014 18:00,22,11,11
5/10/2014 19:00,25,19,6
5/10/2014 20:00,18,9,9
5/10/2014 21:00,5,5,0
5/10/2014 22:00,10,9,1
5/10/2014 23:00,2,2,0
5/11/2014 0:00,4,3,1
5/11/2014 1:00,6,4,2
5/11/2014 2:00,2,2,0
5/11/2014 3:00,2,2,0
5/11/2014 4:00,0,0,0
5/11/2014 5:00,1,0,1
5/11/2014 6:00,2,2,0
5/11/2014 7:00,2,0,2
5/11/2014 8:00,1,1,0
5/11/2014 9:00,15,5,10
5/11/2014 10:00,45,30,15
5/11/2014 11:00,44,28,16
5/11/2014 12:00,49,22,27
5/11/2014 13:00,45,21,24
5/11/2014 14:00,70,41,29
5/11/2014 15:00,55,39,16
5/11/2014 16:00,28,19,9
5/11/2014 17:00,38,20,18
5/11/2014 18:00,21,14,7
5/11/2014 19:00,18,10,8
5/11/2014 20:00,15,12,3
5/11/2014 21:00,10,6,4
5/11/2014 22:00,12,10,2
5/11/2014 23:00,5,5,0
5/12/2014 0:00,4,2,2
5/12/2014 1:00,2,2,0
5/12/2014 2:00,0,0,0
5/12/2014 3:00,0,0,0
5/12/2014 4:00,4,4,0
5/12/2014 5:00,7,5,2
5/12/2014 6:00,9,5,4
5/12/2014 7:00,9,8,1
5/12/2014 8:00,29,16,13
5/12/2014 9:00,23,16,7
5/12/2014 10:00,27,18,9
5/12/2014 11:00,24,16,8
5/12/2014 12:00,28,17,11
5/12/2014 13:00,43,23,20
5/12/2014 14:00,26,14,12
5/12/2014 15:00,38,25,13
5/12/2014 16:00,38,19,19
5/12/2014 17:00,49,32,17
5/12/2014 18:00,46,30,16
5/12/2014 19:00,21,15,6
5/12/2014 20:00,24,17,7
5/12/2014 21:00,16,13,3
5/12/2014 22:00,8,6,2
5/12/2014 23:00,4,3,1
5/13/2014 0:00,6,6,0
5/13/2014 1:00,2,2,0
5/13/2014 2:00,0,0,0
5/13/2014 3:00,0,0,0
5/13/2014 4:00,0,0,0
5/13/2014 5:00,4,4,0
5/13/2014 6:00,10,2,8
5/13/2014 7:00,22,13,9
5/13/2014 8:00,19,15,4
5/13/2014 9:00,29,21,8
5/13/2014 10:00,27,15,12
5/13/2014 11:00,20,10,10
5/13/2014 12:00,35,19,16
5/13/2014 13:00,24,18,6
5/13/2014 14:00,31,21,10
5/13/2014 15:00,28,19,9
5/13/2014 16:00,48,35,13
5/13/2014 17:00,62,40,22
5/13/2014 18:00,64,34,30
5/13/2014 19:00,44,28,16
5/13/2014 20:00,36,25,11
5/13/2014 21:00,16,14,2
5/13/2014 22:00,7,6,1
5/13/2014 23:00,4,4,0
5/14/2014 0:00,2,2,0
5/14/2014 1:00,2,0,2
5/14/2014 2:00,0,0,0
5/14/2014 3:00,0,0,0
5/14/2014 4:00,2,2,0
5/14/2014 5:00,3,3,0
5/14/2014 6:00,14,10,4
5/14/2014 7:00,26,20,6
5/14/2014 8:00,29,17,12
5/14/2014 9:00,19,10,9
5/14/2014 10:00,31,22,9
5/14/2014 11:00,38,17,21
5/14/2014 12:00,24,15,9
5/14/2014 13:00,27,21,6
5/14/2014 14:00,26,14,12
5/14/2014 15:00,31,18,13
5/14/2014 16:00,42,22,20
5/14/2014 17:00,46,21,25
5/14/2014 18:00,60,35,25
5/14/2014 19:00,48,40,8
5/14/2014 20:00,22,19,3
5/14/2014 21:00,18,15,3
5/14/2014 22:00,21,21,0
5/14/2014 23:00,10,7,3
5/15/2014 0:00,1,0,1
5/15/2014 1:00,3,3,0
5/15/2014 2:00,3,3,0
5/15/2014 3:00,0,0,0
5/15/2014 4:00,0,0,0
5/15/2014 5:00,3,2,1
5/15/2014 6:00,7,7,0
5/15/2014 7:00,32,20,12
5/15/2014 8:00,42,39,3
5/15/2014 9:00,27,20,7
5/15/2014 10:00,29,19,10
5/15/2014 11:00,42,23,19
5/15/2014 12:00,32,17,15
5/15/2014 13:00,30,19,11
5/15/2014 14:00,36,29,7
5/15/2014 15:00,35,24,11
5/15/2014 16:00,57,37,20
5/15/2014 17:00,36,22,14
5/15/2014 18:00,53,31,22
5/15/2014 19:00,29,15,14
5/15/2014 20:00,21,16,5
5/15/2014 21:00,24,18,6
5/15/2014 22:00,10,10,0
5/15/2014 23:00,10,9,1
5/16/2014 0:00,6,1,5
5/16/2014 1:00,0,0,0
5/16/2014 2:00,6,1,5
5/16/2014 3:00,0,0,0
5/16/2014 4:00,0,0,0
5/16/2014 5:00,9,6,3
5/16/2014 6:00,14,9,5
5/16/2014 7:00,30,24,6
5/16/2014 8:00,48,37,11
5/16/2014 9:00,29,18,11
5/16/2014 10:00,21,13,8
5/16/2014 11:00,37,21,16
5/16/2014 12:00,49,38,11
5/16/2014 13:00,36,19,17
5/16/2014 14:00,19,15,4
5/16/2014 15:00,41,23,18
5/16/2014 16:00,30,21,9
5/16/2014 17:00,57,26,31
5/16/2014 18:00,32,21,11
5/16/2014 19:00,49,27,22
5/16/2014 20:00,28,11,17
5/16/2014 21:00,14,6,8
5/16/2014 22:00,15,5,10
5/16/2014 23:00,8,8,0
5/17/2014 0:00,3,3,0
5/17/2014 1:00,8,6,2
5/17/2014 2:00,0,0,0
5/17/2014 3:00,10,6,4
5/17/2014 4:00,3,0,3
5/17/2014 5:00,4,4,0
5/17/2014 6:00,2,2,0
5/17/2014 7:00,11,6,5
5/17/2014 8:00,18,12,6
5/17/2014 9:00,27,15,12
5/17/2014 10:00,39,16,23
5/17/2014 11:00,60,43,17
5/17/2014 12:00,48,34,14
5/17/2014 13:00,68,40,28
5/17/2014 14:00,84,31,53
5/17/2014 15:00,91,55,36
5/17/2014 16:00,73,50,23
5/17/2014 17:00,101,53,48
5/17/2014 18:00,100,57,43
5/17/2014 19:00,84,45,39
5/17/2014 20:00,26,23,3
5/17/2014 21:00,28,27,1
5/17/2014 22:00,9,7,2
5/17/2014 23:00,19,8,11
5/18/2014 0:00,1,1,0
5/18/2014 1:00,4,3,1
5/18/2014 2:00,2,2,0
5/18/2014 3:00,0,0,0
5/18/2014 4:00,0,0,0
5/18/2014 5:00,2,2,0
5/18/2014 6:00,1,1,0
5/18/2014 7:00,4,2,2
5/18/2014 8:00,12,9,3
5/18/2014 9:00,18,17,1
5/18/2014 10:00,34,19,15
5/18/2014 11:00,51,36,15
5/18/2014 12:00,50,34,16
5/18/2014 13:00,65,46,19
5/18/2014 14:00,60,42,18
5/18/2014 15:00,36,30,6
5/18/2014 16:00,51,34,17
5/18/2014 17:00,38,31,7
5/18/2014 18:00,41,34,7
5/18/2014 19:00,14,8,6
5/18/2014 20:00,19,17,2
5/18/2014 21:00,12,9,3
5/18/2014 22:00,2,2,0
5/18/2014 23:00,2,2,0
5/19/2014 0:00,2,2,0
5/19/2014 1:00,0,0,0
5/19/2014 2:00,1,0,1
5/19/2014 3:00,0,0,0
5/19/2014 4:00,4,3,1
5/19/2014 5:00,2,2,0
5/19/2014 6:00,9,7,2
5/19/2014 7:00,22,17,5
5/19/2014 8:00,33,23,10
5/19/2014 9:00,39,30,9
5/19/2014 10:00,42,34,8
5/19/2014 11:00,36,28,8
5/19/2014 12:00,54,33,21
5/19/2014 13:00,26,18,8
5/19/2014 14:00,22,14,8
5/19/2014 15:00,38,27,11
5/19/2014 16:00,43,28,15
5/19/2014 17:00,63,37,26
5/19/2014 18:00,55,28,27
5/19/2014 19:00,38,25,13
5/19/2014 20:00,21,11,10
5/19/2014 21:00,26,19,7
5/19/2014 22:00,8,7,1
5/19/2014 23:00,6,6,0
5/20/2014 0:00,0,0,0
5/20/2014 1:00,2,2,0
5/20/2014 2:00,2,2,0
5/20/2014 3:00,0,0,0
5/20/2014 4:00,0,0,0
5/20/2014 5:00,2,2,0
5/20/2014 6:00,5,3,2
5/20/2014 7:00,30,25,5
5/20/2014 8:00,28,22,6
5/20/2014 9:00,37,24,13
5/20/2014 10:00,31,17,14
5/20/2014 11:00,27,15,12
5/20/2014 12:00,46,20,26
5/20/2014 13:00,36,18,18
5/20/2014 14:00,27,13,14
5/20/2014 15:00,31,12,19
5/20/2014 16:00,52,30,22
5/20/2014 17:00,40,14,26
5/20/2014 18:00,48,16,32
5/20/2014 19:00,32,20,12
5/20/2014 20:00,16,12,4
5/20/2014 21:00,12,10,2
5/20/2014 22:00,9,8,1
5/20/2014 23:00,7,7,0
5/21/2014 0:00,3,2,1
5/21/2014 1:00,3,0,3
5/21/2014 2:00,2,0,2
5/21/2014 3:00,0,0,0
5/21/2014 4:00,2,2,0
5/21/2014 5:00,3,2,1
5/21/2014 6:00,3,1,2
5/21/2014 7:00,30,11,19
5/21/2014 8:00,21,13,8
5/21/2014 9:00,29,23,6
5/21/2014 10:00,23,18,5
5/21/2014 11:00,12,4,8
5/21/2014 12:00,46,32,14
5/21/2014 13:00,24,20,4
5/21/2014 14:00,28,17,11
5/21/2014 15:00,33,20,13
5/21/2014 16:00,30,19,11
5/21/2014 17:00,46,30,16
5/21/2014 18:00,59,33,26
5/21/2014 19:00,30,18,12
5/21/2014 20:00,26,16,10
5/21/2014 21:00,13,9,4
5/21/2014 22:00,16,14,2
5/21/2014 23:00,9,9,0
5/22/2014 0:00,2,1,1
5/22/2014 1:00,3,1,2
5/22/2014 2:00,0,0,0
5/22/2014 3:00,2,2,0
5/22/2014 4:00,1,0,1
5/22/2014 5:00,1,0,1
5/22/2014 6:00,6,5,1
5/22/2014 7:00,25,20,5
5/22/2014 8:00,44,22,22
5/22/2014 9:00,27,16,11
5/22/2014 10:00,37,27,10
5/22/2014 11:00,40,36,4
5/22/2014 12:00,38,30,8
5/22/2014 13:00,45,33,12
5/22/2014 14:00,42,34,8
5/22/2014 15:00,26,18,8
5/22/2014 16:00,37,22,15
5/22/2014 17:00,41,30,11
5/22/2014 18:00,38,22,16
5/22/2014 19:00,27,15,12
5/22/2014 20:00,23,13,10
5/22/2014 21:00,21,13,8
5/22/2014 22:00,14,6,8
5/22/2014 23:00,15,12,3
5/23/2014 0:00,8,7,1
5/23/2014 1:00,2,2,0
5/23/2014 2:00,0,0,0
5/23/2014 3:00,2,2,0
5/23/2014 4:00,5,2,3
5/23/2014 5:00,7,6,1
5/23/2014 6:00,10,7,3
5/23/2014 7:00,22,18,4
5/23/2014 8:00,37,29,8
5/23/2014 9:00,32,21,11
5/23/2014 10:00,19,12,7
5/23/2014 11:00,29,17,12
5/23/2014 12:00,34,25,9
5/23/2014 13:00,42,29,13
5/23/2014 14:00,40,31,9
5/23/2014 15:00,24,13,11
5/23/2014 16:00,37,23,14
5/23/2014 17:00,28,23,5
5/23/2014 18:00,47,35,12
5/23/2014 19:00,28,18,10
5/23/2014 20:00,13,8,5
5/23/2014 21:00,20,14,6
5/23/2014 22:00,5,5,0
5/23/2014 23:00,7,5,2
5/24/2014 0:00,2,1,1
5/24/2014 1:00,4,2,2
5/24/2014 2:00,4,4,0
5/24/2014 3:00,0,0,0
5/24/2014 4:00,0,0,0
5/24/2014 5:00,2,1,1
5/24/2014 6:00,0,0,0
5/24/2014 7:00,9,7,2
5/24/2014 8:00,16,11,5
5/24/2014 9:00,26,20,6
5/24/2014 10:00,21,15,6
5/24/2014 11:00,41,13,28
5/24/2014 12:00,56,33,23
5/24/2014 13:00,59,36,23
5/24/2014 14:00,43,29,14
5/24/2014 15:00,35,22,13
5/24/2014 16:00,40,20,20
5/24/2014 17:00,23,16,7
5/24/2014 18:00,29,15,14
5/24/2014 19:00,32,26,6
5/24/2014 20:00,8,7,1
5/24/2014 21:00,23,18,5
5/24/2014 22:00,11,10,1
5/24/2014 23:00,6,5,1
5/25/2014 0:00,2,2,0
5/25/2014 1:00,2,2,0
5/25/2014 2:00,0,0,0
5/25/2014 3:00,2,2,0
5/25/2014 4:00,0,0,0
5/25/2014 5:00,0,0,0
5/25/2014 6:00,2,2,0
5/25/2014 7:00,8,7,1
5/25/2014 8:00,8,3,5
5/25/2014 9:00,19,15,4
5/25/2014 10:00,19,9,10
5/25/2014 11:00,40,25,15
5/25/2014 12:00,51,42,9
5/25/2014 13:00,48,30,18
5/25/2014 14:00,38,24,14
5/25/2014 15:00,14,10,4
5/25/2014 16:00,40,24,16
5/25/2014 17:00,20,10,10
5/25/2014 18:00,14,13,1
5/25/2014 19:00,13,10,3
5/25/2014 20:00,14,10,4
5/25/2014 21:00,10,7,3
5/25/2014 22:00,4,4,0
5/25/2014 23:00,4,4,0
5/26/2014 0:00,0,0,0
5/26/2014 1:00,7,6,1
5/26/2014 2:00,4,3,1
5/26/2014 3:00,0,0,0
5/26/2014 4:00,0,0,0
5/26/2014 5:00,2,2,0
5/26/2014 6:00,0,0,0
5/26/2014 7:00,3,2,1
5/26/2014 8:00,11,4,7
5/26/2014 9:00,14,10,4
5/26/2014 10:00,24,8,16
5/26/2014 11:00,43,27,16
5/26/2014 12:00,36,13,23
5/26/2014 13:00,44,29,15
5/26/2014 14:00,40,24,16
5/26/2014 15:00,38,28,10
5/26/2014 16:00,30,15,15
5/26/2014 17:00,25,14,11
5/26/2014 18:00,31,20,11
5/26/2014 19:00,35,29,6
5/26/2014 20:00,22,13,9
5/26/2014 21:00,14,14,0
5/26/2014 22:00,4,4,0
5/26/2014 23:00,1,1,0
5/27/2014 0:00,0,0,0
5/27/2014 1:00,2,2,0
5/27/2014 2:00,0,0,0
5/27/2014 3:00,3,0,3
5/27/2014 4:00,0,0,0
5/27/2014 5:00,0,0,0
5/27/2014 6:00,5,2,3
5/27/2014 7:00,29,24,5
5/27/2014 8:00,40,24,16
5/27/2014 9:00,25,18,7
5/27/2014 10:00,33,26,7
5/27/2014 11:00,25,16,9
5/27/2014 12:00,44,26,18
5/27/2014 13:00,24,15,9
5/27/2014 14:00,43,19,24
5/27/2014 15:00,44,26,18
5/27/2014 16:00,37,18,19
5/27/2014 17:00,53,28,25
5/27/2014 18:00,49,30,19
5/27/2014 19:00,30,20,10
5/27/2014 20:00,28,20,8
5/27/2014 21:00,15,12,3
5/27/2014 22:00,8,4,4
5/27/2014 23:00,6,6,0
5/28/2014 0:00,2,2,0
5/28/2014 1:00,0,0,0
5/28/2014 2:00,0,0,0
5/28/2014 3:00,0,0,0
5/28/2014 4:00,2,2,0
5/28/2014 5:00,0,0,0
5/28/2014 6:00,5,2,3
5/28/2014 7:00,21,17,4
5/28/2014 8:00,34,22,12
5/28/2014 9:00,46,25,21
5/28/2014 10:00,14,9,5
5/28/2014 11:00,31,16,15
5/28/2014 12:00,38,27,11
5/28/2014 13:00,29,17,12
5/28/2014 14:00,36,19,17
5/28/2014 15:00,41,22,19
5/28/2014 16:00,36,24,12
5/28/2014 17:00,33,24,9
5/28/2014 18:00,54,36,18
5/28/2014 19:00,21,11,10
5/28/2014 20:00,32,22,10
5/28/2014 21:00,14,8,6
5/28/2014 22:00,9,6,3
5/28/2014 23:00,4,4,0
5/29/2014 0:00,2,2,0
5/29/2014 1:00,0,0,0
5/29/2014 2:00,4,4,0
5/29/2014 3:00,0,0,0
5/29/2014 4:00,2,2,0
5/29/2014 5:00,3,3,0
5/29/2014 6:00,17,12,5
5/29/2014 7:00,38,25,13
5/29/2014 8:00,32,16,16
5/29/2014 9:00,32,27,5
5/29/2014 10:00,21,12,9
5/29/2014 11:00,24,14,10
5/29/2014 12:00,31,18,13
5/29/2014 13:00,53,37,16
5/29/2014 14:00,15,5,10
5/29/2014 15:00,75,27,48
5/29/2014 16:00,35,20,15
5/29/2014 17:00,77,48,29
5/29/2014 18:00,61,47,14
5/29/2014 19:00,55,32,23
5/29/2014 20:00,22,17,5
5/29/2014 21:00,20,16,4
5/29/2014 22:00,5,5,0
5/29/2014 23:00,4,4,0
5/30/2014 0:00,3,3,0
5/30/2014 1:00,3,3,0
5/30/2014 2:00,4,4,0
5/30/2014 3:00,0,0,0
5/30/2014 4:00,0,0,0
5/30/2014 5:00,0,0,0
5/30/2014 6:00,7,2,5
5/30/2014 7:00,14,11,3
5/30/2014 8:00,22,12,10
5/30/2014 9:00,32,26,6
5/30/2014 10:00,24,17,7
5/30/2014 11:00,29,16,13
5/30/2014 12:00,56,42,14
5/30/2014 13:00,33,17,16
5/30/2014 14:00,48,29,19
5/30/2014 15:00,46,25,21
5/30/2014 16:00,53,31,22
5/30/2014 17:00,53,34,19
5/30/2014 18:00,77,40,37
5/30/2014 19:00,49,33,16
5/30/2014 20:00,26,18,8
5/30/2014 21:00,24,17,7
5/30/2014 22:00,16,12,4
5/30/2014 23:00,5,4,1
5/31/2014 0:00,13,10,3
5/31/2014 1:00,6,6,0
5/31/2014 2:00,0,0,0
5/31/2014 3:00,0,0,0
5/31/2014 4:00,2,2,0
5/31/2014 5:00,5,4,1
5/31/2014 6:00,9,7,2
5/31/2014 7:00,3,2,1
5/31/2014 8:00,19,14,5
5/31/2014 9:00,36,19,17
5/31/2014 10:00,52,36,16
5/31/2014 11:00,70,35,35
5/31/2014 12:00,74,39,35
5/31/2014 13:00,63,40,23
5/31/2014 14:00,56,44,12
5/31/2014 15:00,45,24,21
5/31/2014 16:00,52,27,25
5/31/2014 17:00,44,29,15
5/31/2014 18:00,30,23,7
5/31/2014 19:00,40,28,12
5/31/2014 20:00,25,16,9
5/31/2014 21:00,12,10,2
5/31/2014 22:00,8,6,2
5/31/2014 23:00,7,6,1
6/1/2014 0:00,4,3,1
6/1/2014 1:00,3,2,1
6/1/2014 2:00,2,2,0
6/1/2014 3:00,4,4,0
6/1/2014 4:00,2,2,0
6/1/2014 5:00,2,2,0
6/1/2014 6:00,0,0,0
6/1/2014 7:00,2,1,1
6/1/2014 8:00,11,7,4
6/1/2014 9:00,17,5,12
6/1/2014 10:00,30,17,13
6/1/2014 11:00,64,29,35
6/1/2014 12:00,76,46,30
6/1/2014 13:00,66,34,32
6/1/2014 14:00,82,47,35
6/1/2014 15:00,41,20,21
6/1/2014 16:00,72,46,26
6/1/2014 17:00,59,40,19
6/1/2014 18:00,37,19,18
6/1/2014 19:00,35,23,12
6/1/2014 20:00,31,20,11
6/1/2014 21:00,20,16,4
6/1/2014 22:00,5,4,1
6/1/2014 23:00,2,2,0
6/2/2014 0:00,3,2,1
6/2/2014 1:00,2,0,2
6/2/2014 2:00,0,0,0
6/2/2014 3:00,0,0,0
6/2/2014 4:00,1,1,0
6/2/2014 5:00,2,2,0
6/2/2014 6:00,10,8,2
6/2/2014 7:00,25,18,7
6/2/2014 8:00,20,15,5
6/2/2014 9:00,18,12,6
6/2/2014 10:00,25,11,14
6/2/2014 11:00,41,27,14
6/2/2014 12:00,45,23,22
6/2/2014 13:00,37,23,14
6/2/2014 14:00,33,19,14
6/2/2014 15:00,25,15,10
6/2/2014 16:00,45,24,21
6/2/2014 17:00,44,20,24
6/2/2014 18:00,53,35,18
6/2/2014 19:00,33,19,14
6/2/2014 20:00,16,14,2
6/2/2014 21:00,17,13,4
6/2/2014 22:00,7,5,2
6/2/2014 23:00,5,4,1
6/3/2014 0:00,5,5,0
6/3/2014 1:00,0,0,0
6/3/2014 2:00,0,0,0
6/3/2014 3:00,0,0,0
6/3/2014 4:00,0,0,0
6/3/2014 5:00,0,0,0
6/3/2014 6:00,4,2,2
6/3/2014 7:00,28,18,10
6/3/2014 8:00,28,11,17
6/3/2014 9:00,38,25,13
6/3/2014 10:00,23,17,6
6/3/2014 11:00,34,16,18
6/3/2014 12:00,36,24,12
6/3/2014 13:00,23,16,7
6/3/2014 14:00,18,15,3
6/3/2014 15:00,24,17,7
6/3/2014 16:00,27,20,7
6/3/2014 17:00,43,27,16
6/3/2014 18:00,44,25,19
6/3/2014 19:00,33,18,15
6/3/2014 20:00,31,24,7
6/3/2014 21:00,19,17,2
6/3/2014 22:00,22,17,5
6/3/2014 23:00,6,6,0
6/4/2014 0:00,1,1,0
6/4/2014 1:00,1,0,1
6/4/2014 2:00,0,0,0
6/4/2014 3:00,0,0,0
6/4/2014 4:00,0,0,0
6/4/2014 5:00,8,8,0
6/4/2014 6:00,7,6,1
6/4/2014 7:00,27,23,4
6/4/2014 8:00,49,37,12
6/4/2014 9:00,31,23,8
6/4/2014 10:00,33,20,13
6/4/2014 11:00,39,24,15
6/4/2014 12:00,30,10,20
6/4/2014 13:00,32,18,14
6/4/2014 14:00,42,25,17
6/4/2014 15:00,38,23,15
6/4/2014 16:00,46,35,11
6/4/2014 17:00,34,19,15
6/4/2014 18:00,66,37,29
6/4/2014 19:00,53,20,33
6/4/2014 20:00,30,17,13
6/4/2014 21:00,16,9,7
6/4/2014 22:00,5,4,1
6/4/2014 23:00,6,6,0
6/5/2014 0:00,0,0,0
6/5/2014 1:00,6,4,2
6/5/2014 2:00,3,1,2
6/5/2014 3:00,0,0,0
6/5/2014 4:00,0,0,0
6/5/2014 5:00,0,0,0
6/5/2014 6:00,4,3,1
6/5/2014 7:00,22,15,7
6/5/2014 8:00,30,22,8
6/5/2014 9:00,38,29,9
6/5/2014 10:00,26,16,10
6/5/2014 11:00,46,27,19
6/5/2014 12:00,56,34,22
6/5/2014 13:00,24,18,6
6/5/2014 14:00,49,37,12
6/5/2014 15:00,29,21,8
6/5/2014 16:00,34,26,8
6/5/2014 17:00,54,29,25
6/5/2014 18:00,46,26,20
6/5/2014 19:00,54,39,15
6/5/2014 20:00,26,9,17
6/5/2014 21:00,20,14,6
6/5/2014 22:00,14,9,5
6/5/2014 23:00,13,13,0
6/6/2014 0:00,0,0,0
6/6/2014 1:00,2,2,0
6/6/2014 2:00,0,0,0
6/6/2014 3:00,0,0,0
6/6/2014 4:00,0,0,0
6/6/2014 5:00,1,1,0
6/6/2014 6:00,15,12,3
6/6/2014 7:00,26,23,3
6/6/2014 8:00,44,28,16
6/6/2014 9:00,32,22,10
6/6/2014 10:00,58,25,33
6/6/2014 11:00,37,21,16
6/6/2014 12:00,53,43,10
6/6/2014 13:00,47,28,19
6/6/2014 14:00,34,26,8
6/6/2014 15:00,38,25,13
6/6/2014 16:00,52,40,12
6/6/2014 17:00,50,35,15
6/6/2014 18:00,60,37,23
6/6/2014 19:00,39,28,11
6/6/2014 20:00,21,17,4
6/6/2014 21:00,33,28,5
6/6/2014 22:00,9,9,0
6/6/2014 23:00,1,0,1
6/7/2014 0:00,4,3,1
6/7/2014 1:00,2,2,0
6/7/2014 2:00,1,0,1
6/7/2014 3:00,0,0,0
6/7/2014 4:00,2,2,0
6/7/2014 5:00,2,2,0
6/7/2014 6:00,1,0,1
6/7/2014 7:00,5,5,0
6/7/2014 8:00,15,9,6
6/7/2014 9:00,35,19,16
6/7/2014 10:00,38,20,18
6/7/2014 11:00,37,19,18
6/7/2014 12:00,54,29,25
6/7/2014 13:00,45,25,20
6/7/2014 14:00,51,39,12
6/7/2014 15:00,68,37,31
6/7/2014 16:00,75,42,33
6/7/2014 17:00,76,45,31
6/7/2014 18:00,58,32,26
6/7/2014 19:00,58,47,11
6/7/2014 20:00,27,22,5
6/7/2014 21:00,22,14,8
6/7/2014 22:00,25,21,4
6/7/2014 23:00,4,3,1
6/8/2014 0:00,5,3,2
6/8/2014 1:00,4,4,0
6/8/2014 2:00,2,2,0
6/8/2014 3:00,2,2,0
6/8/2014 4:00,0,0,0
6/8/2014 5:00,0,0,0
6/8/2014 6:00,6,3,3
6/8/2014 7:00,5,2,3
6/8/2014 8:00,12,6,6
6/8/2014 9:00,23,17,6
6/8/2014 10:00,14,11,3
6/8/2014 11:00,49,32,17
6/8/2014 12:00,66,27,39
6/8/2014 13:00,80,50,30
6/8/2014 14:00,43,32,11
6/8/2014 15:00,51,24,27
6/8/2014 16:00,49,21,28
6/8/2014 17:00,45,33,12
6/8/2014 18:00,36,21,15
6/8/2014 19:00,34,22,12
6/8/2014 20:00,21,11,10
6/8/2014 21:00,16,13,3
6/8/2014 22:00,0,0,0
6/8/2014 23:00,5,5,0
6/9/2014 0:00,2,2,0
6/9/2014 1:00,2,2,0
6/9/2014 2:00,0,0,0
6/9/2014 3:00,0,0,0
6/9/2014 4:00,0,0,0
6/9/2014 5:00,2,0,2
6/9/2014 6:00,11,7,4
6/9/2014 7:00,29,19,10
6/9/2014 8:00,46,23,23
6/9/2014 9:00,44,22,22
6/9/2014 10:00,23,11,12
6/9/2014 11:00,38,15,23
6/9/2014 12:00,41,23,18
6/9/2014 13:00,38,24,14
6/9/2014 14:00,37,27,10
6/9/2014 15:00,37,21,16
6/9/2014 16:00,32,15,17
6/9/2014 17:00,36,21,15
6/9/2014 18:00,42,23,19
6/9/2014 19:00,32,21,11
6/9/2014 20:00,13,9,4
6/9/2014 21:00,14,10,4
6/9/2014 22:00,8,2,6
6/9/2014 23:00,2,0,2
6/10/2014 0:00,5,4,1
6/10/2014 1:00,1,1,0
6/10/2014 2:00,0,0,0
6/10/2014 3:00,0,0,0
6/10/2014 4:00,2,2,0
6/10/2014 5:00,0,0,0
6/10/2014 6:00,9,6,3
6/10/2014 7:00,23,17,6
6/10/2014 8:00,41,27,14
6/10/2014 9:00,46,25,21
6/10/2014 10:00,32,14,18
6/10/2014 11:00,25,17,8
6/10/2014 12:00,53,29,24
6/10/2014 13:00,38,22,16
6/10/2014 14:00,28,14,14
6/10/2014 15:00,41,24,17
6/10/2014 16:00,34,18,16
6/10/2014 17:00,41,27,14
6/10/2014 18:00,42,26,16
6/10/2014 19:00,37,21,16
6/10/2014 20:00,25,11,14
6/10/2014 21:00,20,13,7
6/10/2014 22:00,18,11,7
6/10/2014 23:00,6,2,4
6/11/2014 0:00,5,2,3
6/11/2014 1:00,1,1,0
6/11/2014 2:00,0,0,0
6/11/2014 3:00,0,0,0
6/11/2014 4:00,0,0,0
6/11/2014 5:00,2,2,0
6/11/2014 6:00,10,8,2
6/11/2014 7:00,34,27,7
6/11/2014 8:00,33,24,9
6/11/2014 9:00,21,12,9
6/11/2014 10:00,27,14,13
6/11/2014 11:00,39,32,7
6/11/2014 12:00,42,30,12
6/11/2014 13:00,48,27,21
6/11/2014 14:00,55,21,34
6/11/2014 15:00,55,34,21
6/11/2014 16:00,56,48,8
6/11/2014 17:00,56,37,19
6/11/2014 18:00,54,31,23
6/11/2014 19:00,51,30,21
6/11/2014 20:00,20,12,8
6/11/2014 21:00,23,17,6
6/11/2014 22:00,6,5,1
6/11/2014 23:00,1,0,1
6/12/2014 0:00,1,1,0
6/12/2014 1:00,0,0,0
6/12/2014 2:00,0,0,0
6/12/2014 3:00,3,2,1
6/12/2014 4:00,4,4,0
6/12/2014 5:00,4,1,3
6/12/2014 6:00,19,12,7
6/12/2014 7:00,35,20,15
6/12/2014 8:00,22,12,10
6/12/2014 9:00,46,27,19
6/12/2014 10:00,36,21,15
6/12/2014 11:00,39,20,19
6/12/2014 12:00,40,27,13
6/12/2014 13:00,38,20,18
6/12/2014 14:00,23,16,7
6/12/2014 15:00,29,17,12
6/12/2014 16:00,38,27,11
6/12/2014 17:00,41,26,15
6/12/2014 18:00,47,24,23
6/12/2014 19:00,23,14,9
6/12/2014 20:00,37,23,14
6/12/2014 21:00,11,8,3
6/12/2014 22:00,6,5,1
6/12/2014 23:00,10,10,0
6/13/2014 0:00,13,9,4
6/13/2014 1:00,0,0,0
6/13/2014 2:00,0,0,0
6/13/2014 3:00,2,2,0
6/13/2014 4:00,0,0,0
6/13/2014 5:00,4,2,2
6/13/2014 6:00,20,14,6
6/13/2014 7:00,28,21,7
6/13/2014 8:00,27,19,8
6/13/2014 9:00,36,26,10
6/13/2014 10:00,22,13,9
6/13/2014 11:00,24,11,13
6/13/2014 12:00,39,26,13
6/13/2014 13:00,44,31,13
6/13/2014 14:00,33,22,11
6/13/2014 15:00,32,26,6
6/13/2014 16:00,35,20,15
6/13/2014 17:00,49,32,17
6/13/2014 18:00,46,24,22
6/13/2014 19:00,52,29,23
6/13/2014 20:00,20,17,3
6/13/2014 21:00,8,5,3
6/13/2014 22:00,15,14,1
6/13/2014 23:00,16,11,5
6/14/2014 0:00,1,1,0
6/14/2014 1:00,6,5,1
6/14/2014 2:00,2,2,0
6/14/2014 3:00,1,0,1
6/14/2014 4:00,2,2,0
6/14/2014 5:00,1,0,1
6/14/2014 6:00,3,2,1
6/14/2014 7:00,8,8,0
6/14/2014 8:00,11,6,5
6/14/2014 9:00,24,13,11
6/14/2014 10:00,35,20,15
6/14/2014 11:00,43,29,14
6/14/2014 12:00,41,18,23
6/14/2014 13:00,54,35,19
6/14/2014 14:00,61,36,25
6/14/2014 15:00,57,41,16
6/14/2014 16:00,32,23,9
6/14/2014 17:00,29,13,16
6/14/2014 18:00,37,22,15
6/14/2014 19:00,40,31,9
6/14/2014 20:00,32,20,12
6/14/2014 21:00,8,1,7
6/14/2014 22:00,11,5,6
6/14/2014 23:00,6,4,2
6/15/2014 0:00,3,0,3
6/15/2014 1:00,2,0,2
6/15/2014 2:00,4,0,4
6/15/2014 3:00,2,0,2
6/15/2014 4:00,2,2,0
6/15/2014 5:00,2,0,2
6/15/2014 6:00,1,0,1
6/15/2014 7:00,4,2,2
6/15/2014 8:00,10,7,3
6/15/2014 9:00,26,11,15
6/15/2014 10:00,31,16,15
6/15/2014 11:00,62,38,24
6/15/2014 12:00,35,15,20
6/15/2014 13:00,72,39,33
6/15/2014 14:00,19,3,16
6/15/2014 15:00,17,8,9
6/15/2014 16:00,10,6,4
6/15/2014 17:00,23,13,10
6/15/2014 18:00,25,20,5
6/15/2014 19:00,12,10,2
6/15/2014 20:00,27,17,10
6/15/2014 21:00,7,4,3
6/15/2014 22:00,8,6,2
6/15/2014 23:00,3,1,2
6/16/2014 0:00,1,1,0
6/16/2014 1:00,2,2,0
6/16/2014 2:00,0,0,0
6/16/2014 3:00,0,0,0
6/16/2014 4:00,0,0,0
6/16/2014 5:00,3,1,2
6/16/2014 6:00,9,5,4
6/16/2014 7:00,19,11,8
6/16/2014 8:00,21,11,10
6/16/2014 9:00,43,25,18
6/16/2014 10:00,23,8,15
6/16/2014 11:00,31,25,6
6/16/2014 12:00,28,16,12
6/16/2014 13:00,36,22,14
6/16/2014 14:00,41,26,15
6/16/2014 15:00,27,9,18
6/16/2014 16:00,52,34,18
6/16/2014 17:00,46,29,17
6/16/2014 18:00,39,25,14
6/16/2014 19:00,24,14,10
6/16/2014 20:00,29,20,9
6/16/2014 21:00,18,16,2
6/16/2014 22:00,10,10,0
6/16/2014 23:00,1,1,0
6/17/2014 0:00,2,2,0
6/17/2014 1:00,0,0,0
6/17/2014 2:00,0,0,0
6/17/2014 3:00,0,0,0
6/17/2014 4:00,0,0,0
6/17/2014 5:00,1,0,1
6/17/2014 6:00,6,2,4
6/17/2014 7:00,19,15,4
6/17/2014 8:00,30,18,12
6/17/2014 9:00,27,21,6
6/17/2014 10:00,32,16,16
6/17/2014 11:00,23,11,12
6/17/2014 12:00,58,36,22
6/17/2014 13:00,38,19,19
6/17/2014 14:00,42,25,17
6/17/2014 15:00,25,11,14
6/17/2014 16:00,46,29,17
6/17/2014 17:00,43,26,17
6/17/2014 18:00,41,25,16
6/17/2014 19:00,45,29,16
6/17/2014 20:00,25,14,11
6/17/2014 21:00,13,11,2
6/17/2014 22:00,10,10,0
6/17/2014 23:00,1,1,0
6/18/2014 0:00,2,2,0
6/18/2014 1:00,4,2,2
6/18/2014 2:00,4,4,0
6/18/2014 3:00,0,0,0
6/18/2014 4:00,2,2,0
6/18/2014 5:00,0,0,0
6/18/2014 6:00,15,10,5
6/18/2014 7:00,31,22,9
6/18/2014 8:00,17,12,5
6/18/2014 9:00,29,22,7
6/18/2014 10:00,12,8,4
6/18/2014 11:00,43,23,20
6/18/2014 12:00,33,20,13
6/18/2014 13:00,29,17,12
6/18/2014 14:00,36,23,13
6/18/2014 15:00,34,24,10
6/18/2014 16:00,46,32,14
6/18/2014 17:00,71,40,31
6/18/2014 18:00,56,41,15
6/18/2014 19:00,44,30,14
6/18/2014 20:00,35,27,8
6/18/2014 21:00,36,33,3
6/18/2014 22:00,7,6,1
6/18/2014 23:00,11,8,3
6/19/2014 0:00,1,0,1
6/19/2014 1:00,2,2,0
6/19/2014 2:00,3,3,0
6/19/2014 3:00,0,0,0
6/19/2014 4:00,2,2,0
6/19/2014 5:00,2,2,0
6/19/2014 6:00,18,15,3
6/19/2014 7:00,25,23,2
6/19/2014 8:00,40,24,16
6/19/2014 9:00,46,34,12
6/19/2014 10:00,24,14,10
6/19/2014 11:00,34,22,12
6/19/2014 12:00,33,13,20
6/19/2014 13:00,46,29,17
6/19/2014 14:00,42,32,10
6/19/2014 15:00,38,17,21
6/19/2014 16:00,59,24,35
6/19/2014 17:00,48,38,10
6/19/2014 18:00,35,18,17
6/19/2014 19:00,48,34,14
6/19/2014 20:00,21,13,8
6/19/2014 21:00,24,20,4
6/19/2014 22:00,11,8,3
6/19/2014 23:00,4,3,1
6/20/2014 0:00,5,4,1
6/20/2014 1:00,2,0,2
6/20/2014 2:00,0,0,0
6/20/2014 3:00,0,0,0
6/20/2014 4:00,2,2,0
6/20/2014 5:00,0,0,0
6/20/2014 6:00,14,10,4
6/20/2014 7:00,28,24,4
6/20/2014 8:00,36,16,20
6/20/2014 9:00,38,25,13
6/20/2014 10:00,34,22,12
6/20/2014 11:00,26,13,13
6/20/2014 12:00,70,42,28
6/20/2014 13:00,32,18,14
6/20/2014 14:00,46,27,19
6/20/2014 15:00,37,18,19
6/20/2014 16:00,29,16,13
6/20/2014 17:00,51,31,20
6/20/2014 18:00,58,39,19
6/20/2014 19:00,33,21,12
6/20/2014 20:00,20,14,6
6/20/2014 21:00,10,4,6
6/20/2014 22:00,18,15,3
6/20/2014 23:00,16,13,3
6/21/2014 0:00,7,5,2
6/21/2014 1:00,6,4,2
6/21/2014 2:00,4,4,0
6/21/2014 3:00,2,2,0
6/21/2014 4:00,0,0,0
6/21/2014 5:00,2,2,0
6/21/2014 6:00,4,0,4
6/21/2014 7:00,6,5,1
6/21/2014 8:00,15,8,7
6/21/2014 9:00,37,22,15
6/21/2014 10:00,36,17,19
6/21/2014 11:00,35,7,28
6/21/2014 12:00,32,20,12
6/21/2014 13:00,67,46,21
6/21/2014 14:00,85,65,20
6/21/2014 15:00,44,23,21
6/21/2014 16:00,36,20,16
6/21/2014 17:00,55,27,28
6/21/2014 18:00,48,30,18
6/21/2014 19:00,45,34,11
6/21/2014 20:00,35,20,15
6/21/2014 21:00,32,25,7
6/21/2014 22:00,7,7,0
6/21/2014 23:00,5,2,3
6/22/2014 0:00,10,7,3
6/22/2014 1:00,2,1,1
6/22/2014 2:00,3,3,0
6/22/2014 3:00,0,0,0
6/22/2014 4:00,0,0,0
6/22/2014 5:00,4,4,0
6/22/2014 6:00,2,2,0
6/22/2014 7:00,9,7,2
6/22/2014 8:00,12,5,7
6/22/2014 9:00,20,13,7
6/22/2014 10:00,27,18,9
6/22/2014 11:00,31,17,14
6/22/2014 12:00,67,36,31
6/22/2014 13:00,77,46,31
6/22/2014 14:00,64,41,23
6/22/2014 15:00,55,42,13
6/22/2014 16:00,40,29,11
6/22/2014 17:00,57,36,21
6/22/2014 18:00,47,25,22
6/22/2014 19:00,23,18,5
6/22/2014 20:00,19,17,2
6/22/2014 21:00,15,12,3
6/22/2014 22:00,4,2,2
6/22/2014 23:00,7,6,1
6/23/2014 0:00,1,1,0
6/23/2014 1:00,0,0,0
6/23/2014 2:00,0,0,0
6/23/2014 3:00,0,0,0
6/23/2014 4:00,2,2,0
6/23/2014 5:00,4,4,0
6/23/2014 6:00,8,4,4
6/23/2014 7:00,14,9,5
6/23/2014 8:00,27,16,11
6/23/2014 9:00,27,14,13
6/23/2014 10:00,20,12,8
6/23/2014 11:00,45,31,14
6/23/2014 12:00,39,27,12
6/23/2014 13:00,25,16,9
6/23/2014 14:00,27,11,16
6/23/2014 15:00,33,27,6
6/23/2014 16:00,25,18,7
6/23/2014 17:00,44,36,8
6/23/2014 18:00,32,20,12
6/23/2014 19:00,27,15,12
6/23/2014 20:00,25,19,6
6/23/2014 21:00,17,13,4
6/23/2014 22:00,3,3,0
6/23/2014 23:00,4,4,0
6/24/2014 0:00,1,1,0
6/24/2014 1:00,1,1,0
6/24/2014 2:00,6,4,2
6/24/2014 3:00,2,2,0
6/24/2014 4:00,2,2,0
6/24/2014 5:00,4,4,0
6/24/2014 6:00,11,9,2
6/24/2014 7:00,16,13,3
6/24/2014 8:00,21,10,11
6/24/2014 9:00,34,23,11
6/24/2014 10:00,25,15,10
6/24/2014 11:00,23,12,11
6/24/2014 12:00,34,23,11
6/24/2014 13:00,24,15,9
6/24/2014 14:00,26,18,8
6/24/2014 15:00,33,25,8
6/24/2014 16:00,66,51,15
6/24/2014 17:00,44,26,18
6/24/2014 18:00,48,36,12
6/24/2014 19:00,54,27,27
6/24/2014 20:00,22,17,5
6/24/2014 21:00,9,7,2
6/24/2014 22:00,12,10,2
6/24/2014 23:00,8,5,3
6/25/2014 0:00,2,2,0
6/25/2014 1:00,4,4,0
6/25/2014 2:00,0,0,0
6/25/2014 3:00,0,0,0
6/25/2014 4:00,2,2,0
6/25/2014 5:00,2,0,2
6/25/2014 6:00,5,3,2
6/25/2014 7:00,15,12,3
6/25/2014 8:00,42,28,14
6/25/2014 9:00,35,27,8
6/25/2014 10:00,18,15,3
6/25/2014 11:00,56,34,22
6/25/2014 12:00,56,39,17
6/25/2014 13:00,48,31,17
6/25/2014 14:00,35,30,5
6/25/2014 15:00,32,25,7
6/25/2014 16:00,41,23,18
6/25/2014 17:00,34,28,6
6/25/2014 18:00,40,27,13
6/25/2014 19:00,33,20,13
6/25/2014 20:00,27,22,5
6/25/2014 21:00,16,13,3
6/25/2014 22:00,20,17,3
6/25/2014 23:00,8,5,3
6/26/2014 0:00,6,6,0
6/26/2014 1:00,2,2,0
6/26/2014 2:00,5,5,0
6/26/2014 3:00,0,0,0
6/26/2014 4:00,0,0,0
6/26/2014 5:00,2,1,1
6/26/2014 6:00,2,1,1
6/26/2014 7:00,20,13,7
6/26/2014 8:00,37,34,3
6/26/2014 9:00,45,29,16
6/26/2014 10:00,38,29,9
6/26/2014 11:00,41,31,10
6/26/2014 12:00,42,35,7
6/26/2014 13:00,33,30,3
6/26/2014 14:00,32,25,7
6/26/2014 15:00,14,10,4
6/26/2014 16:00,42,26,16
6/26/2014 17:00,35,22,13
6/26/2014 18:00,44,28,16
6/26/2014 19:00,29,20,9
6/26/2014 20:00,20,15,5
6/26/2014 21:00,25,15,10
6/26/2014 22:00,9,5,4
6/26/2014 23:00,5,5,0
6/27/2014 0:00,4,4,0
6/27/2014 1:00,1,1,0
6/27/2014 2:00,0,0,0
6/27/2014 3:00,2,2,0
6/27/2014 4:00,3,3,0
6/27/2014 5:00,2,2,0
6/27/2014 6:00,7,4,3
6/27/2014 7:00,19,12,7
6/27/2014 8:00,21,14,7
6/27/2014 9:00,27,17,10
6/27/2014 10:00,32,24,8
6/27/2014 11:00,26,21,5
6/27/2014 12:00,26,15,11
6/27/2014 13:00,26,15,11
6/27/2014 14:00,36,18,18
6/27/2014 15:00,23,17,6
6/27/2014 16:00,36,23,13
6/27/2014 17:00,44,27,17
6/27/2014 18:00,28,18,10
6/27/2014 19:00,26,21,5
6/27/2014 20:00,14,7,7
6/27/2014 21:00,16,12,4
6/27/2014 22:00,17,14,3
6/27/2014 23:00,6,4,2
6/28/2014 0:00,17,13,4
6/28/2014 1:00,0,0,0
6/28/2014 2:00,1,1,0
6/28/2014 3:00,1,0,1
6/28/2014 4:00,0,0,0
6/28/2014 5:00,3,3,0
6/28/2014 6:00,1,0,1
6/28/2014 7:00,7,6,1
6/28/2014 8:00,13,9,4
6/28/2014 9:00,27,16,11
6/28/2014 10:00,27,17,10
6/28/2014 11:00,37,26,11
6/28/2014 12:00,59,35,24
6/28/2014 13:00,32,15,17
6/28/2014 14:00,49,33,16
6/28/2014 15:00,42,27,15
6/28/2014 16:00,40,21,19
6/28/2014 17:00,34,17,17
6/28/2014 18:00,27,18,9
6/28/2014 19:00,42,31,11
6/28/2014 20:00,15,10,5
6/28/2014 21:00,19,15,4
6/28/2014 22:00,17,16,1
6/28/2014 23:00,11,9,2
6/29/2014 0:00,4,4,0
6/29/2014 1:00,2,2,0
6/29/2014 2:00,3,1,2
6/29/2014 3:00,0,0,0
6/29/2014 4:00,0,0,0
6/29/2014 5:00,2,2,0
6/29/2014 6:00,5,4,1
6/29/2014 7:00,3,2,1
6/29/2014 8:00,9,4,5
6/29/2014 9:00,23,16,7
6/29/2014 10:00,35,27,8
6/29/2014 11:00,44,24,20
6/29/2014 12:00,38,25,13
6/29/2014 13:00,48,31,17
6/29/2014 14:00,48,33,15
6/29/2014 15:00,42,24,18
6/29/2014 16:00,43,31,12
6/29/2014 17:00,21,13,8
6/29/2014 18:00,32,22,10
6/29/2014 19:00,33,22,11
6/29/2014 20:00,8,8,0
6/29/2014 21:00,21,18,3
6/29/2014 22:00,12,11,1
6/29/2014 23:00,4,1,3
6/30/2014 0:00,2,2,0
6/30/2014 1:00,3,1,2
6/30/2014 2:00,0,0,0
6/30/2014 3:00,0,0,0
6/30/2014 4:00,2,0,2
6/30/2014 5:00,4,2,2
6/30/2014 6:00,12,9,3
6/30/2014 7:00,11,8,3
6/30/2014 8:00,39,32,7
6/30/2014 9:00,20,13,7
6/30/2014 10:00,16,6,10
6/30/2014 11:00,23,16,7
6/30/2014 12:00,25,15,10
6/30/2014 13:00,44,33,11
6/30/2014 14:00,43,29,14
6/30/2014 15:00,38,21,17
6/30/2014 16:00,75,61,14
6/30/2014 17:00,97,67,30
6/30/2014 18:00,76,62,14
6/30/2014 19:00,63,49,14
6/30/2014 20:00,18,15,3
6/30/2014 21:00,14,13,1
6/30/2014 22:00,12,10,2
6/30/2014 23:00,8,8,0
7/1/2014 0:00,1,0,1
7/1/2014 1:00,3,2,1
7/1/2014 2:00,0,0,0
7/1/2014 3:00,2,2,0
7/1/2014 4:00,0,0,0
7/1/2014 5:00,3,2,1
7/1/2014 6:00,8,4,4
7/1/2014 7:00,24,17,7
7/1/2014 8:00,48,41,7
7/1/2014 9:00,39,28,11
7/1/2014 10:00,52,33,19
7/1/2014 11:00,52,36,16
7/1/2014 12:00,53,36,17
7/1/2014 13:00,47,35,12
7/1/2014 14:00,42,34,8
7/1/2014 15:00,45,25,20
7/1/2014 16:00,58,49,9
7/1/2014 17:00,46,36,10
7/1/2014 18:00,58,41,17
7/1/2014 19:00,48,31,17
7/1/2014 20:00,34,24,10
7/1/2014 21:00,26,18,8
7/1/2014 22:00,9,4,5
7/1/2014 23:00,10,9,1
7/2/2014 0:00,6,6,0
7/2/2014 1:00,3,3,0
7/2/2014 2:00,0,0,0
7/2/2014 3:00,0,0,0
7/2/2014 4:00,0,0,0
7/2/2014 5:00,4,3,1
7/2/2014 6:00,15,11,4
7/2/2014 7:00,24,20,4
7/2/2014 8:00,28,18,10
7/2/2014 9:00,26,20,6
7/2/2014 10:00,25,8,17
7/2/2014 11:00,31,16,15
7/2/2014 12:00,60,44,16
7/2/2014 13:00,38,21,17
7/2/2014 14:00,35,28,7
7/2/2014 15:00,31,22,9
7/2/2014 16:00,38,23,15
7/2/2014 17:00,43,28,15
7/2/2014 18:00,55,35,20
7/2/2014 19:00,29,24,5
7/2/2014 20:00,24,13,11
7/2/2014 21:00,23,19,4
7/2/2014 22:00,11,8,3
7/2/2014 23:00,12,11,1
7/3/2014 0:00,5,5,0
7/3/2014 1:00,0,0,0
7/3/2014 2:00,1,1,0
7/3/2014 3:00,1,0,1
7/3/2014 4:00,1,0,1
7/3/2014 5:00,1,0,1
7/3/2014 6:00,8,5,3
7/3/2014 7:00,21,11,10
7/3/2014 8:00,33,28,5
7/3/2014 9:00,33,25,8
7/3/2014 10:00,23,15,8
7/3/2014 11:00,49,23,26
7/3/2014 12:00,49,34,15
7/3/2014 13:00,44,33,11
7/3/2014 14:00,33,18,15
7/3/2014 15:00,34,20,14
7/3/2014 16:00,32,21,11
7/3/2014 17:00,39,21,18
7/3/2014 18:00,50,35,15
7/3/2014 19:00,18,12,6
7/3/2014 20:00,39,24,15
7/3/2014 21:00,28,23,5
7/3/2014 22:00,6,6,0
7/3/2014 23:00,6,6,0
7/4/2014 0:00,5,4,1
7/4/2014 1:00,1,1,0
7/4/2014 2:00,2,2,0
7/4/2014 3:00,1,1,0
7/4/2014 4:00,0,0,0
7/4/2014 5:00,0,0,0
7/4/2014 6:00,6,2,4
7/4/2014 7:00,2,0,2
7/4/2014 8:00,9,3,6
7/4/2014 9:00,28,17,11
7/4/2014 10:00,29,19,10
7/4/2014 11:00,43,20,23
7/4/2014 12:00,50,35,15
7/4/2014 13:00,59,38,21
7/4/2014 14:00,20,16,4
7/4/2014 15:00,40,26,14
7/4/2014 16:00,25,20,5
7/4/2014 17:00,30,22,8
7/4/2014 18:00,24,19,5
7/4/2014 19:00,25,17,8
7/4/2014 20:00,17,17,0
7/4/2014 21:00,9,9,0
7/4/2014 22:00,4,1,3
7/4/2014 23:00,17,16,1
7/5/2014 0:00,0,0,0
7/5/2014 1:00,3,3,0
7/5/2014 2:00,0,0,0
7/5/2014 3:00,0,0,0
7/5/2014 4:00,4,1,3
7/5/2014 5:00,4,3,1
7/5/2014 6:00,2,2,0
7/5/2014 7:00,6,6,0
7/5/2014 8:00,13,10,3
7/5/2014 9:00,18,13,5
7/5/2014 10:00,30,14,16
7/5/2014 11:00,39,30,9
7/5/2014 12:00,36,26,10
7/5/2014 13:00,36,23,13
7/5/2014 14:00,36,26,10
7/5/2014 15:00,40,25,15
7/5/2014 16:00,42,22,20
7/5/2014 17:00,30,24,6
7/5/2014 18:00,29,25,4
7/5/2014 19:00,30,17,13
7/5/2014 20:00,25,19,6
7/5/2014 21:00,14,7,7
7/5/2014 22:00,4,3,1
7/5/2014 23:00,4,4,0
7/6/2014 0:00,2,2,0
7/6/2014 1:00,1,1,0
7/6/2014 2:00,0,0,0
7/6/2014 3:00,2,0,2
7/6/2014 4:00,0,0,0
7/6/2014 5:00,6,6,0
7/6/2014 6:00,5,4,1
7/6/2014 7:00,4,2,2
7/6/2014 8:00,12,6,6
7/6/2014 9:00,19,10,9
7/6/2014 10:00,43,27,16
7/6/2014 11:00,60,29,31
7/6/2014 12:00,72,46,26
7/6/2014 13:00,69,45,24
7/6/2014 14:00,74,50,24
7/6/2014 15:00,63,36,27
7/6/2014 16:00,45,32,13
7/6/2014 17:00,36,23,13
7/6/2014 18:00,20,17,3
7/6/2014 19:00,32,25,7
7/6/2014 20:00,12,9,3
7/6/2014 21:00,9,4,5
7/6/2014 22:00,10,8,2
7/6/2014 23:00,6,4,2
7/7/2014 0:00,0,0,0
7/7/2014 1:00,0,0,0
7/7/2014 2:00,0,0,0
7/7/2014 3:00,2,1,1
7/7/2014 4:00,5,3,2
7/7/2014 5:00,3,0,3
7/7/2014 6:00,7,5,2
7/7/2014 7:00,20,12,8
7/7/2014 8:00,30,14,16
7/7/2014 9:00,25,17,8
7/7/2014 10:00,25,16,9
7/7/2014 11:00,31,21,10
7/7/2014 12:00,44,20,24
7/7/2014 13:00,59,31,28
7/7/2014 14:00,40,32,8
7/7/2014 15:00,38,28,10
7/7/2014 16:00,31,27,4
7/7/2014 17:00,55,33,22
7/7/2014 18:00,44,23,21
7/7/2014 19:00,32,20,12
7/7/2014 20:00,34,23,11
7/7/2014 21:00,23,21,2
7/7/2014 22:00,11,11,0
7/7/2014 23:00,3,3,0
7/8/2014 0:00,3,2,1
7/8/2014 1:00,0,0,0
7/8/2014 2:00,0,0,0
7/8/2014 3:00,0,0,0
7/8/2014 4:00,0,0,0
7/8/2014 5:00,3,2,1
7/8/2014 6:00,14,9,5
7/8/2014 7:00,37,28,9
7/8/2014 8:00,30,21,9
7/8/2014 9:00,27,16,11
7/8/2014 10:00,31,16,15
7/8/2014 11:00,34,22,12
7/8/2014 12:00,47,38,9
7/8/2014 13:00,31,11,20
7/8/2014 14:00,49,43,6
7/8/2014 15:00,27,16,11
7/8/2014 16:00,46,36,10
7/8/2014 17:00,49,36,13
7/8/2014 18:00,60,34,26
7/8/2014 19:00,52,24,28
7/8/2014 20:00,28,18,10
7/8/2014 21:00,26,16,10
7/8/2014 22:00,14,12,2
7/8/2014 23:00,4,4,0
7/9/2014 0:00,2,2,0
7/9/2014 1:00,5,4,1
7/9/2014 2:00,1,1,0
7/9/2014 3:00,2,0,2
7/9/2014 4:00,4,2,2
7/9/2014 5:00,3,2,1
7/9/2014 6:00,8,4,4
7/9/2014 7:00,26,20,6
7/9/2014 8:00,39,28,11
7/9/2014 9:00,48,27,21
7/9/2014 10:00,27,18,9
7/9/2014 11:00,37,24,13
7/9/2014 12:00,30,18,12
7/9/2014 13:00,42,21,21
7/9/2014 14:00,44,26,18
7/9/2014 15:00,36,22,14
7/9/2014 16:00,39,28,11
7/9/2014 17:00,39,27,12
7/9/2014 18:00,59,39,20
7/9/2014 19:00,64,48,16
7/9/2014 20:00,46,28,18
7/9/2014 21:00,12,6,6
7/9/2014 22:00,14,11,3
7/9/2014 23:00,8,6,2
7/10/2014 0:00,3,3,0
7/10/2014 1:00,0,0,0
7/10/2014 2:00,22,9,13
7/10/2014 3:00,4,0,4
7/10/2014 4:00,0,0,0
7/10/2014 5:00,6,6,0
7/10/2014 6:00,13,5,8
7/10/2014 7:00,24,20,4
7/10/2014 8:00,34,22,12
7/10/2014 9:00,40,27,13
7/10/2014 10:00,40,21,19
7/10/2014 11:00,39,26,13
7/10/2014 12:00,42,29,13
7/10/2014 13:00,25,15,10
7/10/2014 14:00,26,8,18
7/10/2014 15:00,33,19,14
7/10/2014 16:00,41,31,10
7/10/2014 17:00,65,33,32
7/10/2014 18:00,61,30,31
7/10/2014 19:00,32,21,11
7/10/2014 20:00,36,19,17
7/10/2014 21:00,43,31,12
7/10/2014 22:00,19,18,1
7/10/2014 23:00,12,11,1
7/11/2014 0:00,9,6,3
7/11/2014 1:00,5,4,1
7/11/2014 2:00,2,2,0
7/11/2014 3:00,0,0,0
7/11/2014 4:00,0,0,0
7/11/2014 5:00,1,0,1
7/11/2014 6:00,9,5,4
7/11/2014 7:00,25,18,7
7/11/2014 8:00,31,13,18
7/11/2014 9:00,42,20,22
7/11/2014 10:00,49,41,8
7/11/2014 11:00,56,31,25
7/11/2014 12:00,44,32,12
7/11/2014 13:00,44,26,18
7/11/2014 14:00,52,39,13
7/11/2014 15:00,37,21,16
7/11/2014 16:00,47,35,12
7/11/2014 17:00,53,31,22
7/11/2014 18:00,49,40,9
7/11/2014 19:00,39,22,17
7/11/2014 20:00,45,31,14
7/11/2014 21:00,24,21,3
7/11/2014 22:00,13,12,1
7/11/2014 23:00,27,22,5
7/12/2014 0:00,35,30,5
7/12/2014 1:00,27,26,1
7/12/2014 2:00,26,21,5
7/12/2014 3:00,4,2,2
7/12/2014 4:00,4,4,0
7/12/2014 5:00,8,6,2
7/12/2014 6:00,28,12,16
7/12/2014 7:00,87,33,54
7/12/2014 8:00,155,78,77
7/12/2014 9:00,215,93,122
7/12/2014 10:00,103,65,38
7/12/2014 11:00,81,45,36
7/12/2014 12:00,94,50,44
7/12/2014 13:00,80,46,34
7/12/2014 14:00,88,54,34
7/12/2014 15:00,88,52,36
7/12/2014 16:00,68,50,18
7/12/2014 17:00,60,32,28
7/12/2014 18:00,55,41,14
7/12/2014 19:00,51,29,22
7/12/2014 20:00,42,28,14
7/12/2014 21:00,70,43,27
7/12/2014 22:00,79,40,39
7/12/2014 23:00,58,25,33
7/13/2014 0:00,40,19,21
7/13/2014 1:00,19,15,4
7/13/2014 2:00,10,8,2
7/13/2014 3:00,7,6,1
7/13/2014 4:00,7,6,1
7/13/2014 5:00,9,3,6
7/13/2014 6:00,16,4,12
7/13/2014 7:00,36,13,23
7/13/2014 8:00,71,25,46
7/13/2014 9:00,123,54,69
7/13/2014 10:00,132,82,50
7/13/2014 11:00,123,62,61
7/13/2014 12:00,87,26,61
7/13/2014 13:00,81,28,53
7/13/2014 14:00,100,35,65
7/13/2014 15:00,110,47,63
7/13/2014 16:00,64,41,23
7/13/2014 17:00,73,44,29
7/13/2014 18:00,51,31,20
7/13/2014 19:00,85,43,42
7/13/2014 20:00,114,64,50
7/13/2014 21:00,43,28,15
7/13/2014 22:00,22,15,7
7/13/2014 23:00,2,1,1
7/14/2014 0:00,5,3,2
7/14/2014 1:00,2,0,2
7/14/2014 2:00,5,5,0
7/14/2014 3:00,1,1,0
7/14/2014 4:00,5,4,1
7/14/2014 5:00,9,5,4
7/14/2014 6:00,8,2,6
7/14/2014 7:00,20,15,5
7/14/2014 8:00,51,39,12
7/14/2014 9:00,38,21,17
7/14/2014 10:00,36,21,15
7/14/2014 11:00,36,26,10
7/14/2014 12:00,42,25,17
7/14/2014 13:00,43,25,18
7/14/2014 14:00,64,50,14
7/14/2014 15:00,48,32,16
7/14/2014 16:00,49,42,7
7/14/2014 17:00,73,45,28
7/14/2014 18:00,41,23,18
7/14/2014 19:00,52,32,20
7/14/2014 20:00,27,16,11
7/14/2014 21:00,23,18,5
7/14/2014 22:00,11,8,3
7/14/2014 23:00,1,1,0
7/15/2014 0:00,3,2,1
7/15/2014 1:00,0,0,0
7/15/2014 2:00,2,0,2
7/15/2014 3:00,0,0,0
7/15/2014 4:00,0,0,0
7/15/2014 5:00,6,4,2
7/15/2014 6:00,10,6,4
7/15/2014 7:00,17,8,9
7/15/2014 8:00,40,27,13
7/15/2014 9:00,32,16,16
7/15/2014 10:00,37,20,17
7/15/2014 11:00,42,27,15
7/15/2014 12:00,74,44,30
7/15/2014 13:00,50,39,11
7/15/2014 14:00,44,36,8
7/15/2014 15:00,28,14,14
7/15/2014 16:00,38,21,17
7/15/2014 17:00,54,29,25
7/15/2014 18:00,58,23,35
7/15/2014 19:00,30,14,16
7/15/2014 20:00,29,18,11
7/15/2014 21:00,33,17,16
7/15/2014 22:00,7,6,1
7/15/2014 23:00,9,7,2
7/16/2014 0:00,2,2,0
7/16/2014 1:00,2,2,0
7/16/2014 2:00,2,0,2
7/16/2014 3:00,0,0,0
7/16/2014 4:00,0,0,0
7/16/2014 5:00,4,2,2
7/16/2014 6:00,10,7,3
7/16/2014 7:00,13,7,6
7/16/2014 8:00,34,20,14
7/16/2014 9:00,35,25,10
7/16/2014 10:00,27,12,15
7/16/2014 11:00,33,24,9
7/16/2014 12:00,38,29,9
7/16/2014 13:00,34,27,7
7/16/2014 14:00,37,23,14
7/16/2014 15:00,54,39,15
7/16/2014 16:00,41,32,9
7/16/2014 17:00,22,16,6
7/16/2014 18:00,52,32,20
7/16/2014 19:00,60,33,27
7/16/2014 20:00,44,33,11
7/16/2014 21:00,32,28,4
7/16/2014 22:00,12,11,1
7/16/2014 23:00,4,4,0
7/17/2014 0:00,3,3,0
7/17/2014 1:00,2,2,0
7/17/2014 2:00,1,0,1
7/17/2014 3:00,0,0,0
7/17/2014 4:00,0,0,0
7/17/2014 5:00,7,6,1
7/17/2014 6:00,11,4,7
7/17/2014 7:00,27,21,6
7/17/2014 8:00,36,25,11
7/17/2014 9:00,45,25,20
7/17/2014 10:00,25,23,2
7/17/2014 11:00,38,24,14
7/17/2014 12:00,57,43,14
7/17/2014 13:00,38,29,9
7/17/2014 14:00,46,31,15
7/17/2014 15:00,25,19,6
7/17/2014 16:00,50,33,17
7/17/2014 17:00,50,32,18
7/17/2014 18:00,60,42,18
7/17/2014 19:00,49,28,21
7/17/2014 20:00,33,21,12
7/17/2014 21:00,15,10,5
7/17/2014 22:00,17,11,6
7/17/2014 23:00,7,4,3
7/18/2014 0:00,2,2,0
7/18/2014 1:00,2,2,0
7/18/2014 2:00,1,0,1
7/18/2014 3:00,0,0,0
7/18/2014 4:00,0,0,0
7/18/2014 5:00,3,0,3
7/18/2014 6:00,11,7,4
7/18/2014 7:00,16,9,7
7/18/2014 8:00,59,41,18
7/18/2014 9:00,50,39,11
7/18/2014 10:00,42,28,14
7/18/2014 11:00,35,18,17
7/18/2014 12:00,34,23,11
7/18/2014 13:00,56,27,29
7/18/2014 14:00,53,35,18
7/18/2014 15:00,32,16,16
7/18/2014 16:00,50,38,12
7/18/2014 17:00,72,39,33
7/18/2014 18:00,54,34,20
7/18/2014 19:00,35,21,14
7/18/2014 20:00,26,15,11
7/18/2014 21:00,39,26,13
7/18/2014 22:00,7,3,4
7/18/2014 23:00,11,6,5
7/19/2014 0:00,7,4,3
7/19/2014 1:00,6,5,1
7/19/2014 2:00,2,0,2
7/19/2014 3:00,2,0,2
7/19/2014 4:00,0,0,0
7/19/2014 5:00,10,9,1
7/19/2014 6:00,2,2,0
7/19/2014 7:00,10,10,0
7/19/2014 8:00,19,13,6
7/19/2014 9:00,38,24,14
7/19/2014 10:00,39,18,21
7/19/2014 11:00,43,19,24
7/19/2014 12:00,64,39,25
7/19/2014 13:00,53,28,25
7/19/2014 14:00,57,38,19
7/19/2014 15:00,56,24,32
7/19/2014 16:00,53,30,23
7/19/2014 17:00,52,36,16
7/19/2014 18:00,43,27,16
7/19/2014 19:00,27,19,8
7/19/2014 20:00,33,18,15
7/19/2014 21:00,30,23,7
7/19/2014 22:00,9,9,0
7/19/2014 23:00,10,7,3
7/20/2014 0:00,3,1,2
7/20/2014 1:00,8,8,0
7/20/2014 2:00,3,1,2
7/20/2014 3:00,1,1,0
7/20/2014 4:00,0,0,0
7/20/2014 5:00,2,2,0
7/20/2014 6:00,2,0,2
7/20/2014 7:00,6,4,2
7/20/2014 8:00,12,10,2
7/20/2014 9:00,28,20,8
7/20/2014 10:00,48,30,18
7/20/2014 11:00,68,42,26
7/20/2014 12:00,72,40,32
7/20/2014 13:00,79,48,31
7/20/2014 14:00,52,37,15
7/20/2014 15:00,65,47,18
7/20/2014 16:00,47,34,13
7/20/2014 17:00,33,23,10
7/20/2014 18:00,29,21,8
7/20/2014 19:00,10,8,2
7/20/2014 20:00,33,21,12
7/20/2014 21:00,16,12,4
7/20/2014 22:00,9,8,1
7/20/2014 23:00,3,3,0
7/21/2014 0:00,5,4,1
7/21/2014 1:00,0,0,0
7/21/2014 2:00,0,0,0
7/21/2014 3:00,0,0,0
7/21/2014 4:00,0,0,0
7/21/2014 5:00,5,3,2
7/21/2014 6:00,13,9,4
7/21/2014 7:00,25,20,5
7/21/2014 8:00,39,23,16
7/21/2014 9:00,43,23,20
7/21/2014 10:00,18,8,10
7/21/2014 11:00,39,29,10
7/21/2014 12:00,35,31,4
7/21/2014 13:00,39,26,13
7/21/2014 14:00,59,39,20
7/21/2014 15:00,44,33,11
7/21/2014 16:00,59,43,16
7/21/2014 17:00,65,40,25
7/21/2014 18:00,63,45,18
7/21/2014 19:00,37,23,14
7/21/2014 20:00,39,29,10
7/21/2014 21:00,21,16,5
7/21/2014 22:00,10,10,0
7/21/2014 23:00,13,13,0
7/22/2014 0:00,0,0,0
7/22/2014 1:00,2,1,1
7/22/2014 2:00,4,3,1
7/22/2014 3:00,0,0,0
7/22/2014 4:00,0,0,0
7/22/2014 5:00,4,2,2
7/22/2014 6:00,10,7,3
7/22/2014 7:00,33,23,10
7/22/2014 8:00,33,23,10
7/22/2014 9:00,34,27,7
7/22/2014 10:00,29,19,10
7/22/2014 11:00,34,21,13
7/22/2014 12:00,51,36,15
7/22/2014 13:00,42,27,15
7/22/2014 14:00,34,26,8
7/22/2014 15:00,29,15,14
7/22/2014 16:00,52,35,17
7/22/2014 17:00,37,19,18
7/22/2014 18:00,52,33,19
7/22/2014 19:00,44,23,21
7/22/2014 20:00,24,18,6
7/22/2014 21:00,35,24,11
7/22/2014 22:00,4,4,0
7/22/2014 23:00,11,8,3
7/23/2014 0:00,0,0,0
7/23/2014 1:00,1,0,1
7/23/2014 2:00,0,0,0
7/23/2014 3:00,1,0,1
7/23/2014 4:00,0,0,0
7/23/2014 5:00,2,2,0
7/23/2014 6:00,10,3,7
7/23/2014 7:00,28,23,5
7/23/2014 8:00,22,16,6
7/23/2014 9:00,36,19,17
7/23/2014 10:00,26,18,8
7/23/2014 11:00,36,21,15
7/23/2014 12:00,36,16,20
7/23/2014 13:00,20,10,10
7/23/2014 14:00,13,6,7
7/23/2014 15:00,17,7,10
7/23/2014 16:00,25,9,16
7/23/2014 17:00,46,33,13
7/23/2014 18:00,50,31,19
7/23/2014 19:00,26,17,9
7/23/2014 20:00,28,21,7
7/23/2014 21:00,29,23,6
7/23/2014 22:00,8,5,3
7/23/2014 23:00,9,9,0
7/24/2014 0:00,2,0,2
7/24/2014 1:00,2,1,1
7/24/2014 2:00,0,0,0
7/24/2014 3:00,1,0,1
7/24/2014 4:00,7,7,0
7/24/2014 5:00,4,4,0
7/24/2014 6:00,17,11,6
7/24/2014 7:00,20,16,4
7/24/2014 8:00,20,17,3
7/24/2014 9:00,23,20,3
7/24/2014 10:00,29,20,9
7/24/2014 11:00,36,25,11
7/24/2014 12:00,46,31,15
7/24/2014 13:00,40,33,7
7/24/2014 14:00,48,40,8
7/24/2014 15:00,26,17,9
7/24/2014 16:00,42,29,13
7/24/2014 17:00,40,26,14
7/24/2014 18:00,42,25,17
7/24/2014 19:00,38,28,10
7/24/2014 20:00,13,5,8
7/24/2014 21:00,11,7,4
7/24/2014 22:00,6,4,2
7/24/2014 23:00,3,1,2
7/25/2014 0:00,4,3,1
7/25/2014 1:00,2,2,0
7/25/2014 2:00,0,0,0
7/25/2014 3:00,0,0,0
7/25/2014 4:00,0,0,0
7/25/2014 5:00,2,2,0
7/25/2014 6:00,9,4,5
7/25/2014 7:00,26,23,3
7/25/2014 8:00,37,28,9
7/25/2014 9:00,35,23,12
7/25/2014 10:00,43,27,16
7/25/2014 11:00,44,24,20
7/25/2014 12:00,45,25,20
7/25/2014 13:00,56,42,14
7/25/2014 14:00,55,29,26
7/25/2014 15:00,56,33,23
7/25/2014 16:00,38,19,19
7/25/2014 17:00,41,24,17
7/25/2014 18:00,43,29,14
7/25/2014 19:00,29,19,10
7/25/2014 20:00,29,21,8
7/25/2014 21:00,26,18,8
7/25/2014 22:00,19,14,5
7/25/2014 23:00,14,12,2
7/26/2014 0:00,7,7,0
7/26/2014 1:00,7,3,4
7/26/2014 2:00,0,0,0
7/26/2014 3:00,0,0,0
7/26/2014 4:00,1,0,1
7/26/2014 5:00,6,6,0
7/26/2014 6:00,7,5,2
7/26/2014 7:00,13,11,2
7/26/2014 8:00,15,8,7
7/26/2014 9:00,29,16,13
7/26/2014 10:00,58,25,33
7/26/2014 11:00,52,36,16
7/26/2014 12:00,40,23,17
7/26/2014 13:00,83,62,21
7/26/2014 14:00,70,45,25
7/26/2014 15:00,64,44,20
7/26/2014 16:00,52,34,18
7/26/2014 17:00,44,31,13
7/26/2014 18:00,37,29,8
7/26/2014 19:00,32,27,5
7/26/2014 20:00,12,11,1
7/26/2014 21:00,23,10,13
7/26/2014 22:00,6,5,1
7/26/2014 23:00,8,8,0
7/27/2014 0:00,7,7,0
7/27/2014 1:00,8,8,0
7/27/2014 2:00,1,1,0
7/27/2014 3:00,2,2,0
7/27/2014 4:00,0,0,0
7/27/2014 5:00,2,2,0
7/27/2014 6:00,4,2,2
7/27/2014 7:00,8,7,1
7/27/2014 8:00,7,4,3
7/27/2014 9:00,21,19,2
7/27/2014 10:00,36,26,10
7/27/2014 11:00,61,36,25
7/27/2014 12:00,47,24,23
7/27/2014 13:00,86,56,30
7/27/2014 14:00,74,44,30
7/27/2014 15:00,51,38,13
7/27/2014 16:00,40,30,10
7/27/2014 17:00,40,33,7
7/27/2014 18:00,53,41,12
7/27/2014 19:00,31,18,13
7/27/2014 20:00,27,16,11
7/27/2014 21:00,20,16,4
7/27/2014 22:00,14,12,2
7/27/2014 23:00,10,8,2
7/28/2014 0:00,0,0,0
7/28/2014 1:00,1,0,1
7/28/2014 2:00,0,0,0
7/28/2014 3:00,0,0,0
7/28/2014 4:00,0,0,0
7/28/2014 5:00,1,0,1
7/28/2014 6:00,7,4,3
7/28/2014 7:00,29,22,7
7/28/2014 8:00,34,28,6
7/28/2014 9:00,28,18,10
7/28/2014 10:00,37,18,19
7/28/2014 11:00,31,21,10
7/28/2014 12:00,32,24,8
7/28/2014 13:00,57,42,15
7/28/2014 14:00,54,32,22
7/28/2014 15:00,51,38,13
7/28/2014 16:00,64,37,27
7/28/2014 17:00,49,32,17
7/28/2014 18:00,60,38,22
7/28/2014 19:00,51,32,19
7/28/2014 20:00,25,19,6
7/28/2014 21:00,27,16,11
7/28/2014 22:00,5,4,1
7/28/2014 23:00,1,1,0
7/29/2014 0:00,1,1,0
7/29/2014 1:00,2,2,0
7/29/2014 2:00,0,0,0
7/29/2014 3:00,2,2,0
7/29/2014 4:00,0,0,0
7/29/2014 5:00,2,2,0
7/29/2014 6:00,17,9,8
7/29/2014 7:00,22,16,6
7/29/2014 8:00,54,37,17
7/29/2014 9:00,44,28,16
7/29/2014 10:00,39,25,14
7/29/2014 11:00,36,25,11
7/29/2014 12:00,50,36,14
7/29/2014 13:00,45,34,11
7/29/2014 14:00,59,43,16
7/29/2014 15:00,28,16,12
7/29/2014 16:00,39,24,15
7/29/2014 17:00,43,29,14
7/29/2014 18:00,61,36,25
7/29/2014 19:00,53,34,19
7/29/2014 20:00,34,24,10
7/29/2014 21:00,32,29,3
7/29/2014 22:00,7,7,0
7/29/2014 23:00,6,5,1
7/30/2014 0:00,1,0,1
7/30/2014 1:00,0,0,0
7/30/2014 2:00,0,0,0
7/30/2014 3:00,2,2,0
7/30/2014 4:00,0,0,0
7/30/2014 5:00,3,0,3
7/30/2014 6:00,9,3,6
7/30/2014 7:00,23,19,4
7/30/2014 8:00,26,22,4
7/30/2014 9:00,50,34,16
7/30/2014 10:00,45,21,24
7/30/2014 11:00,30,15,15
7/30/2014 12:00,51,31,20
7/30/2014 13:00,42,24,18
7/30/2014 14:00,29,20,9
7/30/2014 15:00,50,31,19
7/30/2014 16:00,42,21,21
7/30/2014 17:00,45,28,17
7/30/2014 18:00,52,31,21
7/30/2014 19:00,43,18,25
7/30/2014 20:00,49,29,20
7/30/2014 21:00,38,25,13
7/30/2014 22:00,23,20,3
7/30/2014 23:00,7,4,3
7/31/2014 0:00,3,2,1
7/31/2014 1:00,3,3,0
7/31/2014 2:00,2,0,2
7/31/2014 3:00,0,0,0
7/31/2014 4:00,0,0,0
7/31/2014 5:00,0,0,0
7/31/2014 6:00,12,6,6
7/31/2014 7:00,25,20,5
7/31/2014 8:00,21,14,7
7/31/2014 9:00,44,29,15
7/31/2014 10:00,45,37,8
7/31/2014 11:00,59,37,22
7/31/2014 12:00,45,25,20
7/31/2014 13:00,46,33,13
7/31/2014 14:00,49,36,13
7/31/2014 15:00,59,27,32
7/31/2014 16:00,66,45,21
7/31/2014 17:00,66,39,27
7/31/2014 18:00,55,28,27
7/31/2014 19:00,56,28,28
7/31/2014 20:00,30,17,13
7/31/2014 21:00,32,24,8
7/31/2014 22:00,7,5,2
7/31/2014 23:00,9,8,1
8/1/2014 0:00,8,8,0
8/1/2014 1:00,4,3,1
8/1/2014 2:00,0,0,0
8/1/2014 3:00,0,0,0
8/1/2014 4:00,0,0,0
8/1/2014 5:00,1,0,1
8/1/2014 6:00,11,7,4
8/1/2014 7:00,26,23,3
8/1/2014 8:00,27,17,10
8/1/2014 9:00,14,10,4
8/1/2014 10:00,54,33,21
8/1/2014 11:00,54,37,17
8/1/2014 12:00,43,30,13
8/1/2014 13:00,23,15,8
8/1/2014 14:00,33,19,14
8/1/2014 15:00,50,32,18
8/1/2014 16:00,35,13,22
8/1/2014 17:00,54,31,23
8/1/2014 18:00,49,26,23
8/1/2014 19:00,26,16,10
8/1/2014 20:00,25,13,12
8/1/2014 21:00,29,19,10
8/1/2014 22:00,8,7,1
8/1/2014 23:00,14,12,2
8/2/2014 0:00,2,2,0
8/2/2014 1:00,4,4,0
8/2/2014 2:00,2,2,0
8/2/2014 3:00,3,3,0
8/2/2014 4:00,1,0,1
8/2/2014 5:00,3,2,1
8/2/2014 6:00,0,0,0
8/2/2014 7:00,3,1,2
8/2/2014 8:00,14,11,3
8/2/2014 9:00,39,30,9
8/2/2014 10:00,35,17,18
8/2/2014 11:00,45,21,24
8/2/2014 12:00,61,27,34
8/2/2014 13:00,35,18,17
8/2/2014 14:00,50,26,24
8/2/2014 15:00,49,27,22
8/2/2014 16:00,51,34,17
8/2/2014 17:00,57,34,23
8/2/2014 18:00,48,37,11
8/2/2014 19:00,44,26,18
8/2/2014 20:00,36,25,11
8/2/2014 21:00,38,24,14
8/2/2014 22:00,13,13,0
8/2/2014 23:00,9,5,4
8/3/2014 0:00,9,5,4
8/3/2014 1:00,0,0,0
8/3/2014 2:00,1,1,0
8/3/2014 3:00,2,0,2
8/3/2014 4:00,1,1,0
8/3/2014 5:00,2,2,0
8/3/2014 6:00,1,1,0
8/3/2014 7:00,5,2,3
8/3/2014 8:00,14,12,2
8/3/2014 9:00,28,16,12
8/3/2014 10:00,39,25,14
8/3/2014 11:00,51,26,25
8/3/2014 12:00,66,39,27
8/3/2014 13:00,77,45,32
8/3/2014 14:00,62,33,29
8/3/2014 15:00,49,25,24
8/3/2014 16:00,66,55,11
8/3/2014 17:00,34,26,8
8/3/2014 18:00,35,25,10
8/3/2014 19:00,28,18,10
8/3/2014 20:00,36,29,7
8/3/2014 21:00,23,19,4
8/3/2014 22:00,5,5,0
8/3/2014 23:00,6,2,4
8/4/2014 0:00,1,0,1
8/4/2014 1:00,6,3,3
8/4/2014 2:00,0,0,0
8/4/2014 3:00,0,0,0
8/4/2014 4:00,4,4,0
8/4/2014 5:00,0,0,0
8/4/2014 6:00,20,13,7
8/4/2014 7:00,16,8,8
8/4/2014 8:00,36,20,16
8/4/2014 9:00,47,33,14
8/4/2014 10:00,46,29,17
8/4/2014 11:00,43,36,7
8/4/2014 12:00,57,42,15
8/4/2014 13:00,55,45,10
8/4/2014 14:00,62,42,20
8/4/2014 15:00,46,24,22
8/4/2014 16:00,55,47,8
8/4/2014 17:00,73,45,28
8/4/2014 18:00,70,38,32
8/4/2014 19:00,50,39,11
8/4/2014 20:00,31,18,13
8/4/2014 21:00,15,7,8
8/4/2014 22:00,8,7,1
8/4/2014 23:00,8,6,2
8/5/2014 0:00,3,2,1
8/5/2014 1:00,3,3,0
8/5/2014 2:00,0,0,0
8/5/2014 3:00,0,0,0
8/5/2014 4:00,2,2,0
8/5/2014 5:00,3,2,1
8/5/2014 6:00,17,10,7
8/5/2014 7:00,29,22,7
8/5/2014 8:00,57,40,17
8/5/2014 9:00,33,18,15
8/5/2014 10:00,36,22,14
8/5/2014 11:00,37,26,11
8/5/2014 12:00,37,25,12
8/5/2014 13:00,53,32,21
8/5/2014 14:00,40,25,15
8/5/2014 15:00,54,36,18
8/5/2014 16:00,57,45,12
8/5/2014 17:00,74,44,30
8/5/2014 18:00,29,16,13
8/5/2014 19:00,40,10,30
8/5/2014 20:00,14,10,4
8/5/2014 21:00,7,5,2
8/5/2014 22:00,3,3,0
8/5/2014 23:00,7,4,3
8/6/2014 0:00,1,1,0
8/6/2014 1:00,0,0,0
8/6/2014 2:00,0,0,0
8/6/2014 3:00,0,0,0
8/6/2014 4:00,1,1,0
8/6/2014 5:00,1,1,0
8/6/2014 6:00,13,9,4
8/6/2014 7:00,30,21,9
8/6/2014 8:00,44,29,15
8/6/2014 9:00,40,22,18
8/6/2014 10:00,39,26,13
8/6/2014 11:00,30,18,12
8/6/2014 12:00,39,26,13
8/6/2014 13:00,19,13,6
8/6/2014 14:00,32,19,13
8/6/2014 15:00,36,19,17
8/6/2014 16:00,60,40,20
8/6/2014 17:00,44,32,12
8/6/2014 18:00,66,36,30
8/6/2014 19:00,31,16,15
8/6/2014 20:00,36,22,14
8/6/2014 21:00,22,19,3
8/6/2014 22:00,5,4,1
8/6/2014 23:00,5,3,2
8/7/2014 0:00,2,2,0
8/7/2014 1:00,3,3,0
8/7/2014 2:00,0,0,0
8/7/2014 3:00,1,0,1
8/7/2014 4:00,0,0,0
8/7/2014 5:00,8,4,4
8/7/2014 6:00,8,4,4
8/7/2014 7:00,25,22,3
8/7/2014 8:00,36,26,10
8/7/2014 9:00,33,18,15
8/7/2014 10:00,38,21,17
8/7/2014 11:00,34,25,9
8/7/2014 12:00,41,24,17
8/7/2014 13:00,47,39,8
8/7/2014 14:00,60,42,18
8/7/2014 15:00,49,37,12
8/7/2014 16:00,35,25,10
8/7/2014 17:00,58,47,11
8/7/2014 18:00,53,25,28
8/7/2014 19:00,26,13,13
8/7/2014 20:00,21,11,10
8/7/2014 21:00,17,12,5
8/7/2014 22:00,7,6,1
8/7/2014 23:00,11,7,4
8/8/2014 0:00,1,0,1
8/8/2014 1:00,5,4,1
8/8/2014 2:00,2,0,2
8/8/2014 3:00,1,0,1
8/8/2014 4:00,0,0,0
8/8/2014 5:00,3,2,1
8/8/2014 6:00,11,8,3
8/8/2014 7:00,23,15,8
8/8/2014 8:00,28,20,8
8/8/2014 9:00,24,12,12
8/8/2014 10:00,28,11,17
8/8/2014 11:00,52,37,15
8/8/2014 12:00,48,19,29
8/8/2014 13:00,54,36,18
8/8/2014 14:00,37,27,10
8/8/2014 15:00,29,20,9
8/8/2014 16:00,47,34,13
8/8/2014 17:00,49,38,11
8/8/2014 18:00,69,40,29
8/8/2014 19:00,18,11,7
8/8/2014 20:00,29,21,8
8/8/2014 21:00,21,15,6
8/8/2014 22:00,9,6,3
8/8/2014 23:00,8,7,1
8/9/2014 0:00,2,2,0
8/9/2014 1:00,7,4,3
8/9/2014 2:00,0,0,0
8/9/2014 3:00,1,0,1
8/9/2014 4:00,0,0,0
8/9/2014 5:00,2,2,0
8/9/2014 6:00,1,0,1
8/9/2014 7:00,14,8,6
8/9/2014 8:00,28,15,13
8/9/2014 9:00,36,29,7
8/9/2014 10:00,37,25,12
8/9/2014 11:00,50,30,20
8/9/2014 12:00,53,38,15
8/9/2014 13:00,60,50,10
8/9/2014 14:00,38,21,17
8/9/2014 15:00,38,22,16
8/9/2014 16:00,38,24,14
8/9/2014 17:00,54,28,26
8/9/2014 18:00,27,21,6
8/9/2014 19:00,27,19,8
8/9/2014 20:00,30,26,4
8/9/2014 21:00,12,10,2
8/9/2014 22:00,21,16,5
8/9/2014 23:00,8,6,2
8/10/2014 0:00,7,4,3
8/10/2014 1:00,5,4,1
8/10/2014 2:00,3,3,0
8/10/2014 3:00,3,3,0
8/10/2014 4:00,0,0,0
8/10/2014 5:00,2,2,0
8/10/2014 6:00,2,2,0
8/10/2014 7:00,3,1,2
8/10/2014 8:00,10,3,7
8/10/2014 9:00,31,19,12
8/10/2014 10:00,42,28,14
8/10/2014 11:00,47,18,29
8/10/2014 12:00,87,57,30
8/10/2014 13:00,64,38,26
8/10/2014 14:00,67,36,31
8/10/2014 15:00,53,37,16
8/10/2014 16:00,48,23,25
8/10/2014 17:00,39,31,8
8/10/2014 18:00,56,40,16
8/10/2014 19:00,30,16,14
8/10/2014 20:00,14,11,3
8/10/2014 21:00,8,7,1
8/10/2014 22:00,14,13,1
8/10/2014 23:00,3,3,0
8/11/2014 0:00,1,0,1
8/11/2014 1:00,2,0,2
8/11/2014 2:00,0,0,0
8/11/2014 3:00,0,0,0
8/11/2014 4:00,0,0,0
8/11/2014 5:00,0,0,0
8/11/2014 6:00,10,8,2
8/11/2014 7:00,28,21,7
8/11/2014 8:00,50,33,17
8/11/2014 9:00,25,11,14
8/11/2014 10:00,38,22,16
8/11/2014 11:00,30,20,10
8/11/2014 12:00,52,31,21
8/11/2014 13:00,41,24,17
8/11/2014 14:00,43,29,14
8/11/2014 15:00,32,24,8
8/11/2014 16:00,43,33,10
8/11/2014 17:00,66,38,28
8/11/2014 18:00,46,19,27
8/11/2014 19:00,31,17,14
8/11/2014 20:00,19,15,4
8/11/2014 21:00,16,13,3
8/11/2014 22:00,4,4,0
8/11/2014 23:00,2,0,2
8/12/2014 0:00,2,2,0
8/12/2014 1:00,2,1,1
8/12/2014 2:00,1,1,0
8/12/2014 3:00,0,0,0
8/12/2014 4:00,5,4,1
8/12/2014 5:00,8,6,2
8/12/2014 6:00,16,13,3
8/12/2014 7:00,20,15,5
8/12/2014 8:00,21,18,3
8/12/2014 9:00,40,28,12
8/12/2014 10:00,37,18,19
8/12/2014 11:00,35,25,10
8/12/2014 12:00,46,31,15
8/12/2014 13:00,36,23,13
8/12/2014 14:00,39,26,13
8/12/2014 15:00,45,27,18
8/12/2014 16:00,63,37,26
8/12/2014 17:00,51,27,24
8/12/2014 18:00,78,36,42
8/12/2014 19:00,34,22,12
8/12/2014 20:00,33,26,7
8/12/2014 21:00,20,17,3
8/12/2014 22:00,5,2,3
8/12/2014 23:00,3,2,1
8/13/2014 0:00,5,4,1
8/13/2014 1:00,2,0,2
8/13/2014 2:00,2,2,0
8/13/2014 3:00,2,2,0
8/13/2014 4:00,0,0,0
8/13/2014 5:00,5,5,0
8/13/2014 6:00,6,2,4
8/13/2014 7:00,25,15,10
8/13/2014 8:00,31,24,7
8/13/2014 9:00,21,18,3
8/13/2014 10:00,21,11,10
8/13/2014 11:00,19,10,9
8/13/2014 12:00,33,20,13
8/13/2014 13:00,35,24,11
8/13/2014 14:00,40,32,8
8/13/2014 15:00,27,23,4
8/13/2014 16:00,41,30,11
8/13/2014 17:00,40,22,18
8/13/2014 18:00,73,40,33
8/13/2014 19:00,42,29,13
8/13/2014 20:00,22,13,9
8/13/2014 21:00,22,13,9
8/13/2014 22:00,13,10,3
8/13/2014 23:00,8,7,1
8/14/2014 0:00,1,1,0
8/14/2014 1:00,0,0,0
8/14/2014 2:00,1,1,0
8/14/2014 3:00,1,0,1
8/14/2014 4:00,0,0,0
8/14/2014 5:00,0,0,0
8/14/2014 6:00,6,3,3
8/14/2014 7:00,21,14,7
8/14/2014 8:00,33,21,12
8/14/2014 9:00,32,14,18
8/14/2014 10:00,31,23,8
8/14/2014 11:00,27,15,12
8/14/2014 12:00,45,35,10
8/14/2014 13:00,57,34,23
8/14/2014 14:00,44,31,13
8/14/2014 15:00,39,19,20
8/14/2014 16:00,21,16,5
8/14/2014 17:00,54,35,19
8/14/2014 18:00,64,43,21
8/14/2014 19:00,54,40,14
8/14/2014 20:00,24,17,7
8/14/2014 21:00,23,18,5
8/14/2014 22:00,9,6,3
8/14/2014 23:00,6,6,0
8/15/2014 0:00,4,4,0
8/15/2014 1:00,4,3,1
8/15/2014 2:00,0,0,0
8/15/2014 3:00,0,0,0
8/15/2014 4:00,0,0,0
8/15/2014 5:00,3,3,0
8/15/2014 6:00,5,3,2
8/15/2014 7:00,20,17,3
8/15/2014 8:00,19,14,5
8/15/2014 9:00,31,25,6
8/15/2014 10:00,27,22,5
8/15/2014 11:00,37,31,6
8/15/2014 12:00,29,15,14
8/15/2014 13:00,34,21,13
8/15/2014 14:00,55,39,16
8/15/2014 15:00,32,27,5
8/15/2014 16:00,38,28,10
8/15/2014 17:00,54,37,17
8/15/2014 18:00,42,28,14
8/15/2014 19:00,52,31,21
8/15/2014 20:00,19,14,5
8/15/2014 21:00,20,14,6
8/15/2014 22:00,13,4,9
8/15/2014 23:00,5,4,1
8/16/2014 0:00,6,6,0
8/16/2014 1:00,2,2,0
8/16/2014 2:00,1,1,0
8/16/2014 3:00,4,2,2
8/16/2014 4:00,0,0,0
8/16/2014 5:00,8,7,1
8/16/2014 6:00,8,6,2
8/16/2014 7:00,3,2,1
8/16/2014 8:00,9,6,3
8/16/2014 9:00,32,21,11
8/16/2014 10:00,33,23,10
8/16/2014 11:00,39,19,20
8/16/2014 12:00,49,37,12
8/16/2014 13:00,44,22,22
8/16/2014 14:00,62,37,25
8/16/2014 15:00,60,47,13
8/16/2014 16:00,52,40,12
8/16/2014 17:00,46,25,21
8/16/2014 18:00,45,32,13
8/16/2014 19:00,31,21,10
8/16/2014 20:00,32,23,9
8/16/2014 21:00,19,19,0
8/16/2014 22:00,11,10,1
8/16/2014 23:00,2,1,1
8/17/2014 0:00,5,5,0
8/17/2014 1:00,0,0,0
8/17/2014 2:00,4,4,0
8/17/2014 3:00,1,0,1
8/17/2014 4:00,1,1,0
8/17/2014 5:00,2,2,0
8/17/2014 6:00,1,0,1
8/17/2014 7:00,4,2,2
8/17/2014 8:00,13,8,5
8/17/2014 9:00,22,14,8
8/17/2014 10:00,50,29,21
8/17/2014 11:00,70,45,25
8/17/2014 12:00,53,35,18
8/17/2014 13:00,57,38,19
8/17/2014 14:00,64,38,26
8/17/2014 15:00,61,34,27
8/17/2014 16:00,72,50,22
8/17/2014 17:00,56,41,15
8/17/2014 18:00,38,26,12
8/17/2014 19:00,26,16,10
8/17/2014 20:00,18,16,2
8/17/2014 21:00,14,10,4
8/17/2014 22:00,9,8,1
8/17/2014 23:00,10,9,1
8/18/2014 0:00,2,2,0
8/18/2014 1:00,5,5,0
8/18/2014 2:00,2,2,0
8/18/2014 3:00,1,1,0
8/18/2014 4:00,0,0,0
8/18/2014 5:00,0,0,0
8/18/2014 6:00,6,2,4
8/18/2014 7:00,34,27,7
8/18/2014 8:00,21,10,11
8/18/2014 9:00,42,27,15
8/18/2014 10:00,47,27,20
8/18/2014 11:00,41,31,10
8/18/2014 12:00,55,38,17
8/18/2014 13:00,47,22,25
8/18/2014 14:00,45,28,17
8/18/2014 15:00,37,28,9
8/18/2014 16:00,52,37,15
8/18/2014 17:00,53,32,21
8/18/2014 18:00,66,37,29
8/18/2014 19:00,41,29,12
8/18/2014 20:00,22,16,6
8/18/2014 21:00,16,14,2
8/18/2014 22:00,20,19,1
8/18/2014 23:00,4,2,2
8/19/2014 0:00,2,2,0
8/19/2014 1:00,2,0,2
8/19/2014 2:00,0,0,0
8/19/2014 3:00,0,0,0
8/19/2014 4:00,0,0,0
8/19/2014 5:00,7,7,0
8/19/2014 6:00,29,18,11
8/19/2014 7:00,24,19,5
8/19/2014 8:00,39,28,11
8/19/2014 9:00,28,18,10
8/19/2014 10:00,28,22,6
8/19/2014 11:00,27,10,17
8/19/2014 12:00,50,33,17
8/19/2014 13:00,42,23,19
8/19/2014 14:00,36,28,8
8/19/2014 15:00,46,32,14
8/19/2014 16:00,63,41,22
8/19/2014 17:00,40,27,13
8/19/2014 18:00,51,42,9
8/19/2014 19:00,58,39,19
8/19/2014 20:00,29,16,13
8/19/2014 21:00,14,11,3
8/19/2014 22:00,11,11,0
8/19/2014 23:00,1,0,1
8/20/2014 0:00,1,1,0
8/20/2014 1:00,3,1,2
8/20/2014 2:00,1,0,1
8/20/2014 3:00,0,0,0
8/20/2014 4:00,0,0,0
8/20/2014 5:00,8,5,3
8/20/2014 6:00,12,5,7
8/20/2014 7:00,18,14,4
8/20/2014 8:00,24,17,7
8/20/2014 9:00,26,23,3
8/20/2014 10:00,27,14,13
8/20/2014 11:00,28,15,13
8/20/2014 12:00,28,15,13
8/20/2014 13:00,45,32,13
8/20/2014 14:00,55,28,27
8/20/2014 15:00,44,29,15
8/20/2014 16:00,40,30,10
8/20/2014 17:00,56,40,16
8/20/2014 18:00,45,26,19
8/20/2014 19:00,27,15,12
8/20/2014 20:00,23,17,6
8/20/2014 21:00,38,31,7
8/20/2014 22:00,5,4,1
8/20/2014 23:00,11,8,3
8/21/2014 0:00,1,0,1
8/21/2014 1:00,1,1,0
8/21/2014 2:00,1,0,1
8/21/2014 3:00,2,2,0
8/21/2014 4:00,0,0,0
8/21/2014 5:00,2,0,2
8/21/2014 6:00,13,7,6
8/21/2014 7:00,38,26,12
8/21/2014 8:00,39,21,18
8/21/2014 9:00,44,21,23
8/21/2014 10:00,43,30,13
8/21/2014 11:00,35,28,7
8/21/2014 12:00,45,23,22
8/21/2014 13:00,40,27,13
8/21/2014 14:00,44,24,20
8/21/2014 15:00,28,20,8
8/21/2014 16:00,53,37,16
8/21/2014 17:00,52,32,20
8/21/2014 18:00,47,36,11
8/21/2014 19:00,46,36,10
8/21/2014 20:00,25,16,9
8/21/2014 21:00,20,12,8
8/21/2014 22:00,11,8,3
8/21/2014 23:00,7,6,1
8/22/2014 0:00,5,2,3
8/22/2014 1:00,2,2,0
8/22/2014 2:00,0,0,0
8/22/2014 3:00,2,2,0
8/22/2014 4:00,2,2,0
8/22/2014 5:00,0,0,0
8/22/2014 6:00,4,3,1
8/22/2014 7:00,26,20,6
8/22/2014 8:00,45,30,15
8/22/2014 9:00,33,27,6
8/22/2014 10:00,58,28,30
8/22/2014 11:00,37,26,11
8/22/2014 12:00,47,24,23
8/22/2014 13:00,53,28,25
8/22/2014 14:00,46,29,17
8/22/2014 15:00,60,39,21
8/22/2014 16:00,55,36,19
8/22/2014 17:00,76,53,23
8/22/2014 18:00,57,38,19
8/22/2014 19:00,32,18,14
8/22/2014 20:00,36,23,13
8/22/2014 21:00,12,9,3
8/22/2014 22:00,12,11,1
8/22/2014 23:00,8,8,0
8/23/2014 0:00,4,3,1
8/23/2014 1:00,0,0,0
8/23/2014 2:00,3,2,1
8/23/2014 3:00,2,2,0
8/23/2014 4:00,2,2,0
8/23/2014 5:00,3,3,0
8/23/2014 6:00,2,2,0
8/23/2014 7:00,9,5,4
8/23/2014 8:00,18,13,5
8/23/2014 9:00,34,19,15
8/23/2014 10:00,32,17,15
8/23/2014 11:00,65,46,19
8/23/2014 12:00,38,18,20
8/23/2014 13:00,42,31,11
8/23/2014 14:00,72,35,37
8/23/2014 15:00,45,25,20
8/23/2014 16:00,57,38,19
8/23/2014 17:00,28,24,4
8/23/2014 18:00,33,21,12
8/23/2014 19:00,24,20,4
8/23/2014 20:00,32,19,13
8/23/2014 21:00,7,4,3
8/23/2014 22:00,11,8,3
8/23/2014 23:00,8,4,4
8/24/2014 0:00,3,1,2
8/24/2014 1:00,3,3,0
8/24/2014 2:00,0,0,0
8/24/2014 3:00,2,2,0
8/24/2014 4:00,0,0,0
8/24/2014 5:00,1,1,0
8/24/2014 6:00,2,2,0
8/24/2014 7:00,0,0,0
8/24/2014 8:00,13,8,5
8/24/2014 9:00,21,13,8
8/24/2014 10:00,40,26,14
8/24/2014 11:00,58,35,23
8/24/2014 12:00,43,32,11
8/24/2014 13:00,79,39,40
8/24/2014 14:00,65,36,29
8/24/2014 15:00,32,24,8
8/24/2014 16:00,52,34,18
8/24/2014 17:00,39,22,17
8/24/2014 18:00,31,18,13
8/24/2014 19:00,19,14,5
8/24/2014 20:00,16,14,2
8/24/2014 21:00,17,10,7
8/24/2014 22:00,20,15,5
8/24/2014 23:00,3,3,0
8/25/2014 0:00,1,0,1
8/25/2014 1:00,0,0,0
8/25/2014 2:00,0,0,0
8/25/2014 3:00,0,0,0
8/25/2014 4:00,0,0,0
8/25/2014 5:00,4,3,1
8/25/2014 6:00,6,5,1
8/25/2014 7:00,23,19,4
8/25/2014 8:00,28,14,14
8/25/2014 9:00,36,24,12
8/25/2014 10:00,20,9,11
8/25/2014 11:00,23,17,6
8/25/2014 12:00,27,14,13
8/25/2014 13:00,30,26,4
8/25/2014 14:00,26,17,9
8/25/2014 15:00,5,0,5
8/25/2014 16:00,0,0,0
8/25/2014 17:00,0,0,0
8/25/2014 18:00,0,0,0
8/25/2014 19:00,0,0,0
8/25/2014 20:00,0,0,0
8/25/2014 21:00,0,0,0
8/25/2014 22:00,0,0,0
8/25/2014 23:00,0,0,0
8/26/2014 0:00,0,0,0
8/26/2014 1:00,0,0,0
8/26/2014 2:00,0,0,0
8/26/2014 3:00,0,0,0
8/26/2014 4:00,0,0,0
8/26/2014 5:00,0,0,0
8/26/2014 6:00,0,0,0
8/26/2014 7:00,0,0,0
8/26/2014 8:00,0,0,0
8/26/2014 9:00,0,0,0
8/26/2014 10:00,0,0,0
8/26/2014 11:00,0,0,0
8/26/2014 12:00,0,0,0
8/26/2014 13:00,0,0,0
8/26/2014 14:00,0,0,0
8/26/2014 15:00,0,0,0
8/26/2014 16:00,0,0,0
8/26/2014 17:00,0,0,0
8/26/2014 18:00,0,0,0
8/26/2014 19:00,0,0,0
8/26/2014 20:00,0,0,0
8/26/2014 21:00,0,0,0
8/26/2014 22:00,0,0,0
8/26/2014 23:00,0,0,0
8/27/2014 0:00,0,0,0
8/27/2014 1:00,0,0,0
8/27/2014 2:00,0,0,0
8/27/2014 3:00,0,0,0
8/27/2014 4:00,0,0,0
8/27/2014 5:00,0,0,0
8/27/2014 6:00,0,0,0
8/27/2014 7:00,0,0,0
8/27/2014 8:00,0,0,0
8/27/2014 9:00,0,0,0
8/27/2014 10:00,0,0,0
8/27/2014 11:00,0,0,0
8/27/2014 12:00,0,0,0
8/27/2014 13:00,0,0,0
8/27/2014 14:00,0,0,0
8/27/2014 15:00,0,0,0
8/27/2014 16:00,0,0,0
8/27/2014 17:00,0,0,0
8/27/2014 18:00,0,0,0
8/27/2014 19:00,0,0,0
8/27/2014 20:00,0,0,0
8/27/2014 21:00,0,0,0
8/27/2014 22:00,0,0,0
8/27/2014 23:00,0,0,0
8/28/2014 0:00,0,0,0
8/28/2014 1:00,0,0,0
8/28/2014 2:00,0,0,0
8/28/2014 3:00,0,0,0
8/28/2014 4:00,0,0,0
8/28/2014 5:00,0,0,0
8/28/2014 6:00,0,0,0
8/28/2014 7:00,0,0,0
8/28/2014 8:00,0,0,0
8/28/2014 9:00,0,0,0
8/28/2014 10:00,0,0,0
8/28/2014 11:00,0,0,0
8/28/2014 12:00,0,0,0
8/28/2014 13:00,0,0,0
8/28/2014 14:00,7,3,4
8/28/2014 15:00,21,14,7
8/28/2014 16:00,51,34,17
8/28/2014 17:00,51,41,10
8/28/2014 18:00,53,30,23
8/28/2014 19:00,48,39,9
8/28/2014 20:00,39,30,9
8/28/2014 21:00,28,23,5
8/28/2014 22:00,13,10,3
8/28/2014 23:00,8,8,0
8/29/2014 0:00,2,2,0
8/29/2014 1:00,2,2,0
8/29/2014 2:00,1,1,0
8/29/2014 3:00,1,0,1
8/29/2014 4:00,0,0,0
8/29/2014 5:00,5,4,1
8/29/2014 6:00,8,7,1
8/29/2014 7:00,12,9,3
8/29/2014 8:00,31,23,8
8/29/2014 9:00,36,26,10
8/29/2014 10:00,20,14,6
8/29/2014 11:00,22,20,2
8/29/2014 12:00,31,25,6
8/29/2014 13:00,34,25,9
8/29/2014 14:00,40,25,15
8/29/2014 15:00,47,39,8
8/29/2014 16:00,63,42,21
8/29/2014 17:00,43,21,22
8/29/2014 18:00,41,31,10
8/29/2014 19:00,34,23,11
8/29/2014 20:00,24,18,6
8/29/2014 21:00,8,6,2
8/29/2014 22:00,17,16,1
8/29/2014 23:00,7,6,1
8/30/2014 0:00,2,0,2
8/30/2014 1:00,10,9,1
8/30/2014 2:00,4,4,0
8/30/2014 3:00,0,0,0
8/30/2014 4:00,1,0,1
8/30/2014 5:00,4,4,0
8/30/2014 6:00,3,3,0
8/30/2014 7:00,7,7,0
8/30/2014 8:00,15,11,4
8/30/2014 9:00,36,27,9
8/30/2014 10:00,29,20,9
8/30/2014 11:00,36,23,13
8/30/2014 12:00,42,28,14
8/30/2014 13:00,29,19,10
8/30/2014 14:00,27,11,16
8/30/2014 15:00,40,29,11
8/30/2014 16:00,50,41,9
8/30/2014 17:00,32,25,7
8/30/2014 18:00,15,8,7
8/30/2014 19:00,22,17,5
8/30/2014 20:00,24,19,5
8/30/2014 21:00,14,8,6
8/30/2014 22:00,7,5,2
8/30/2014 23:00,11,8,3
8/31/2014 0:00,0,0,0
8/31/2014 1:00,2,2,0
8/31/2014 2:00,2,2,0
8/31/2014 3:00,4,2,2
8/31/2014 4:00,0,0,0
8/31/2014 5:00,3,2,1
8/31/2014 6:00,6,6,0
8/31/2014 7:00,0,0,0
8/31/2014 8:00,9,5,4
8/31/2014 9:00,21,11,10
8/31/2014 10:00,41,32,9
8/31/2014 11:00,40,28,12
8/31/2014 12:00,65,51,14
8/31/2014 13:00,75,58,17
8/31/2014 14:00,49,31,18
8/31/2014 15:00,45,35,10
8/31/2014 16:00,41,33,8
8/31/2014 17:00,39,22,17
8/31/2014 18:00,26,20,6
8/31/2014 19:00,29,17,12
8/31/2014 20:00,17,12,5
8/31/2014 21:00,12,10,2
8/31/2014 22:00,8,5,3
8/31/2014 23:00,4,4,0
9/1/2014 0:00,3,3,0
9/1/2014 1:00,3,1,2
9/1/2014 2:00,6,6,0
9/1/2014 3:00,1,1,0
9/1/2014 4:00,0,0,0
9/1/2014 5:00,8,6,2
9/1/2014 6:00,3,3,0
9/1/2014 7:00,9,5,4
9/1/2014 8:00,5,2,3
9/1/2014 9:00,14,6,8
9/1/2014 10:00,42,21,21
9/1/2014 11:00,39,25,14
9/1/2014 12:00,40,32,8
9/1/2014 13:00,47,31,16
9/1/2014 14:00,49,33,16
9/1/2014 15:00,51,26,25
9/1/2014 16:00,68,36,32
9/1/2014 17:00,37,26,11
9/1/2014 18:00,35,24,11
9/1/2014 19:00,26,11,15
9/1/2014 20:00,15,8,7
9/1/2014 21:00,12,8,4
9/1/2014 22:00,8,6,2
9/1/2014 23:00,1,1,0
9/2/2014 0:00,5,5,0
9/2/2014 1:00,0,0,0
9/2/2014 2:00,0,0,0
9/2/2014 3:00,1,0,1
9/2/2014 4:00,3,3,0
9/2/2014 5:00,1,1,0
9/2/2014 6:00,10,7,3
9/2/2014 7:00,27,24,3
9/2/2014 8:00,40,22,18
9/2/2014 9:00,16,8,8
9/2/2014 10:00,28,18,10
9/2/2014 11:00,31,19,12
9/2/2014 12:00,50,32,18
9/2/2014 13:00,26,16,10
9/2/2014 14:00,41,30,11
9/2/2014 15:00,34,21,13
9/2/2014 16:00,37,26,11
9/2/2014 17:00,53,29,24
9/2/2014 18:00,53,36,17
9/2/2014 19:00,36,20,16
9/2/2014 20:00,28,17,11
9/2/2014 21:00,28,14,14
9/2/2014 22:00,13,12,1
9/2/2014 23:00,0,0,0
9/3/2014 0:00,0,0,0
9/3/2014 1:00,0,0,0
9/3/2014 2:00,0,0,0
9/3/2014 3:00,0,0,0
9/3/2014 4:00,1,0,1
9/3/2014 5:00,2,2,0
9/3/2014 6:00,11,9,2
9/3/2014 7:00,29,25,4
9/3/2014 8:00,33,16,17
9/3/2014 9:00,32,18,14
9/3/2014 10:00,16,9,7
9/3/2014 11:00,44,21,23
9/3/2014 12:00,36,16,20
9/3/2014 13:00,24,18,6
9/3/2014 14:00,41,25,16
9/3/2014 15:00,24,10,14
9/3/2014 16:00,39,24,15
9/3/2014 17:00,70,47,23
9/3/2014 18:00,47,25,22
9/3/2014 19:00,32,25,7
9/3/2014 20:00,48,41,7
9/3/2014 21:00,13,10,3
9/3/2014 22:00,17,17,0
9/3/2014 23:00,4,3,1
9/4/2014 0:00,0,0,0
9/4/2014 1:00,3,2,1
9/4/2014 2:00,0,0,0
9/4/2014 3:00,0,0,0
9/4/2014 4:00,2,2,0
9/4/2014 5:00,6,5,1
9/4/2014 6:00,5,3,2
9/4/2014 7:00,33,26,7
9/4/2014 8:00,40,31,9
9/4/2014 9:00,32,21,11
9/4/2014 10:00,26,19,7
9/4/2014 11:00,28,19,9
9/4/2014 12:00,51,31,20
9/4/2014 13:00,43,31,12
9/4/2014 14:00,39,32,7
9/4/2014 15:00,36,18,18
9/4/2014 16:00,39,24,15
9/4/2014 17:00,71,41,30
9/4/2014 18:00,34,18,16
9/4/2014 19:00,32,26,6
9/4/2014 20:00,14,12,2
9/4/2014 21:00,26,24,2
9/4/2014 22:00,13,12,1
9/4/2014 23:00,11,10,1
9/5/2014 0:00,1,1,0
9/5/2014 1:00,1,0,1
9/5/2014 2:00,0,0,0
9/5/2014 3:00,2,2,0
9/5/2014 4:00,0,0,0
9/5/2014 5:00,1,0,1
9/5/2014 6:00,3,2,1
9/5/2014 7:00,21,15,6
9/5/2014 8:00,38,26,12
9/5/2014 9:00,39,30,9
9/5/2014 10:00,33,15,18
9/5/2014 11:00,41,33,8
9/5/2014 12:00,44,27,17
9/5/2014 13:00,44,28,16
9/5/2014 14:00,38,27,11
9/5/2014 15:00,40,27,13
9/5/2014 16:00,28,16,12
9/5/2014 17:00,46,31,15
9/5/2014 18:00,49,31,18
9/5/2014 19:00,45,24,21
9/5/2014 20:00,31,24,7
9/5/2014 21:00,10,9,1
9/5/2014 22:00,5,4,1
9/5/2014 23:00,3,3,0
9/6/2014 0:00,4,4,0
9/6/2014 1:00,1,1,0
9/6/2014 2:00,1,0,1
9/6/2014 3:00,1,0,1
9/6/2014 4:00,0,0,0
9/6/2014 5:00,6,4,2
9/6/2014 6:00,1,1,0
9/6/2014 7:00,7,4,3
9/6/2014 8:00,16,12,4
9/6/2014 9:00,35,21,14
9/6/2014 10:00,41,29,12
9/6/2014 11:00,57,26,31
9/6/2014 12:00,73,54,19
9/6/2014 13:00,68,49,19
9/6/2014 14:00,48,32,16
9/6/2014 15:00,30,19,11
9/6/2014 16:00,49,34,15
9/6/2014 17:00,36,26,10
9/6/2014 18:00,35,23,12
9/6/2014 19:00,42,28,14
9/6/2014 20:00,15,12,3
9/6/2014 21:00,11,7,4
9/6/2014 22:00,17,12,5
9/6/2014 23:00,7,6,1
9/7/2014 0:00,8,6,2
9/7/2014 1:00,18,10,8
9/7/2014 2:00,5,3,2
9/7/2014 3:00,1,0,1
9/7/2014 4:00,4,2,2
9/7/2014 5:00,2,2,0
9/7/2014 6:00,3,3,0
9/7/2014 7:00,5,3,2
9/7/2014 8:00,14,5,9
9/7/2014 9:00,16,8,8
9/7/2014 10:00,57,36,21
9/7/2014 11:00,62,39,23
9/7/2014 12:00,61,42,19
9/7/2014 13:00,55,42,13
9/7/2014 14:00,54,33,21
9/7/2014 15:00,41,30,11
9/7/2014 16:00,37,23,14
9/7/2014 17:00,38,25,13
9/7/2014 18:00,45,28,17
9/7/2014 19:00,28,19,9
9/7/2014 20:00,19,16,3
9/7/2014 21:00,14,12,2
9/7/2014 22:00,12,9,3
9/7/2014 23:00,2,2,0
9/8/2014 0:00,2,1,1
9/8/2014 1:00,3,0,3
9/8/2014 2:00,3,0,3
9/8/2014 3:00,0,0,0
9/8/2014 4:00,0,0,0
9/8/2014 5:00,0,0,0
9/8/2014 6:00,11,4,7
9/8/2014 7:00,30,19,11
9/8/2014 8:00,37,18,19
9/8/2014 9:00,29,18,11
9/8/2014 10:00,24,14,10
9/8/2014 11:00,23,17,6
9/8/2014 12:00,18,9,9
9/8/2014 13:00,29,15,14
9/8/2014 14:00,15,9,6
9/8/2014 15:00,37,21,16
9/8/2014 16:00,58,47,11
9/8/2014 17:00,47,30,17
9/8/2014 18:00,45,29,16
9/8/2014 19:00,28,21,7
9/8/2014 20:00,18,12,6
9/8/2014 21:00,5,4,1
9/8/2014 22:00,10,7,3
9/8/2014 23:00,6,4,2
9/9/2014 0:00,3,2,1
9/9/2014 1:00,0,0,0
9/9/2014 2:00,0,0,0
9/9/2014 3:00,1,0,1
9/9/2014 4:00,1,0,1
9/9/2014 5:00,6,4,2
9/9/2014 6:00,14,7,7
9/9/2014 7:00,32,25,7
9/9/2014 8:00,67,48,19
9/9/2014 9:00,33,22,11
9/9/2014 10:00,26,20,6
9/9/2014 11:00,28,21,7
9/9/2014 12:00,27,23,4
9/9/2014 13:00,46,32,14
9/9/2014 14:00,56,36,20
9/9/2014 15:00,36,23,13
9/9/2014 16:00,60,47,13
9/9/2014 17:00,63,39,24
9/9/2014 18:00,42,31,11
9/9/2014 19:00,39,24,15
9/9/2014 20:00,28,18,10
9/9/2014 21:00,29,23,6
9/9/2014 22:00,3,2,1
9/9/2014 23:00,5,5,0
9/10/2014 0:00,3,2,1
9/10/2014 1:00,0,0,0
9/10/2014 2:00,0,0,0
9/10/2014 3:00,2,2,0
9/10/2014 4:00,2,2,0
9/10/2014 5:00,3,2,1
9/10/2014 6:00,11,10,1
9/10/2014 7:00,46,37,9
9/10/2014 8:00,53,39,14
9/10/2014 9:00,44,32,12
9/10/2014 10:00,25,18,7
9/10/2014 11:00,29,23,6
9/10/2014 12:00,39,27,12
9/10/2014 13:00,55,33,22
9/10/2014 14:00,36,29,7
9/10/2014 15:00,39,26,13
9/10/2014 16:00,41,30,11
9/10/2014 17:00,44,28,16
9/10/2014 18:00,70,53,17
9/10/2014 19:00,55,38,17
9/10/2014 20:00,30,24,6
9/10/2014 21:00,24,17,7
9/10/2014 22:00,11,10,1
9/10/2014 23:00,8,7,1
9/11/2014 0:00,0,0,0
9/11/2014 1:00,0,0,0
9/11/2014 2:00,0,0,0
9/11/2014 3:00,0,0,0
9/11/2014 4:00,3,2,1
9/11/2014 5:00,8,8,0
9/11/2014 6:00,20,16,4
9/11/2014 7:00,36,25,11
9/11/2014 8:00,27,16,11
9/11/2014 9:00,45,33,12
9/11/2014 10:00,32,26,6
9/11/2014 11:00,34,24,10
9/11/2014 12:00,44,30,14
9/11/2014 13:00,49,44,5
9/11/2014 14:00,45,31,14
9/11/2014 15:00,52,35,17
9/11/2014 16:00,47,29,18
9/11/2014 17:00,62,46,16
9/11/2014 18:00,48,32,16
9/11/2014 19:00,49,29,20
9/11/2014 20:00,36,23,13
9/11/2014 21:00,13,10,3
9/11/2014 22:00,6,6,0
9/11/2014 23:00,5,4,1
9/12/2014 0:00,2,1,1
9/12/2014 1:00,0,0,0
9/12/2014 2:00,0,0,0
9/12/2014 3:00,0,0,0
9/12/2014 4:00,0,0,0
9/12/2014 5:00,4,3,1
9/12/2014 6:00,3,2,1
9/12/2014 7:00,20,14,6
9/12/2014 8:00,32,21,11
9/12/2014 9:00,38,29,9
9/12/2014 10:00,51,19,32
9/12/2014 11:00,32,23,9
9/12/2014 12:00,39,25,14
9/12/2014 13:00,37,21,16
9/12/2014 14:00,66,58,8
9/12/2014 15:00,45,25,20
9/12/2014 16:00,52,35,17
9/12/2014 17:00,49,30,19
9/12/2014 18:00,45,33,12
9/12/2014 19:00,32,18,14
9/12/2014 20:00,27,16,11
9/12/2014 21:00,20,17,3
9/12/2014 22:00,14,12,2
9/12/2014 23:00,9,6,3
9/13/2014 0:00,8,2,6
9/13/2014 1:00,5,5,0
9/13/2014 2:00,2,0,2
9/13/2014 3:00,0,0,0
9/13/2014 4:00,1,0,1
9/13/2014 5:00,3,3,0
9/13/2014 6:00,2,2,0
9/13/2014 7:00,5,3,2
9/13/2014 8:00,18,11,7
9/13/2014 9:00,43,25,18
9/13/2014 10:00,26,10,16
9/13/2014 11:00,64,44,20
9/13/2014 12:00,40,20,20
9/13/2014 13:00,48,29,19
9/13/2014 14:00,39,28,11
9/13/2014 15:00,50,29,21
9/13/2014 16:00,33,28,5
9/13/2014 17:00,48,41,7
9/13/2014 18:00,40,24,16
9/13/2014 19:00,44,33,11
9/13/2014 20:00,26,17,9
9/13/2014 21:00,7,5,2
9/13/2014 22:00,14,9,5
9/13/2014 23:00,8,6,2
9/14/2014 0:00,4,3,1
9/14/2014 1:00,7,6,1
9/14/2014 2:00,1,1,0
9/14/2014 3:00,0,0,0
9/14/2014 4:00,2,2,0
9/14/2014 5:00,4,4,0
9/14/2014 6:00,4,4,0
9/14/2014 7:00,4,1,3
9/14/2014 8:00,16,9,7
9/14/2014 9:00,31,19,12
9/14/2014 10:00,42,24,18
9/14/2014 11:00,57,34,23
9/14/2014 12:00,65,45,20
9/14/2014 13:00,55,35,20
9/14/2014 14:00,39,27,12
9/14/2014 15:00,27,17,10
9/14/2014 16:00,34,15,19
9/14/2014 17:00,53,31,22
9/14/2014 18:00,28,17,11
9/14/2014 19:00,41,30,11
9/14/2014 20:00,21,17,4
9/14/2014 21:00,22,20,2
9/14/2014 22:00,2,2,0
9/14/2014 23:00,5,3,2
9/15/2014 0:00,2,2,0
9/15/2014 1:00,0,0,0
9/15/2014 2:00,1,0,1
9/15/2014 3:00,2,2,0
9/15/2014 4:00,2,2,0
9/15/2014 5:00,5,3,2
9/15/2014 6:00,9,6,3
9/15/2014 7:00,40,33,7
9/15/2014 8:00,16,9,7
9/15/2014 9:00,9,3,6
9/15/2014 10:00,6,3,3
9/15/2014 11:00,12,3,9
9/15/2014 12:00,11,3,8
9/15/2014 13:00,7,3,4
9/15/2014 14:00,21,14,7
9/15/2014 15:00,65,51,14
9/15/2014 16:00,43,31,12
9/15/2014 17:00,53,29,24
9/15/2014 18:00,46,30,16
9/15/2014 19:00,51,34,17
9/15/2014 20:00,27,27,0
9/15/2014 21:00,26,21,5
9/15/2014 22:00,16,12,4
9/15/2014 23:00,1,1,0
9/16/2014 0:00,0,0,0
9/16/2014 1:00,2,2,0
9/16/2014 2:00,2,2,0
9/16/2014 3:00,0,0,0
9/16/2014 4:00,0,0,0
9/16/2014 5:00,3,3,0
9/16/2014 6:00,15,12,3
9/16/2014 7:00,32,22,10
9/16/2014 8:00,32,24,8
9/16/2014 9:00,35,25,10
9/16/2014 10:00,31,23,8
9/16/2014 11:00,28,21,7
9/16/2014 12:00,28,22,6
9/16/2014 13:00,50,38,12
9/16/2014 14:00,35,28,7
9/16/2014 15:00,40,26,14
9/16/2014 16:00,41,32,9
9/16/2014 17:00,64,44,20
9/16/2014 18:00,49,35,14
9/16/2014 19:00,54,40,14
9/16/2014 20:00,30,23,7
9/16/2014 21:00,17,17,0
9/16/2014 22:00,10,6,4
9/16/2014 23:00,6,6,0
9/17/2014 0:00,3,2,1
9/17/2014 1:00,0,0,0
9/17/2014 2:00,0,0,0
9/17/2014 3:00,2,2,0
9/17/2014 4:00,0,0,0
9/17/2014 5:00,4,4,0
9/17/2014 6:00,20,18,2
9/17/2014 7:00,28,23,5
9/17/2014 8:00,44,33,11
9/17/2014 9:00,46,35,11
9/17/2014 10:00,22,17,5
9/17/2014 11:00,42,35,7
9/17/2014 12:00,48,34,14
9/17/2014 13:00,24,19,5
9/17/2014 14:00,48,39,9
9/17/2014 15:00,42,32,10
9/17/2014 16:00,46,36,10
9/17/2014 17:00,32,23,9
9/17/2014 18:00,64,43,21
9/17/2014 19:00,31,25,6
9/17/2014 20:00,32,28,4
9/17/2014 21:00,23,12,11
9/17/2014 22:00,12,12,0
9/17/2014 23:00,10,8,2
9/18/2014 0:00,6,6,0
9/18/2014 1:00,0,0,0
9/18/2014 2:00,0,0,0
9/18/2014 3:00,0,0,0
9/18/2014 4:00,0,0,0
9/18/2014 5:00,8,4,4
9/18/2014 6:00,9,5,4
9/18/2014 7:00,38,29,9
9/18/2014 8:00,34,21,13
9/18/2014 9:00,41,34,7
9/18/2014 10:00,33,30,3
9/18/2014 11:00,34,26,8
9/18/2014 12:00,35,25,10
9/18/2014 13:00,43,38,5
9/18/2014 14:00,32,26,6
9/18/2014 15:00,19,14,5
9/18/2014 16:00,30,22,8
9/18/2014 17:00,36,16,20
9/18/2014 18:00,55,40,15
9/18/2014 19:00,34,23,11
9/18/2014 20:00,37,29,8
9/18/2014 21:00,16,13,3
9/18/2014 22:00,6,6,0
9/18/2014 23:00,8,8,0
9/19/2014 0:00,2,2,0
9/19/2014 1:00,0,0,0
9/19/2014 2:00,0,0,0
9/19/2014 3:00,3,3,0
9/19/2014 4:00,3,3,0
9/19/2014 5:00,4,4,0
9/19/2014 6:00,12,8,4
9/19/2014 7:00,27,22,5
9/19/2014 8:00,45,27,18
9/19/2014 9:00,34,26,8
9/19/2014 10:00,38,23,15
9/19/2014 11:00,46,38,8
9/19/2014 12:00,57,44,13
9/19/2014 13:00,43,35,8
9/19/2014 14:00,47,40,7
9/19/2014 15:00,30,26,4
9/19/2014 16:00,59,45,14
9/19/2014 17:00,61,44,17
9/19/2014 18:00,43,29,14
9/19/2014 19:00,43,27,16
9/19/2014 20:00,25,19,6
9/19/2014 21:00,32,25,7
9/19/2014 22:00,8,6,2
9/19/2014 23:00,10,9,1
9/20/2014 0:00,6,6,0
9/20/2014 1:00,7,4,3
9/20/2014 2:00,0,0,0
9/20/2014 3:00,0,0,0
9/20/2014 4:00,1,1,0
9/20/2014 5:00,7,6,1
9/20/2014 6:00,10,8,2
9/20/2014 7:00,9,8,1
9/20/2014 8:00,21,17,4
9/20/2014 9:00,46,38,8
9/20/2014 10:00,42,27,15
9/20/2014 11:00,64,40,24
9/20/2014 12:00,52,34,18
9/20/2014 13:00,60,45,15
9/20/2014 14:00,38,27,11
9/20/2014 15:00,58,40,18
9/20/2014 16:00,41,29,12
9/20/2014 17:00,43,31,12
9/20/2014 18:00,41,32,9
9/20/2014 19:00,42,34,8
9/20/2014 20:00,25,24,1
9/20/2014 21:00,24,19,5
9/20/2014 22:00,11,9,2
9/20/2014 23:00,5,5,0
9/21/2014 0:00,7,5,2
9/21/2014 1:00,3,2,1
9/21/2014 2:00,3,3,0
9/21/2014 3:00,3,3,0
9/21/2014 4:00,1,0,1
9/21/2014 5:00,3,2,1
9/21/2014 6:00,0,0,0
9/21/2014 7:00,4,4,0
9/21/2014 8:00,10,4,6
9/21/2014 9:00,22,17,5
9/21/2014 10:00,56,41,15
9/21/2014 11:00,42,23,19
9/21/2014 12:00,73,51,22
9/21/2014 13:00,59,38,21
9/21/2014 14:00,54,39,15
9/21/2014 15:00,30,22,8
9/21/2014 16:00,31,20,11
9/21/2014 17:00,45,30,15
9/21/2014 18:00,47,34,13
9/21/2014 19:00,27,23,4
9/21/2014 20:00,9,7,2
9/21/2014 21:00,9,6,3
9/21/2014 22:00,6,5,1
9/21/2014 23:00,3,3,0
9/22/2014 0:00,3,2,1
9/22/2014 1:00,0,0,0
9/22/2014 2:00,0,0,0
9/22/2014 3:00,0,0,0
9/22/2014 4:00,0,0,0
9/22/2014 5:00,4,2,2
9/22/2014 6:00,7,6,1
9/22/2014 7:00,30,22,8
9/22/2014 8:00,33,25,8
9/22/2014 9:00,38,28,10
9/22/2014 10:00,34,26,8
9/22/2014 11:00,44,28,16
9/22/2014 12:00,40,24,16
9/22/2014 13:00,41,29,12
9/22/2014 14:00,30,22,8
9/22/2014 15:00,39,30,9
9/22/2014 16:00,41,32,9
9/22/2014 17:00,63,47,16
9/22/2014 18:00,47,27,20
9/22/2014 19:00,18,9,9
9/22/2014 20:00,9,7,2
9/22/2014 21:00,13,13,0
9/22/2014 22:00,7,7,0
9/22/2014 23:00,5,4,1
9/23/2014 0:00,1,1,0
9/23/2014 1:00,2,0,2
9/23/2014 2:00,0,0,0
9/23/2014 3:00,0,0,0
9/23/2014 4:00,0,0,0
9/23/2014 5:00,2,2,0
9/23/2014 6:00,16,15,1
9/23/2014 7:00,32,24,8
9/23/2014 8:00,43,37,6
9/23/2014 9:00,50,43,7
9/23/2014 10:00,33,27,6
9/23/2014 11:00,30,23,7
9/23/2014 12:00,39,33,6
9/23/2014 13:00,36,24,12
9/23/2014 14:00,46,36,10
9/23/2014 15:00,42,25,17
9/23/2014 16:00,39,28,11
9/23/2014 17:00,36,24,12
9/23/2014 18:00,28,17,11
9/23/2014 19:00,17,15,2
9/23/2014 20:00,11,9,2
9/23/2014 21:00,14,12,2
9/23/2014 22:00,12,12,0
9/23/2014 23:00,0,0,0
9/24/2014 0:00,3,1,2
9/24/2014 1:00,1,1,0
9/24/2014 2:00,2,2,0
9/24/2014 3:00,0,0,0
9/24/2014 4:00,0,0,0
9/24/2014 5:00,5,5,0
9/24/2014 6:00,12,5,7
9/24/2014 7:00,32,23,9
9/24/2014 8:00,40,29,11
9/24/2014 9:00,41,36,5
9/24/2014 10:00,34,32,2
9/24/2014 11:00,39,29,10
9/24/2014 12:00,30,21,9
9/24/2014 13:00,50,31,19
9/24/2014 14:00,32,25,7
9/24/2014 15:00,31,25,6
9/24/2014 16:00,37,30,7
9/24/2014 17:00,38,30,8
9/24/2014 18:00,64,48,16
9/24/2014 19:00,36,31,5
9/24/2014 20:00,23,16,7
9/24/2014 21:00,10,10,0
9/24/2014 22:00,9,8,1
9/24/2014 23:00,2,2,0
9/25/2014 0:00,1,0,1
9/25/2014 1:00,5,3,2
9/25/2014 2:00,0,0,0
9/25/2014 3:00,0,0,0
9/25/2014 4:00,2,2,0
9/25/2014 5:00,4,4,0
9/25/2014 6:00,18,15,3
9/25/2014 7:00,37,31,6
9/25/2014 8:00,34,25,9
9/25/2014 9:00,44,37,7
9/25/2014 10:00,35,30,5
9/25/2014 11:00,36,30,6
9/25/2014 12:00,32,17,15
9/25/2014 13:00,25,16,9
9/25/2014 14:00,34,22,12
9/25/2014 15:00,31,23,8
9/25/2014 16:00,54,46,8
9/25/2014 17:00,57,38,19
9/25/2014 18:00,64,39,25
9/25/2014 19:00,29,14,15
9/25/2014 20:00,16,14,2
9/25/2014 21:00,10,9,1
9/25/2014 22:00,17,13,4
9/25/2014 23:00,5,5,0
9/26/2014 0:00,4,4,0
9/26/2014 1:00,2,2,0
9/26/2014 2:00,1,0,1
9/26/2014 3:00,0,0,0
9/26/2014 4:00,1,1,0
9/26/2014 5:00,4,3,1
9/26/2014 6:00,13,8,5
9/26/2014 7:00,32,23,9
9/26/2014 8:00,37,30,7
9/26/2014 9:00,60,51,9
9/26/2014 10:00,25,16,9
9/26/2014 11:00,38,30,8
9/26/2014 12:00,49,34,15
9/26/2014 13:00,41,35,6
9/26/2014 14:00,32,23,9
9/26/2014 15:00,42,34,8
9/26/2014 16:00,50,31,19
9/26/2014 17:00,43,31,12
9/26/2014 18:00,57,47,10
9/26/2014 19:00,28,24,4
9/26/2014 20:00,31,23,8
9/26/2014 21:00,19,14,5
9/26/2014 22:00,16,13,3
9/26/2014 23:00,9,5,4
9/27/2014 0:00,10,6,4
9/27/2014 1:00,4,4,0
9/27/2014 2:00,4,4,0
9/27/2014 3:00,0,0,0
9/27/2014 4:00,2,2,0
9/27/2014 5:00,0,0,0
9/27/2014 6:00,8,6,2
9/27/2014 7:00,3,1,2
9/27/2014 8:00,13,8,5
9/27/2014 9:00,25,16,9
9/27/2014 10:00,46,25,21
9/27/2014 11:00,54,36,18
9/27/2014 12:00,61,45,16
9/27/2014 13:00,53,31,22
9/27/2014 14:00,49,29,20
9/27/2014 15:00,52,34,18
9/27/2014 16:00,60,39,21
9/27/2014 17:00,63,50,13
9/27/2014 18:00,38,27,11
9/27/2014 19:00,62,58,4
9/27/2014 20:00,29,27,2
9/27/2014 21:00,26,22,4
9/27/2014 22:00,8,8,0
9/27/2014 23:00,14,13,1
9/28/2014 0:00,5,5,0
9/28/2014 1:00,4,4,0
9/28/2014 2:00,7,7,0
9/28/2014 3:00,2,2,0
9/28/2014 4:00,1,0,1
9/28/2014 5:00,0,0,0
9/28/2014 6:00,0,0,0
9/28/2014 7:00,7,4,3
9/28/2014 8:00,24,16,8
9/28/2014 9:00,70,54,16
9/28/2014 10:00,109,83,26
9/28/2014 11:00,106,87,19
9/28/2014 12:00,149,105,44
9/28/2014 13:00,149,113,36
9/28/2014 14:00,173,147,26
9/28/2014 15:00,117,93,24
9/28/2014 16:00,101,79,22
9/28/2014 17:00,93,70,23
9/28/2014 18:00,54,43,11
9/28/2014 19:00,35,31,4
9/28/2014 20:00,13,13,0
9/28/2014 21:00,14,14,0
9/28/2014 22:00,6,6,0
9/28/2014 23:00,6,6,0
9/29/2014 0:00,2,2,0
9/29/2014 1:00,0,0,0
9/29/2014 2:00,0,0,0
9/29/2014 3:00,0,0,0
9/29/2014 4:00,2,1,1
9/29/2014 5:00,2,2,0
9/29/2014 6:00,11,10,1
9/29/2014 7:00,43,32,11
9/29/2014 8:00,57,45,12
9/29/2014 9:00,37,31,6
9/29/2014 10:00,31,20,11
9/29/2014 11:00,32,25,7
9/29/2014 12:00,40,32,8
9/29/2014 13:00,35,29,6
9/29/2014 14:00,23,16,7
9/29/2014 15:00,36,22,14
9/29/2014 16:00,39,34,5
9/29/2014 17:00,29,18,11
9/29/2014 18:00,38,26,12
9/29/2014 19:00,18,14,4
9/29/2014 20:00,29,24,5
9/29/2014 21:00,12,10,2
9/29/2014 22:00,2,1,1
9/29/2014 23:00,4,4,0
9/30/2014 0:00,2,2,0
9/30/2014 1:00,0,0,0
9/30/2014 2:00,0,0,0
9/30/2014 3:00,0,0,0
9/30/2014 4:00,2,2,0
9/30/2014 5:00,1,0,1
9/30/2014 6:00,10,5,5
9/30/2014 7:00,38,32,6
9/30/2014 8:00,48,36,12
9/30/2014 9:00,30,15,15
9/30/2014 10:00,44,31,13
9/30/2014 11:00,28,21,7
9/30/2014 12:00,41,28,13
9/30/2014 13:00,37,27,10
9/30/2014 14:00,47,43,4
9/30/2014 15:00,40,27,13
9/30/2014 16:00,41,26,15
9/30/2014 17:00,41,31,10
9/30/2014 18:00,39,24,15
9/30/2014 19:00,28,15,13
9/30/2014 20:00,23,18,5
9/30/2014 21:00,12,10,2
9/30/2014 22:00,4,4,0
9/30/2014 23:00,0,0,0
10/1/2014 0:00,2,1,1
10/1/2014 1:00,0,0,0
10/1/2014 2:00,0,0,0
10/1/2014 3:00,0,0,0
10/1/2014 4:00,0,0,0
10/1/2014 5:00,3,2,1
10/1/2014 6:00,15,12,3
10/1/2014 7:00,41,32,9
10/1/2014 8:00,50,32,18
10/1/2014 9:00,28,23,5
10/1/2014 10:00,28,20,8
10/1/2014 11:00,42,35,7
10/1/2014 12:00,28,20,8
10/1/2014 13:00,31,19,12
10/1/2014 14:00,44,29,15
10/1/2014 15:00,46,33,13
10/1/2014 16:00,55,44,11
10/1/2014 17:00,57,45,12
10/1/2014 18:00,26,20,6
10/1/2014 19:00,34,24,10
10/1/2014 20:00,17,15,2
10/1/2014 21:00,13,10,3
10/1/2014 22:00,14,11,3
10/1/2014 23:00,10,10,0
10/2/2014 0:00,4,4,0
10/2/2014 1:00,0,0,0
10/2/2014 2:00,0,0,0
10/2/2014 3:00,0,0,0
10/2/2014 4:00,0,0,0
10/2/2014 5:00,4,3,1
10/2/2014 6:00,14,13,1
10/2/2014 7:00,30,24,6
10/2/2014 8:00,43,34,9
10/2/2014 9:00,51,42,9
10/2/2014 10:00,38,29,9
10/2/2014 11:00,43,25,18
10/2/2014 12:00,37,23,14
10/2/2014 13:00,32,23,9
10/2/2014 14:00,36,30,6
10/2/2014 15:00,35,28,7
10/2/2014 16:00,47,32,15
10/2/2014 17:00,51,33,18
10/2/2014 18:00,39,21,18
10/2/2014 19:00,38,29,9
10/2/2014 20:00,20,11,9
10/2/2014 21:00,15,13,2
10/2/2014 22:00,12,9,3
10/2/2014 23:00,7,6,1
10/3/2014 0:00,4,3,1
10/3/2014 1:00,2,2,0
10/3/2014 2:00,1,1,0
10/3/2014 3:00,3,2,1
10/3/2014 4:00,0,0,0
10/3/2014 5:00,0,0,0
10/3/2014 6:00,6,5,1
10/3/2014 7:00,25,19,6
10/3/2014 8:00,28,18,10
10/3/2014 9:00,36,25,11
10/3/2014 10:00,39,26,13
10/3/2014 11:00,35,29,6
10/3/2014 12:00,64,50,14
10/3/2014 13:00,53,34,19
10/3/2014 14:00,51,33,18
10/3/2014 15:00,51,39,12
10/3/2014 16:00,48,36,12
10/3/2014 17:00,70,48,22
10/3/2014 18:00,69,52,17
10/3/2014 19:00,57,43,14
10/3/2014 20:00,20,17,3
10/3/2014 21:00,16,13,3
10/3/2014 22:00,8,7,1
10/3/2014 23:00,12,11,1
10/4/2014 0:00,0,0,0
10/4/2014 1:00,0,0,0
10/4/2014 2:00,2,1,1
10/4/2014 3:00,5,5,0
10/4/2014 4:00,0,0,0
10/4/2014 5:00,3,3,0
10/4/2014 6:00,7,6,1
10/4/2014 7:00,7,5,2
10/4/2014 8:00,12,9,3
10/4/2014 9:00,45,40,5
10/4/2014 10:00,30,20,10
10/4/2014 11:00,48,28,20
10/4/2014 12:00,57,34,23
10/4/2014 13:00,78,56,22
10/4/2014 14:00,62,43,19
10/4/2014 15:00,57,46,11
10/4/2014 16:00,75,52,23
10/4/2014 17:00,49,23,26
10/4/2014 18:00,55,30,25
10/4/2014 19:00,51,41,10
10/4/2014 20:00,40,25,15
10/4/2014 21:00,32,18,14
10/4/2014 22:00,9,6,3
10/4/2014 23:00,4,3,1
10/5/2014 0:00,9,9,0
10/5/2014 1:00,7,6,1
10/5/2014 2:00,6,4,2
10/5/2014 3:00,0,0,0
10/5/2014 4:00,0,0,0
10/5/2014 5:00,2,2,0
10/5/2014 6:00,0,0,0
10/5/2014 7:00,3,2,1
10/5/2014 8:00,24,19,5
10/5/2014 9:00,25,19,6
10/5/2014 10:00,48,30,18
10/5/2014 11:00,39,16,23
10/5/2014 12:00,76,47,29
10/5/2014 13:00,66,45,21
10/5/2014 14:00,60,36,24
10/5/2014 15:00,54,37,17
10/5/2014 16:00,51,37,14
10/5/2014 17:00,40,30,10
10/5/2014 18:00,33,24,9
10/5/2014 19:00,22,15,7
10/5/2014 20:00,20,17,3
10/5/2014 21:00,8,7,1
10/5/2014 22:00,4,2,2
10/5/2014 23:00,5,4,1
10/6/2014 0:00,0,0,0
10/6/2014 1:00,0,0,0
10/6/2014 2:00,0,0,0
10/6/2014 3:00,2,2,0
10/6/2014 4:00,0,0,0
10/6/2014 5:00,0,0,0
10/6/2014 6:00,15,10,5
10/6/2014 7:00,28,19,9
10/6/2014 8:00,34,29,5
10/6/2014 9:00,25,14,11
10/6/2014 10:00,23,20,3
10/6/2014 11:00,35,25,10
10/6/2014 12:00,28,16,12
10/6/2014 13:00,29,19,10
10/6/2014 14:00,54,44,10
10/6/2014 15:00,51,41,10
10/6/2014 16:00,40,21,19
10/6/2014 17:00,59,41,18
10/6/2014 18:00,42,33,9
10/6/2014 19:00,25,20,5
10/6/2014 20:00,17,15,2
10/6/2014 21:00,17,11,6
10/6/2014 22:00,4,4,0
10/6/2014 23:00,5,4,1
10/7/2014 0:00,0,0,0
10/7/2014 1:00,3,2,1
10/7/2014 2:00,2,1,1
10/7/2014 3:00,2,2,0
10/7/2014 4:00,2,2,0
10/7/2014 5:00,2,2,0
10/7/2014 6:00,10,6,4
10/7/2014 7:00,39,30,9
10/7/2014 8:00,52,46,6
10/7/2014 9:00,26,17,9
10/7/2014 10:00,30,24,6
10/7/2014 11:00,50,39,11
10/7/2014 12:00,38,26,12
10/7/2014 13:00,27,25,2
10/7/2014 14:00,40,28,12
10/7/2014 15:00,24,15,9
10/7/2014 16:00,33,28,5
10/7/2014 17:00,59,41,18
10/7/2014 18:00,37,20,17
10/7/2014 19:00,42,28,14
10/7/2014 20:00,17,16,1
10/7/2014 21:00,14,11,3
10/7/2014 22:00,8,6,2
10/7/2014 23:00,4,4,0
10/8/2014 0:00,1,0,1
10/8/2014 1:00,2,2,0
10/8/2014 2:00,0,0,0
10/8/2014 3:00,0,0,0
10/8/2014 4:00,0,0,0
10/8/2014 5:00,4,3,1
10/8/2014 6:00,10,7,3
10/8/2014 7:00,32,26,6
10/8/2014 8:00,43,36,7
10/8/2014 9:00,32,27,5
10/8/2014 10:00,28,21,7
10/8/2014 11:00,39,26,13
10/8/2014 12:00,42,32,10
10/8/2014 13:00,46,35,11
10/8/2014 14:00,25,13,12
10/8/2014 15:00,39,32,7
10/8/2014 16:00,35,30,5
10/8/2014 17:00,53,35,18
10/8/2014 18:00,55,37,18
10/8/2014 19:00,45,38,7
10/8/2014 20:00,17,12,5
10/8/2014 21:00,11,11,0
10/8/2014 22:00,9,6,3
10/8/2014 23:00,4,4,0
10/9/2014 0:00,4,4,0
10/9/2014 1:00,3,3,0
10/9/2014 2:00,0,0,0
10/9/2014 3:00,1,0,1
10/9/2014 4:00,0,0,0
10/9/2014 5:00,9,7,2
10/9/2014 6:00,16,14,2
10/9/2014 7:00,38,32,6
10/9/2014 8:00,24,19,5
10/9/2014 9:00,24,20,4
10/9/2014 10:00,37,23,14
10/9/2014 11:00,30,19,11
10/9/2014 12:00,43,27,16
10/9/2014 13:00,35,20,15
10/9/2014 14:00,40,26,14
10/9/2014 15:00,33,24,9
10/9/2014 16:00,37,27,10
10/9/2014 17:00,41,32,9
10/9/2014 18:00,49,36,13
10/9/2014 19:00,33,24,9
10/9/2014 20:00,23,15,8
10/9/2014 21:00,13,10,3
10/9/2014 22:00,13,10,3
10/9/2014 23:00,15,14,1
10/10/2014 0:00,6,6,0
10/10/2014 1:00,3,3,0
10/10/2014 2:00,4,4,0
10/10/2014 3:00,2,0,2
10/10/2014 4:00,0,0,0
10/10/2014 5:00,3,2,1
10/10/2014 6:00,7,3,4
10/10/2014 7:00,20,17,3
10/10/2014 8:00,44,35,9
10/10/2014 9:00,37,34,3
10/10/2014 10:00,43,31,12
10/10/2014 11:00,52,40,12
10/10/2014 12:00,67,40,27
10/10/2014 13:00,47,33,14
10/10/2014 14:00,40,30,10
10/10/2014 15:00,30,18,12
10/10/2014 16:00,50,39,11
10/10/2014 17:00,64,51,13
10/10/2014 18:00,51,33,18
10/10/2014 19:00,33,26,7
10/10/2014 20:00,20,17,3
10/10/2014 21:00,7,6,1
10/10/2014 22:00,12,10,2
10/10/2014 23:00,8,7,1
10/11/2014 0:00,7,5,2
10/11/2014 1:00,1,0,1
10/11/2014 2:00,4,4,0
10/11/2014 3:00,1,0,1
10/11/2014 4:00,3,3,0
10/11/2014 5:00,3,3,0
10/11/2014 6:00,5,5,0
10/11/2014 7:00,8,7,1
10/11/2014 8:00,16,13,3
10/11/2014 9:00,43,28,15
10/11/2014 10:00,50,32,18
10/11/2014 11:00,67,43,24
10/11/2014 12:00,61,42,19
10/11/2014 13:00,55,38,17
10/11/2014 14:00,70,53,17
10/11/2014 15:00,54,37,17
10/11/2014 16:00,27,24,3
10/11/2014 17:00,55,42,13
10/11/2014 18:00,54,40,14
10/11/2014 19:00,39,27,12
10/11/2014 20:00,20,14,6
10/11/2014 21:00,23,12,11
10/11/2014 22:00,16,11,5
10/11/2014 23:00,18,15,3
10/12/2014 0:00,9,9,0
10/12/2014 1:00,10,10,0
10/12/2014 2:00,4,4,0
10/12/2014 3:00,0,0,0
10/12/2014 4:00,0,0,0
10/12/2014 5:00,0,0,0
10/12/2014 6:00,5,5,0
10/12/2014 7:00,4,3,1
10/12/2014 8:00,15,9,6
10/12/2014 9:00,26,17,9
10/12/2014 10:00,43,26,17
10/12/2014 11:00,61,49,12
10/12/2014 12:00,65,50,15
10/12/2014 13:00,53,41,12
10/12/2014 14:00,44,32,12
10/12/2014 15:00,38,28,10
10/12/2014 16:00,33,28,5
10/12/2014 17:00,40,26,14
10/12/2014 18:00,27,21,6
10/12/2014 19:00,22,19,3
10/12/2014 20:00,17,14,3
10/12/2014 21:00,12,7,5
10/12/2014 22:00,9,6,3
10/12/2014 23:00,2,2,0
10/13/2014 0:00,4,4,0
10/13/2014 1:00,2,2,0
10/13/2014 2:00,4,4,0
10/13/2014 3:00,2,2,0
10/13/2014 4:00,0,0,0
10/13/2014 5:00,1,0,1
10/13/2014 6:00,16,13,3
10/13/2014 7:00,30,23,7
10/13/2014 8:00,38,24,14
10/13/2014 9:00,23,12,11
10/13/2014 10:00,28,23,5
10/13/2014 11:00,32,24,8
10/13/2014 12:00,48,31,17
10/13/2014 13:00,40,23,17
10/13/2014 14:00,45,35,10
10/13/2014 15:00,44,29,15
10/13/2014 16:00,37,30,7
10/13/2014 17:00,63,35,28
10/13/2014 18:00,32,18,14
10/13/2014 19:00,38,30,8
10/13/2014 20:00,13,12,1
10/13/2014 21:00,16,15,1
10/13/2014 22:00,14,12,2
10/13/2014 23:00,4,4,0
10/14/2014 0:00,2,2,0
10/14/2014 1:00,1,0,1
10/14/2014 2:00,6,6,0
10/14/2014 3:00,0,0,0
10/14/2014 4:00,0,0,0
10/14/2014 5:00,1,0,1
10/14/2014 6:00,13,8,5
10/14/2014 7:00,38,28,10
10/14/2014 8:00,40,27,13
10/14/2014 9:00,47,27,20
10/14/2014 10:00,21,12,9
10/14/2014 11:00,24,13,11
10/14/2014 12:00,44,27,17
10/14/2014 13:00,33,21,12
10/14/2014 14:00,39,27,12
10/14/2014 15:00,31,19,12
10/14/2014 16:00,28,14,14
10/14/2014 17:00,52,34,18
10/14/2014 18:00,47,31,16
10/14/2014 19:00,32,24,8
10/14/2014 20:00,26,13,13
10/14/2014 21:00,5,4,1
10/14/2014 22:00,14,12,2
10/14/2014 23:00,5,4,1
10/15/2014 0:00,2,1,1
10/15/2014 1:00,0,0,0
10/15/2014 2:00,5,2,3
10/15/2014 3:00,1,0,1
10/15/2014 4:00,0,0,0
10/15/2014 5:00,3,2,1
10/15/2014 6:00,12,10,2
10/15/2014 7:00,24,22,2
10/15/2014 8:00,56,39,17
10/15/2014 9:00,49,36,13
10/15/2014 10:00,40,35,5
10/15/2014 11:00,35,29,6
10/15/2014 12:00,41,22,19
10/15/2014 13:00,43,33,10
10/15/2014 14:00,48,33,15
10/15/2014 15:00,41,32,9
10/15/2014 16:00,44,33,11
10/15/2014 17:00,38,26,12
10/15/2014 18:00,40,22,18
10/15/2014 19:00,28,18,10
10/15/2014 20:00,15,8,7
10/15/2014 21:00,10,5,5
10/15/2014 22:00,1,1,0
10/15/2014 23:00,7,5,2
10/16/2014 0:00,5,5,0
10/16/2014 1:00,1,1,0
10/16/2014 2:00,0,0,0
10/16/2014 3:00,0,0,0
10/16/2014 4:00,2,2,0
10/16/2014 5:00,2,2,0
10/16/2014 6:00,17,15,2
10/16/2014 7:00,24,19,5
10/16/2014 8:00,42,28,14
10/16/2014 9:00,17,13,4
10/16/2014 10:00,30,17,13
10/16/2014 11:00,36,27,9
10/16/2014 12:00,44,32,12
10/16/2014 13:00,53,33,20
10/16/2014 14:00,36,18,18
10/16/2014 15:00,44,24,20
10/16/2014 16:00,47,33,14
10/16/2014 17:00,48,33,15
10/16/2014 18:00,58,46,12
10/16/2014 19:00,56,41,15
10/16/2014 20:00,29,21,8
10/16/2014 21:00,12,10,2
10/16/2014 22:00,8,8,0
10/16/2014 23:00,3,3,0
10/17/2014 0:00,7,5,2
10/17/2014 1:00,0,0,0
10/17/2014 2:00,4,2,2
10/17/2014 3:00,3,2,1
10/17/2014 4:00,0,0,0
10/17/2014 5:00,7,4,3
10/17/2014 6:00,17,15,2
10/17/2014 7:00,20,12,8
10/17/2014 8:00,29,22,7
10/17/2014 9:00,50,42,8
10/17/2014 10:00,34,26,8
10/17/2014 11:00,42,37,5
10/17/2014 12:00,27,19,8
10/17/2014 13:00,46,36,10
10/17/2014 14:00,55,42,13
10/17/2014 15:00,30,21,9
10/17/2014 16:00,47,34,13
10/17/2014 17:00,54,37,17
10/17/2014 18:00,68,40,28
10/17/2014 19:00,35,27,8
10/17/2014 20:00,38,31,7
10/17/2014 21:00,23,17,6
10/17/2014 22:00,5,5,0
10/17/2014 23:00,3,3,0
10/18/2014 0:00,4,4,0
10/18/2014 1:00,1,1,0
10/18/2014 2:00,3,2,1
10/18/2014 3:00,0,0,0
10/18/2014 4:00,0,0,0
10/18/2014 5:00,4,4,0
10/18/2014 6:00,4,4,0
10/18/2014 7:00,12,11,1
10/18/2014 8:00,20,15,5
10/18/2014 9:00,47,38,9
10/18/2014 10:00,64,44,20
10/18/2014 11:00,85,54,31
10/18/2014 12:00,85,57,28
10/18/2014 13:00,58,40,18
10/18/2014 14:00,49,31,18
10/18/2014 15:00,57,35,22
10/18/2014 16:00,48,37,11
10/18/2014 17:00,68,48,20
10/18/2014 18:00,56,43,13
10/18/2014 19:00,19,15,4
10/18/2014 20:00,33,23,10
10/18/2014 21:00,19,14,5
10/18/2014 22:00,14,9,5
10/18/2014 23:00,7,6,1
10/19/2014 0:00,2,1,1
10/19/2014 1:00,2,2,0
10/19/2014 2:00,3,3,0
10/19/2014 3:00,0,0,0
10/19/2014 4:00,0,0,0
10/19/2014 5:00,4,4,0
10/19/2014 6:00,6,6,0
10/19/2014 7:00,7,4,3
10/19/2014 8:00,12,2,10
10/19/2014 9:00,29,22,7
10/19/2014 10:00,48,31,17
10/19/2014 11:00,54,41,13
10/19/2014 12:00,68,48,20
10/19/2014 13:00,95,63,32
10/19/2014 14:00,67,48,19
10/19/2014 15:00,51,37,14
10/19/2014 16:00,34,18,16
10/19/2014 17:00,45,33,12
10/19/2014 18:00,35,26,9
10/19/2014 19:00,17,12,5
10/19/2014 20:00,16,11,5
10/19/2014 21:00,8,8,0
10/19/2014 22:00,2,2,0
10/19/2014 23:00,5,3,2
10/20/2014 0:00,0,0,0
10/20/2014 1:00,5,5,0
10/20/2014 2:00,2,0,2
10/20/2014 3:00,0,0,0
10/20/2014 4:00,0,0,0
10/20/2014 5:00,1,0,1
10/20/2014 6:00,11,7,4
10/20/2014 7:00,20,11,9
10/20/2014 8:00,17,10,7
10/20/2014 9:00,31,21,10
10/20/2014 10:00,18,14,4
10/20/2014 11:00,33,21,12
10/20/2014 12:00,44,27,17
10/20/2014 13:00,33,25,8
10/20/2014 14:00,46,36,10
10/20/2014 15:00,61,47,14
10/20/2014 16:00,43,24,19
10/20/2014 17:00,37,20,17
10/20/2014 18:00,44,25,19
10/20/2014 19:00,44,31,13
10/20/2014 20:00,21,15,6
10/20/2014 21:00,8,8,0
10/20/2014 22:00,19,15,4
10/20/2014 23:00,6,6,0
10/21/2014 0:00,0,0,0
10/21/2014 1:00,1,0,1
10/21/2014 2:00,0,0,0
10/21/2014 3:00,0,0,0
10/21/2014 4:00,3,2,1
10/21/2014 5:00,3,2,1
10/21/2014 6:00,7,5,2
10/21/2014 7:00,24,21,3
10/21/2014 8:00,41,30,11
10/21/2014 9:00,35,31,4
10/21/2014 10:00,29,14,15
10/21/2014 11:00,45,34,11
10/21/2014 12:00,53,35,18
10/21/2014 13:00,37,28,9
10/21/2014 14:00,54,32,22
10/21/2014 15:00,45,37,8
10/21/2014 16:00,54,36,18
10/21/2014 17:00,51,34,17
10/21/2014 18:00,48,36,12
10/21/2014 19:00,28,27,1
10/21/2014 20:00,17,16,1
10/21/2014 21:00,14,11,3
10/21/2014 22:00,12,8,4
10/21/2014 23:00,8,2,6
10/22/2014 0:00,2,1,1
10/22/2014 1:00,1,1,0
10/22/2014 2:00,0,0,0
10/22/2014 3:00,0,0,0
10/22/2014 4:00,0,0,0
10/22/2014 5:00,1,1,0
10/22/2014 6:00,15,9,6
10/22/2014 7:00,25,15,10
10/22/2014 8:00,51,40,11
10/22/2014 9:00,55,42,13
10/22/2014 10:00,36,21,15
10/22/2014 11:00,40,30,10
10/22/2014 12:00,58,32,26
10/22/2014 13:00,34,27,7
10/22/2014 14:00,32,27,5
10/22/2014 15:00,55,35,20
10/22/2014 16:00,51,33,18
10/22/2014 17:00,59,41,18
10/22/2014 18:00,43,30,13
10/22/2014 19:00,34,21,13
10/22/2014 20:00,22,10,12
10/22/2014 21:00,16,10,6
10/22/2014 22:00,10,6,4
10/22/2014 23:00,10,10,0
10/23/2014 0:00,2,2,0
10/23/2014 1:00,0,0,0
10/23/2014 2:00,0,0,0
10/23/2014 3:00,0,0,0
10/23/2014 4:00,3,0,3
10/23/2014 5:00,0,0,0
10/23/2014 6:00,27,16,11
10/23/2014 7:00,28,25,3
10/23/2014 8:00,33,28,5
10/23/2014 9:00,26,25,1
10/23/2014 10:00,44,23,21
10/23/2014 11:00,49,35,14
10/23/2014 12:00,62,45,17
10/23/2014 13:00,23,18,5
10/23/2014 14:00,55,43,12
10/23/2014 15:00,34,27,7
10/23/2014 16:00,39,28,11
10/23/2014 17:00,53,35,18
10/23/2014 18:00,39,31,8
10/23/2014 19:00,41,33,8
10/23/2014 20:00,27,27,0
10/23/2014 21:00,14,12,2
10/23/2014 22:00,12,9,3
10/23/2014 23:00,2,2,0
10/24/2014 0:00,3,3,0
10/24/2014 1:00,8,6,2
10/24/2014 2:00,3,3,0
10/24/2014 3:00,0,0,0
10/24/2014 4:00,0,0,0
10/24/2014 5:00,4,3,1
10/24/2014 6:00,11,10,1
10/24/2014 7:00,30,25,5
10/24/2014 8:00,50,33,17
10/24/2014 9:00,66,57,9
10/24/2014 10:00,56,45,11
10/24/2014 11:00,68,50,18
10/24/2014 12:00,96,65,31
10/24/2014 13:00,71,49,22
10/24/2014 14:00,88,64,24
10/24/2014 15:00,62,45,17
10/24/2014 16:00,65,50,15
10/24/2014 17:00,47,33,14
10/24/2014 18:00,70,47,23
10/24/2014 19:00,42,36,6
10/24/2014 20:00,24,20,4
10/24/2014 21:00,23,15,8
10/24/2014 22:00,11,6,5
10/24/2014 23:00,11,10,1
10/25/2014 0:00,7,7,0
10/25/2014 1:00,9,9,0
10/25/2014 2:00,1,1,0
10/25/2014 3:00,4,2,2
10/25/2014 4:00,0,0,0
10/25/2014 5:00,2,2,0
10/25/2014 6:00,4,2,2
10/25/2014 7:00,9,6,3
10/25/2014 8:00,16,12,4
10/25/2014 9:00,35,24,11
10/25/2014 10:00,41,19,22
10/25/2014 11:00,56,34,22
10/25/2014 12:00,84,56,28
10/25/2014 13:00,67,44,23
10/25/2014 14:00,79,40,39
10/25/2014 15:00,48,27,21
10/25/2014 16:00,75,53,22
10/25/2014 17:00,47,18,29
10/25/2014 18:00,88,57,31
10/25/2014 19:00,29,15,14
10/25/2014 20:00,25,21,4
10/25/2014 21:00,20,13,7
10/25/2014 22:00,10,10,0
10/25/2014 23:00,7,6,1
10/26/2014 0:00,14,8,6
10/26/2014 1:00,6,6,0
10/26/2014 2:00,4,4,0
10/26/2014 3:00,2,2,0
10/26/2014 4:00,0,0,0
10/26/2014 5:00,2,2,0
10/26/2014 6:00,3,2,1
10/26/2014 7:00,5,5,0
10/26/2014 8:00,16,12,4
10/26/2014 9:00,29,24,5
10/26/2014 10:00,62,44,18
10/26/2014 11:00,54,36,18
10/26/2014 12:00,58,25,33
10/26/2014 13:00,76,50,26
10/26/2014 14:00,68,47,21
10/26/2014 15:00,44,30,14
10/26/2014 16:00,41,30,11
10/26/2014 17:00,36,29,7
10/26/2014 18:00,40,36,4
10/26/2014 19:00,16,14,2
10/26/2014 20:00,17,17,0
10/26/2014 21:00,12,11,1
10/26/2014 22:00,1,0,1
10/26/2014 23:00,7,7,0
10/27/2014 0:00,0,0,0
10/27/2014 1:00,1,1,0
10/27/2014 2:00,4,4,0
10/27/2014 3:00,0,0,0
10/27/2014 4:00,0,0,0
10/27/2014 5:00,2,2,0
10/27/2014 6:00,16,11,5
10/27/2014 7:00,31,22,9
10/27/2014 8:00,28,15,13
10/27/2014 9:00,50,41,9
10/27/2014 10:00,69,53,16
10/27/2014 11:00,56,35,21
10/27/2014 12:00,92,62,30
10/27/2014 13:00,70,58,12
10/27/2014 14:00,67,48,19
10/27/2014 15:00,61,37,24
10/27/2014 16:00,96,69,27
10/27/2014 17:00,108,74,34
10/27/2014 18:00,86,53,33
10/27/2014 19:00,40,31,9
10/27/2014 20:00,38,24,14
10/27/2014 21:00,27,22,5
10/27/2014 22:00,13,12,1
10/27/2014 23:00,4,4,0
10/28/2014 0:00,2,2,0
10/28/2014 1:00,0,0,0
10/28/2014 2:00,0,0,0
10/28/2014 3:00,0,0,0
10/28/2014 4:00,2,2,0
10/28/2014 5:00,5,5,0
10/28/2014 6:00,20,11,9
10/28/2014 7:00,25,23,2
10/28/2014 8:00,58,39,19
10/28/2014 9:00,41,30,11
10/28/2014 10:00,57,28,29
10/28/2014 11:00,58,38,20
10/28/2014 12:00,66,50,16
10/28/2014 13:00,78,54,24
10/28/2014 14:00,67,45,22
10/28/2014 15:00,54,43,11
10/28/2014 16:00,110,76,34
10/28/2014 17:00,73,41,32
10/28/2014 18:00,88,56,32
10/28/2014 19:00,42,29,13
10/28/2014 20:00,18,17,1
10/28/2014 21:00,12,12,0
10/28/2014 22:00,11,8,3
10/28/2014 23:00,5,4,1
10/29/2014 0:00,0,0,0
10/29/2014 1:00,5,4,1
10/29/2014 2:00,2,2,0
10/29/2014 3:00,0,0,0
10/29/2014 4:00,0,0,0
10/29/2014 5:00,6,4,2
10/29/2014 6:00,23,16,7
10/29/2014 7:00,32,22,10
10/29/2014 8:00,68,49,19
10/29/2014 9:00,54,40,14
10/29/2014 10:00,53,41,12
10/29/2014 11:00,46,31,15
10/29/2014 12:00,71,56,15
10/29/2014 13:00,60,29,31
10/29/2014 14:00,75,50,25
10/29/2014 15:00,78,51,27
10/29/2014 16:00,77,47,30
10/29/2014 17:00,80,40,40
10/29/2014 18:00,131,91,40
10/29/2014 19:00,49,33,16
10/29/2014 20:00,32,18,14
10/29/2014 21:00,18,13,5
10/29/2014 22:00,12,10,2
10/29/2014 23:00,7,4,3
10/30/2014 0:00,2,2,0
10/30/2014 1:00,1,1,0
10/30/2014 2:00,4,4,0
10/30/2014 3:00,1,1,0
10/30/2014 4:00,0,0,0
10/30/2014 5:00,1,0,1
10/30/2014 6:00,14,13,1
10/30/2014 7:00,55,51,4
10/30/2014 8:00,38,29,9
10/30/2014 9:00,66,44,22
10/30/2014 10:00,59,43,16
10/30/2014 11:00,68,43,25
10/30/2014 12:00,56,41,15
10/30/2014 13:00,70,41,29
10/30/2014 14:00,86,50,36
10/30/2014 15:00,73,46,27
10/30/2014 16:00,81,51,30
10/30/2014 17:00,117,72,45
10/30/2014 18:00,105,64,41
10/30/2014 19:00,63,34,29
10/30/2014 20:00,40,32,8
10/30/2014 21:00,23,17,6
10/30/2014 22:00,12,10,2
10/30/2014 23:00,11,8,3
10/31/2014 0:00,3,1,2
10/31/2014 1:00,4,4,0
10/31/2014 2:00,2,2,0
10/31/2014 3:00,0,0,0
10/31/2014 4:00,2,2,0
10/31/2014 5:00,4,0,4
10/31/2014 6:00,18,14,4
10/31/2014 7:00,22,14,8
10/31/2014 8:00,47,36,11
10/31/2014 9:00,53,30,23
10/31/2014 10:00,48,23,25
10/31/2014 11:00,59,40,19
10/31/2014 12:00,88,54,34
10/31/2014 13:00,62,41,21
10/31/2014 14:00,55,37,18
10/31/2014 15:00,61,39,22
10/31/2014 16:00,127,84,43
10/31/2014 17:00,80,58,22
10/31/2014 18:00,47,23,24
10/31/2014 19:00,49,35,14
10/31/2014 20:00,29,21,8
10/31/2014 21:00,21,12,9
10/31/2014 22:00,17,10,7
10/31/2014 23:00,9,6,3
11/1/2014 0:00,7,5,2
11/1/2014 1:00,5,5,0
11/1/2014 2:00,6,5,1
11/1/2014 3:00,3,2,1
11/1/2014 4:00,4,4,0
11/1/2014 5:00,4,2,2
11/1/2014 6:00,6,5,1
11/1/2014 7:00,3,2,1
11/1/2014 8:00,13,10,3
11/1/2014 9:00,38,31,7
11/1/2014 10:00,52,30,22
11/1/2014 11:00,70,54,16
11/1/2014 12:00,63,43,20
11/1/2014 13:00,50,29,21
11/1/2014 14:00,71,45,26
11/1/2014 15:00,42,19,23
11/1/2014 16:00,48,38,10
11/1/2014 17:00,51,31,20
11/1/2014 18:00,44,30,14
11/1/2014 19:00,32,26,6
11/1/2014 20:00,22,15,7
11/1/2014 21:00,25,19,6
11/1/2014 22:00,9,7,2
11/1/2014 23:00,4,3,1
11/2/2014 0:00,2,0,2
11/2/2014 1:00,11,10,1
11/2/2014 2:00,0,0,0
11/2/2014 3:00,3,2,1
11/2/2014 4:00,0,0,0
11/2/2014 5:00,0,0,0
11/2/2014 6:00,7,4,3
11/2/2014 7:00,9,6,3
11/2/2014 8:00,13,7,6
11/2/2014 9:00,44,30,14
11/2/2014 10:00,62,37,25
11/2/2014 11:00,62,31,31
11/2/2014 12:00,79,56,23
11/2/2014 13:00,69,41,28
11/2/2014 14:00,64,43,21
11/2/2014 15:00,39,28,11
11/2/2014 16:00,38,21,17
11/2/2014 17:00,45,30,15
11/2/2014 18:00,18,12,6
11/2/2014 19:00,20,15,5
11/2/2014 20:00,10,5,5
11/2/2014 21:00,13,10,3
11/2/2014 22:00,3,2,1
11/2/2014 23:00,1,0,1
11/3/2014 0:00,3,2,1
11/3/2014 1:00,0,0,0
11/3/2014 2:00,0,0,0
11/3/2014 3:00,2,2,0
11/3/2014 4:00,6,4,2
11/3/2014 5:00,5,4,1
11/3/2014 6:00,18,12,6
11/3/2014 7:00,34,24,10
11/3/2014 8:00,35,19,16
11/3/2014 9:00,42,31,11
11/3/2014 10:00,39,25,14
11/3/2014 11:00,65,38,27
11/3/2014 12:00,56,43,13
11/3/2014 13:00,43,23,20
11/3/2014 14:00,25,17,8
11/3/2014 15:00,39,29,10
11/3/2014 16:00,42,25,17
11/3/2014 17:00,45,35,10
11/3/2014 18:00,31,22,9
11/3/2014 19:00,25,19,6
11/3/2014 20:00,6,6,0
11/3/2014 21:00,12,9,3
11/3/2014 22:00,2,2,0
11/3/2014 23:00,5,3,2
11/4/2014 0:00,3,3,0
11/4/2014 1:00,4,4,0
11/4/2014 2:00,0,0,0
11/4/2014 3:00,0,0,0
11/4/2014 4:00,3,2,1
11/4/2014 5:00,9,8,1
11/4/2014 6:00,19,13,6
11/4/2014 7:00,32,18,14
11/4/2014 8:00,53,36,17
11/4/2014 9:00,61,37,24
11/4/2014 10:00,53,37,16
11/4/2014 11:00,44,32,12
11/4/2014 12:00,52,31,21
11/4/2014 13:00,52,31,21
11/4/2014 14:00,53,32,21
11/4/2014 15:00,36,25,11
11/4/2014 16:00,65,44,21
11/4/2014 17:00,89,58,31
11/4/2014 18:00,165,99,66
11/4/2014 19:00,131,84,47
11/4/2014 20:00,22,18,4
11/4/2014 21:00,10,9,1
11/4/2014 22:00,8,6,2
11/4/2014 23:00,3,2,1
11/5/2014 0:00,0,0,0
11/5/2014 1:00,2,2,0
11/5/2014 2:00,0,0,0
11/5/2014 3:00,2,2,0
11/5/2014 4:00,2,2,0
11/5/2014 5:00,1,0,1
11/5/2014 6:00,13,10,3
11/5/2014 7:00,30,26,4
11/5/2014 8:00,40,24,16
11/5/2014 9:00,47,33,14
11/5/2014 10:00,45,40,5
11/5/2014 11:00,41,29,12
11/5/2014 12:00,26,18,8
11/5/2014 13:00,13,5,8
11/5/2014 14:00,28,18,10
11/5/2014 15:00,37,25,12
11/5/2014 16:00,27,21,6
11/5/2014 17:00,35,20,15
11/5/2014 18:00,45,29,16
11/5/2014 19:00,30,21,9
11/5/2014 20:00,18,16,2
11/5/2014 21:00,16,14,2
11/5/2014 22:00,10,8,2
11/5/2014 23:00,6,6,0
11/6/2014 0:00,5,2,3
11/6/2014 1:00,1,0,1
11/6/2014 2:00,0,0,0
11/6/2014 3:00,2,2,0
11/6/2014 4:00,0,0,0
11/6/2014 5:00,3,3,0
11/6/2014 6:00,24,21,3
11/6/2014 7:00,44,33,11
11/6/2014 8:00,53,37,16
11/6/2014 9:00,19,16,3
11/6/2014 10:00,34,23,11
11/6/2014 11:00,18,13,5
11/6/2014 12:00,31,22,9
11/6/2014 13:00,40,31,9
11/6/2014 14:00,26,18,8
11/6/2014 15:00,25,17,8
11/6/2014 16:00,58,46,12
11/6/2014 17:00,35,24,11
11/6/2014 18:00,51,41,10
11/6/2014 19:00,26,19,7
11/6/2014 20:00,20,16,4
11/6/2014 21:00,14,11,3
11/6/2014 22:00,10,4,6
11/6/2014 23:00,12,11,1
11/7/2014 0:00,0,0,0
11/7/2014 1:00,2,0,2
11/7/2014 2:00,8,6,2
11/7/2014 3:00,0,0,0
11/7/2014 4:00,2,2,0
11/7/2014 5:00,4,2,2
11/7/2014 6:00,13,12,1
11/7/2014 7:00,35,30,5
11/7/2014 8:00,43,28,15
11/7/2014 9:00,51,44,7
11/7/2014 10:00,18,12,6
11/7/2014 11:00,49,45,4
11/7/2014 12:00,38,24,14
11/7/2014 13:00,66,42,24
11/7/2014 14:00,38,28,10
11/7/2014 15:00,41,34,7
11/7/2014 16:00,40,32,8
11/7/2014 17:00,55,33,22
11/7/2014 18:00,30,20,10
11/7/2014 19:00,46,35,11
11/7/2014 20:00,16,12,4
11/7/2014 21:00,14,9,5
11/7/2014 22:00,9,7,2
11/7/2014 23:00,16,12,4
11/8/2014 0:00,7,6,1
11/8/2014 1:00,5,5,0
11/8/2014 2:00,5,5,0
11/8/2014 3:00,2,2,0
11/8/2014 4:00,2,2,0
11/8/2014 5:00,2,2,0
11/8/2014 6:00,8,8,0
11/8/2014 7:00,11,9,2
11/8/2014 8:00,17,9,8
11/8/2014 9:00,48,40,8
11/8/2014 10:00,49,40,9
11/8/2014 11:00,55,32,23
11/8/2014 12:00,55,44,11
11/8/2014 13:00,64,50,14
11/8/2014 14:00,71,53,18
11/8/2014 15:00,56,46,10
11/8/2014 16:00,43,34,9
11/8/2014 17:00,25,19,6
11/8/2014 18:00,39,31,8
11/8/2014 19:00,16,12,4
11/8/2014 20:00,21,16,5
11/8/2014 21:00,18,17,1
11/8/2014 22:00,17,15,2
11/8/2014 23:00,10,9,1
11/9/2014 0:00,6,4,2
11/9/2014 1:00,10,8,2
11/9/2014 2:00,2,2,0
11/9/2014 3:00,5,3,2
11/9/2014 4:00,0,0,0
11/9/2014 5:00,4,4,0
11/9/2014 6:00,5,4,1
11/9/2014 7:00,9,8,1
11/9/2014 8:00,15,12,3
11/9/2014 9:00,42,28,14
11/9/2014 10:00,44,32,12
11/9/2014 11:00,48,40,8
11/9/2014 12:00,76,50,26
11/9/2014 13:00,67,46,21
11/9/2014 14:00,34,24,10
11/9/2014 15:00,23,18,5
11/9/2014 16:00,27,18,9
11/9/2014 17:00,21,9,12
11/9/2014 18:00,16,12,4
11/9/2014 19:00,15,13,2
11/9/2014 20:00,15,8,7
11/9/2014 21:00,10,9,1
11/9/2014 22:00,5,4,1
11/9/2014 23:00,3,3,0
11/10/2014 0:00,1,0,1
11/10/2014 1:00,4,3,1
11/10/2014 2:00,0,0,0
11/10/2014 3:00,0,0,0
11/10/2014 4:00,0,0,0
11/10/2014 5:00,1,0,1
11/10/2014 6:00,17,14,3
11/10/2014 7:00,42,35,7
11/10/2014 8:00,47,33,14
11/10/2014 9:00,42,33,9
11/10/2014 10:00,43,28,15
11/10/2014 11:00,29,24,5
11/10/2014 12:00,39,23,16
11/10/2014 13:00,32,18,14
11/10/2014 14:00,58,43,15
11/10/2014 15:00,55,39,16
11/10/2014 16:00,34,22,12
11/10/2014 17:00,49,35,14
11/10/2014 18:00,23,19,4
11/10/2014 19:00,18,12,6
11/10/2014 20:00,25,17,8
11/10/2014 21:00,9,6,3
11/10/2014 22:00,13,13,0
11/10/2014 23:00,2,2,0
11/11/2014 0:00,1,0,1
11/11/2014 1:00,1,1,0
11/11/2014 2:00,0,0,0
11/11/2014 3:00,0,0,0
11/11/2014 4:00,0,0,0
11/11/2014 5:00,0,0,0
11/11/2014 6:00,21,19,2
11/11/2014 7:00,16,15,1
11/11/2014 8:00,34,29,5
11/11/2014 9:00,27,23,4
11/11/2014 10:00,30,23,7
11/11/2014 11:00,57,37,20
11/11/2014 12:00,52,41,11
11/11/2014 13:00,45,37,8
11/11/2014 14:00,30,25,5
11/11/2014 15:00,34,24,10
11/11/2014 16:00,44,35,9
11/11/2014 17:00,42,31,11
11/11/2014 18:00,25,21,4
11/11/2014 19:00,28,22,6
11/11/2014 20:00,13,12,1
11/11/2014 21:00,11,11,0
11/11/2014 22:00,12,11,1
11/11/2014 23:00,1,0,1
11/12/2014 0:00,1,0,1
11/12/2014 1:00,0,0,0
11/12/2014 2:00,0,0,0
11/12/2014 3:00,2,2,0
11/12/2014 4:00,0,0,0
11/12/2014 5:00,0,0,0
11/12/2014 6:00,16,13,3
11/12/2014 7:00,17,16,1
11/12/2014 8:00,44,35,9
11/12/2014 9:00,29,21,8
11/12/2014 10:00,45,32,13
11/12/2014 11:00,36,28,8
11/12/2014 12:00,24,21,3
11/12/2014 13:00,27,17,10
11/12/2014 14:00,39,31,8
11/12/2014 15:00,39,29,10
11/12/2014 16:00,39,35,4
11/12/2014 17:00,30,22,8
11/12/2014 18:00,32,14,18
11/12/2014 19:00,44,30,14
11/12/2014 20:00,28,23,5
11/12/2014 21:00,11,10,1
11/12/2014 22:00,3,3,0
11/12/2014 23:00,0,0,0
11/13/2014 0:00,0,0,0
11/13/2014 1:00,0,0,0
11/13/2014 2:00,0,0,0
11/13/2014 3:00,0,0,0
11/13/2014 4:00,0,0,0
11/13/2014 5:00,3,3,0
11/13/2014 6:00,10,8,2
11/13/2014 7:00,29,22,7
11/13/2014 8:00,38,30,8
11/13/2014 9:00,36,28,8
11/13/2014 10:00,44,29,15
11/13/2014 11:00,22,15,7
11/13/2014 12:00,29,22,7
11/13/2014 13:00,51,41,10
11/13/2014 14:00,29,23,6
11/13/2014 15:00,38,33,5
11/13/2014 16:00,32,30,2
11/13/2014 17:00,39,22,17
11/13/2014 18:00,31,21,10
11/13/2014 19:00,25,18,7
11/13/2014 20:00,23,14,9
11/13/2014 21:00,10,7,3
11/13/2014 22:00,8,4,4
11/13/2014 23:00,2,2,0
11/14/2014 0:00,0,0,0
11/14/2014 1:00,1,0,1
11/14/2014 2:00,0,0,0
11/14/2014 3:00,0,0,0
11/14/2014 4:00,0,0,0
11/14/2014 5:00,4,4,0
11/14/2014 6:00,5,4,1
11/14/2014 7:00,21,21,0
11/14/2014 8:00,23,19,4
11/14/2014 9:00,31,25,6
11/14/2014 10:00,40,30,10
11/14/2014 11:00,32,29,3
11/14/2014 12:00,33,29,4
11/14/2014 13:00,36,33,3
11/14/2014 14:00,48,36,12
11/14/2014 15:00,40,29,11
11/14/2014 16:00,48,41,7
11/14/2014 17:00,43,34,9
11/14/2014 18:00,32,23,9
11/14/2014 19:00,52,41,11
11/14/2014 20:00,30,26,4
11/14/2014 21:00,23,19,4
11/14/2014 22:00,13,12,1
11/14/2014 23:00,5,4,1
11/15/2014 0:00,2,1,1
11/15/2014 1:00,11,7,4
11/15/2014 2:00,2,2,0
11/15/2014 3:00,0,0,0
11/15/2014 4:00,0,0,0
11/15/2014 5:00,2,2,0
11/15/2014 6:00,4,4,0
11/15/2014 7:00,2,2,0
11/15/2014 8:00,15,13,2
11/15/2014 9:00,35,26,9
11/15/2014 10:00,56,43,13
11/15/2014 11:00,42,31,11
11/15/2014 12:00,63,46,17
11/15/2014 13:00,44,33,11
11/15/2014 14:00,44,37,7
11/15/2014 15:00,56,42,14
11/15/2014 16:00,49,37,12
11/15/2014 17:00,30,27,3
11/15/2014 18:00,39,32,7
11/15/2014 19:00,34,26,8
11/15/2014 20:00,17,16,1
11/15/2014 21:00,12,8,4
11/15/2014 22:00,13,11,2
11/15/2014 23:00,10,8,2
11/16/2014 0:00,6,6,0
11/16/2014 1:00,2,2,0
11/16/2014 2:00,0,0,0
11/16/2014 3:00,2,2,0
11/16/2014 4:00,0,0,0
11/16/2014 5:00,0,0,0
11/16/2014 6:00,0,0,0
11/16/2014 7:00,7,7,0
11/16/2014 8:00,8,6,2
11/16/2014 9:00,20,17,3
11/16/2014 10:00,24,22,2
11/16/2014 11:00,43,31,12
11/16/2014 12:00,52,40,12
11/16/2014 13:00,48,41,7
11/16/2014 14:00,46,32,14
11/16/2014 15:00,45,33,12
11/16/2014 16:00,36,27,9
11/16/2014 17:00,27,15,12
11/16/2014 18:00,26,22,4
11/16/2014 19:00,20,16,4
11/16/2014 20:00,12,10,2
11/16/2014 21:00,6,6,0
11/16/2014 22:00,9,8,1
11/16/2014 23:00,4,2,2
11/17/2014 0:00,1,0,1
11/17/2014 1:00,0,0,0
11/17/2014 2:00,0,0,0
11/17/2014 3:00,2,2,0
11/17/2014 4:00,2,2,0
11/17/2014 5:00,2,2,0
11/17/2014 6:00,11,10,1
11/17/2014 7:00,29,23,6
11/17/2014 8:00,38,25,13
11/17/2014 9:00,38,28,10
11/17/2014 10:00,28,18,10
11/17/2014 11:00,40,33,7
11/17/2014 12:00,44,39,5
11/17/2014 13:00,32,18,14
11/17/2014 14:00,36,30,6
11/17/2014 15:00,36,25,11
11/17/2014 16:00,43,32,11
11/17/2014 17:00,35,29,6
11/17/2014 18:00,38,26,12
11/17/2014 19:00,26,20,6
11/17/2014 20:00,22,17,5
11/17/2014 21:00,8,7,1
11/17/2014 22:00,12,12,0
11/17/2014 23:00,2,2,0
11/18/2014 0:00,0,0,0
11/18/2014 1:00,0,0,0
11/18/2014 2:00,0,0,0
11/18/2014 3:00,0,0,0
11/18/2014 4:00,0,0,0
11/18/2014 5:00,5,4,1
11/18/2014 6:00,12,8,4
11/18/2014 7:00,33,26,7
11/18/2014 8:00,45,34,11
11/18/2014 9:00,31,21,10
11/18/2014 10:00,31,22,9
11/18/2014 11:00,16,11,5
11/18/2014 12:00,37,23,14
11/18/2014 13:00,43,29,14
11/18/2014 14:00,43,35,8
11/18/2014 15:00,39,30,9
11/18/2014 16:00,37,22,15
11/18/2014 17:00,48,35,13
11/18/2014 18:00,34,22,12
11/18/2014 19:00,31,26,5
11/18/2014 20:00,24,15,9
11/18/2014 21:00,21,16,5
11/18/2014 22:00,3,3,0
11/18/2014 23:00,1,1,0
11/19/2014 0:00,0,0,0
11/19/2014 1:00,0,0,0
11/19/2014 2:00,0,0,0
11/19/2014 3:00,2,2,0
11/19/2014 4:00,2,2,0
11/19/2014 5:00,5,2,3
11/19/2014 6:00,8,5,3
11/19/2014 7:00,47,40,7
11/19/2014 8:00,40,29,11
11/19/2014 9:00,46,40,6
11/19/2014 10:00,30,18,12
11/19/2014 11:00,34,25,9
11/19/2014 12:00,31,25,6
11/19/2014 13:00,41,31,10
11/19/2014 14:00,34,21,13
11/19/2014 15:00,32,25,7
11/19/2014 16:00,55,36,19
11/19/2014 17:00,25,19,6
11/19/2014 18:00,37,24,13
11/19/2014 19:00,35,27,8
11/19/2014 20:00,24,22,2
11/19/2014 21:00,14,12,2
11/19/2014 22:00,11,9,2
11/19/2014 23:00,4,4,0
11/20/2014 0:00,6,6,0
11/20/2014 1:00,0,0,0
11/20/2014 2:00,0,0,0
11/20/2014 3:00,0,0,0
11/20/2014 4:00,0,0,0
11/20/2014 5:00,3,2,1
11/20/2014 6:00,16,10,6
11/20/2014 7:00,32,20,12
11/20/2014 8:00,37,33,4
11/20/2014 9:00,33,27,6
11/20/2014 10:00,22,14,8
11/20/2014 11:00,36,24,12
11/20/2014 12:00,44,31,13
11/20/2014 13:00,30,21,9
11/20/2014 14:00,34,29,5
11/20/2014 15:00,41,28,13
11/20/2014 16:00,23,15,8
11/20/2014 17:00,32,22,10
11/20/2014 18:00,51,29,22
11/20/2014 19:00,40,24,16
11/20/2014 20:00,24,13,11
11/20/2014 21:00,13,9,4
11/20/2014 22:00,15,8,7
11/20/2014 23:00,3,1,2
11/21/2014 0:00,4,2,2
11/21/2014 1:00,6,4,2
11/21/2014 2:00,4,2,2
11/21/2014 3:00,1,1,0
11/21/2014 4:00,1,0,1
11/21/2014 5:00,0,0,0
11/21/2014 6:00,13,8,5
11/21/2014 7:00,32,25,7
11/21/2014 8:00,31,24,7
11/21/2014 9:00,38,30,8
11/21/2014 10:00,22,12,10
11/21/2014 11:00,31,26,5
11/21/2014 12:00,46,35,11
11/21/2014 13:00,43,29,14
11/21/2014 14:00,31,22,9
11/21/2014 15:00,44,35,9
11/21/2014 16:00,31,26,5
11/21/2014 17:00,53,45,8
11/21/2014 18:00,39,33,6
11/21/2014 19:00,26,22,4
11/21/2014 20:00,31,29,2
11/21/2014 21:00,23,23,0
11/21/2014 22:00,3,3,0
11/21/2014 23:00,6,6,0
11/22/2014 0:00,1,0,1
11/22/2014 1:00,6,6,0
11/22/2014 2:00,0,0,0
11/22/2014 3:00,0,0,0
11/22/2014 4:00,4,4,0
11/22/2014 5:00,4,4,0
11/22/2014 6:00,5,4,1
11/22/2014 7:00,10,9,1
11/22/2014 8:00,22,15,7
11/22/2014 9:00,35,27,8
11/22/2014 10:00,57,41,16
11/22/2014 11:00,62,49,13
11/22/2014 12:00,81,54,27
11/22/2014 13:00,60,44,16
11/22/2014 14:00,72,56,16
11/22/2014 15:00,41,24,17
11/22/2014 16:00,47,33,14
11/22/2014 17:00,61,47,14
11/22/2014 18:00,48,35,13
11/22/2014 19:00,25,17,8
11/22/2014 20:00,26,13,13
11/22/2014 21:00,8,5,3
11/22/2014 22:00,8,5,3
11/22/2014 23:00,13,9,4
11/23/2014 0:00,9,8,1
11/23/2014 1:00,4,4,0
11/23/2014 2:00,0,0,0
11/23/2014 3:00,2,2,0
11/23/2014 4:00,0,0,0
11/23/2014 5:00,0,0,0
11/23/2014 6:00,1,1,0
11/23/2014 7:00,4,4,0
11/23/2014 8:00,4,4,0
11/23/2014 9:00,12,6,6
11/23/2014 10:00,34,26,8
11/23/2014 11:00,31,23,8
11/23/2014 12:00,71,50,21
11/23/2014 13:00,59,40,19
11/23/2014 14:00,41,28,13
11/23/2014 15:00,47,36,11
11/23/2014 16:00,21,6,15
11/23/2014 17:00,32,22,10
11/23/2014 18:00,19,14,5
11/23/2014 19:00,10,9,1
11/23/2014 20:00,7,6,1
11/23/2014 21:00,7,6,1
11/23/2014 22:00,7,7,0
11/23/2014 23:00,7,5,2
11/24/2014 0:00,0,0,0
11/24/2014 1:00,2,2,0
11/24/2014 2:00,0,0,0
11/24/2014 3:00,0,0,0
11/24/2014 4:00,0,0,0
11/24/2014 5:00,0,0,0
11/24/2014 6:00,20,11,9
11/24/2014 7:00,40,39,1
11/24/2014 8:00,33,28,5
11/24/2014 9:00,16,10,6
11/24/2014 10:00,19,15,4
11/24/2014 11:00,28,21,7
11/24/2014 12:00,43,28,15
11/24/2014 13:00,37,31,6
11/24/2014 14:00,42,39,3
11/24/2014 15:00,33,25,8
11/24/2014 16:00,36,29,7
11/24/2014 17:00,39,27,12
11/24/2014 18:00,37,21,16
11/24/2014 19:00,21,15,6
11/24/2014 20:00,17,13,4
11/24/2014 21:00,14,11,3
11/24/2014 22:00,11,9,2
11/24/2014 23:00,2,2,0
11/25/2014 0:00,2,2,0
11/25/2014 1:00,0,0,0
11/25/2014 2:00,2,0,2
11/25/2014 3:00,0,0,0
11/25/2014 4:00,0,0,0
11/25/2014 5:00,0,0,0
11/25/2014 6:00,10,8,2
11/25/2014 7:00,19,14,5
11/25/2014 8:00,41,24,17
11/25/2014 9:00,39,33,6
11/25/2014 10:00,27,25,2
11/25/2014 11:00,23,10,13
11/25/2014 12:00,47,39,8
11/25/2014 13:00,31,19,12
11/25/2014 14:00,28,24,4
11/25/2014 15:00,25,18,7
11/25/2014 16:00,22,13,9
11/25/2014 17:00,30,23,7
11/25/2014 18:00,17,12,5
11/25/2014 19:00,22,15,7
11/25/2014 20:00,15,11,4
11/25/2014 21:00,8,5,3
11/25/2014 22:00,10,6,4
11/25/2014 23:00,1,0,1
11/26/2014 0:00,0,0,0
11/26/2014 1:00,3,3,0
11/26/2014 2:00,0,0,0
11/26/2014 3:00,0,0,0
11/26/2014 4:00,0,0,0
11/26/2014 5:00,2,2,0
11/26/2014 6:00,7,5,2
11/26/2014 7:00,16,14,2
11/26/2014 8:00,24,17,7
11/26/2014 9:00,36,25,11
11/26/2014 10:00,40,35,5
11/26/2014 11:00,20,13,7
11/26/2014 12:00,40,33,7
11/26/2014 13:00,55,42,13
11/26/2014 14:00,47,36,11
11/26/2014 15:00,50,41,9
11/26/2014 16:00,38,26,12
11/26/2014 17:00,25,21,4
11/26/2014 18:00,17,11,6
11/26/2014 19:00,10,5,5
11/26/2014 20:00,17,12,5
11/26/2014 21:00,14,14,0
11/26/2014 22:00,7,7,0
11/26/2014 23:00,7,5,2
11/27/2014 0:00,8,7,1
11/27/2014 1:00,10,7,3
11/27/2014 2:00,2,0,2
11/27/2014 3:00,0,0,0
11/27/2014 4:00,2,2,0
11/27/2014 5:00,0,0,0
11/27/2014 6:00,0,0,0
11/27/2014 7:00,0,0,0
11/27/2014 8:00,19,9,10
11/27/2014 9:00,11,10,1
11/27/2014 10:00,27,20,7
11/27/2014 11:00,9,4,5
11/27/2014 12:00,23,19,4
11/27/2014 13:00,25,21,4
11/27/2014 14:00,9,5,4
11/27/2014 15:00,20,19,1
11/27/2014 16:00,16,12,4
11/27/2014 17:00,5,4,1
11/27/2014 18:00,2,0,2
11/27/2014 19:00,9,8,1
11/27/2014 20:00,8,5,3
11/27/2014 21:00,19,14,5
11/27/2014 22:00,9,6,3
11/27/2014 23:00,5,5,0
11/28/2014 0:00,2,2,0
11/28/2014 1:00,1,0,1
11/28/2014 2:00,2,2,0
11/28/2014 3:00,0,0,0
11/28/2014 4:00,0,0,0
11/28/2014 5:00,1,1,0
11/28/2014 6:00,9,8,1
11/28/2014 7:00,9,8,1
11/28/2014 8:00,16,14,2
11/28/2014 9:00,33,27,6
11/28/2014 10:00,13,5,8
11/28/2014 11:00,19,1,18
11/28/2014 12:00,35,17,18
11/28/2014 13:00,15,10,5
11/28/2014 14:00,20,6,14
11/28/2014 15:00,23,14,9
11/28/2014 16:00,28,15,13
11/28/2014 17:00,40,27,13
11/28/2014 18:00,37,29,8
11/28/2014 19:00,6,4,2
11/28/2014 20:00,14,14,0
11/28/2014 21:00,3,2,1
11/28/2014 22:00,17,15,2
11/28/2014 23:00,3,2,1
11/29/2014 0:00,4,4,0
11/29/2014 1:00,2,2,0
11/29/2014 2:00,0,0,0
11/29/2014 3:00,1,0,1
11/29/2014 4:00,0,0,0
11/29/2014 5:00,4,3,1
11/29/2014 6:00,7,7,0
11/29/2014 7:00,1,0,1
11/29/2014 8:00,7,2,5
11/29/2014 9:00,23,18,5
11/29/2014 10:00,31,20,11
11/29/2014 11:00,19,14,5
11/29/2014 12:00,43,31,12
11/29/2014 13:00,29,26,3
11/29/2014 14:00,23,16,7
11/29/2014 15:00,46,35,11
11/29/2014 16:00,37,28,9
11/29/2014 17:00,18,13,5
11/29/2014 18:00,20,15,5
11/29/2014 19:00,19,16,3
11/29/2014 20:00,14,11,3
11/29/2014 21:00,13,11,2
11/29/2014 22:00,7,7,0
11/29/2014 23:00,5,3,2
11/30/2014 0:00,5,5,0
11/30/2014 1:00,3,2,1
11/30/2014 2:00,0,0,0
11/30/2014 3:00,0,0,0
11/30/2014 4:00,3,2,1
11/30/2014 5:00,0,0,0
11/30/2014 6:00,3,2,1
11/30/2014 7:00,1,0,1
11/30/2014 8:00,2,2,0
11/30/2014 9:00,9,6,3
11/30/2014 10:00,11,8,3
11/30/2014 11:00,14,8,6
11/30/2014 12:00,32,17,15
11/30/2014 13:00,34,28,6
11/30/2014 14:00,36,24,12
11/30/2014 15:00,46,37,9
11/30/2014 16:00,24,24,0
11/30/2014 17:00,24,21,3
11/30/2014 18:00,17,12,5
11/30/2014 19:00,11,9,2
11/30/2014 20:00,7,6,1
11/30/2014 21:00,8,6,2
11/30/2014 22:00,10,10,0
11/30/2014 23:00,6,6,0
12/1/2014 0:00,3,3,0
12/1/2014 1:00,4,4,0
12/1/2014 2:00,3,1,2
12/1/2014 3:00,0,0,0
12/1/2014 4:00,0,0,0
12/1/2014 5:00,2,2,0
12/1/2014 6:00,5,4,1
12/1/2014 7:00,20,18,2
12/1/2014 8:00,21,14,7
12/1/2014 9:00,34,20,14
12/1/2014 10:00,32,23,9
12/1/2014 11:00,20,16,4
12/1/2014 12:00,20,13,7
12/1/2014 13:00,36,28,8
12/1/2014 14:00,31,23,8
12/1/2014 15:00,51,35,16
12/1/2014 16:00,50,41,9
12/1/2014 17:00,27,17,10
12/1/2014 18:00,19,14,5
12/1/2014 19:00,21,17,4
12/1/2014 20:00,15,9,6
12/1/2014 21:00,13,11,2
12/1/2014 22:00,8,7,1
12/1/2014 23:00,6,3,3
12/2/2014 0:00,0,0,0
12/2/2014 1:00,0,0,0
12/2/2014 2:00,0,0,0
12/2/2014 3:00,3,3,0
12/2/2014 4:00,0,0,0
12/2/2014 5:00,0,0,0
12/2/2014 6:00,5,4,1
12/2/2014 7:00,23,14,9
12/2/2014 8:00,37,30,7
12/2/2014 9:00,28,22,6
12/2/2014 10:00,26,19,7
12/2/2014 11:00,29,20,9
12/2/2014 12:00,23,20,3
12/2/2014 13:00,32,23,9
12/2/2014 14:00,47,42,5
12/2/2014 15:00,20,18,2
12/2/2014 16:00,32,23,9
12/2/2014 17:00,30,23,7
12/2/2014 18:00,30,16,14
12/2/2014 19:00,24,21,3
12/2/2014 20:00,7,4,3
12/2/2014 21:00,6,4,2
12/2/2014 22:00,6,6,0
12/2/2014 23:00,1,1,0
12/3/2014 0:00,0,0,0
12/3/2014 1:00,3,3,0
12/3/2014 2:00,0,0,0
12/3/2014 3:00,5,4,1
12/3/2014 4:00,2,2,0
12/3/2014 5:00,2,2,0
12/3/2014 6:00,10,6,4
12/3/2014 7:00,17,10,7
12/3/2014 8:00,34,21,13
12/3/2014 9:00,31,24,7
12/3/2014 10:00,25,18,7
12/3/2014 11:00,30,23,7
12/3/2014 12:00,47,38,9
12/3/2014 13:00,31,22,9
12/3/2014 14:00,40,22,18
12/3/2014 15:00,37,27,10
12/3/2014 16:00,39,32,7
12/3/2014 17:00,30,20,10
12/3/2014 18:00,24,20,4
12/3/2014 19:00,18,13,5
12/3/2014 20:00,26,24,2
12/3/2014 21:00,18,14,4
12/3/2014 22:00,7,5,2
12/3/2014 23:00,1,1,0
12/4/2014 0:00,4,4,0
12/4/2014 1:00,2,2,0
12/4/2014 2:00,0,0,0
12/4/2014 3:00,0,0,0
12/4/2014 4:00,2,2,0
12/4/2014 5:00,1,0,1
12/4/2014 6:00,5,4,1
12/4/2014 7:00,25,22,3
12/4/2014 8:00,34,27,7
12/4/2014 9:00,38,32,6
12/4/2014 10:00,27,17,10
12/4/2014 11:00,25,21,4
12/4/2014 12:00,38,25,13
12/4/2014 13:00,39,27,12
12/4/2014 14:00,39,25,14
12/4/2014 15:00,38,28,10
12/4/2014 16:00,31,20,11
12/4/2014 17:00,37,32,5
12/4/2014 18:00,25,21,4
12/4/2014 19:00,18,13,5
12/4/2014 20:00,32,23,9
12/4/2014 21:00,7,5,2
12/4/2014 22:00,8,7,1
12/4/2014 23:00,4,4,0
12/5/2014 0:00,1,1,0
12/5/2014 1:00,2,2,0
12/5/2014 2:00,0,0,0
12/5/2014 3:00,2,1,1
12/5/2014 4:00,0,0,0
12/5/2014 5:00,3,2,1
12/5/2014 6:00,15,11,4
12/5/2014 7:00,24,17,7
12/5/2014 8:00,46,36,10
12/5/2014 9:00,42,31,11
12/5/2014 10:00,25,16,9
12/5/2014 11:00,27,14,13
12/5/2014 12:00,22,13,9
12/5/2014 13:00,36,21,15
12/5/2014 14:00,39,27,12
12/5/2014 15:00,28,19,9
12/5/2014 16:00,35,27,8
12/5/2014 17:00,56,35,21
12/5/2014 18:00,39,26,13
12/5/2014 19:00,35,29,6
12/5/2014 20:00,14,12,2
12/5/2014 21:00,10,8,2
12/5/2014 22:00,8,6,2
12/5/2014 23:00,4,2,2
12/6/2014 0:00,2,2,0
12/6/2014 1:00,1,1,0
12/6/2014 2:00,0,0,0
12/6/2014 3:00,1,0,1
12/6/2014 4:00,0,0,0
12/6/2014 5:00,2,2,0
12/6/2014 6:00,0,0,0
12/6/2014 7:00,2,1,1
12/6/2014 8:00,17,11,6
12/6/2014 9:00,38,34,4
12/6/2014 10:00,44,26,18
12/6/2014 11:00,56,38,18
12/6/2014 12:00,43,25,18
12/6/2014 13:00,102,68,34
12/6/2014 14:00,59,38,21
12/6/2014 15:00,44,34,10
12/6/2014 16:00,45,27,18
12/6/2014 17:00,57,43,14
12/6/2014 18:00,51,36,15
12/6/2014 19:00,68,50,18
12/6/2014 20:00,14,11,3
12/6/2014 21:00,13,12,1
12/6/2014 22:00,14,11,3
12/6/2014 23:00,11,10,1
12/7/2014 0:00,4,4,0
12/7/2014 1:00,13,11,2
12/7/2014 2:00,2,2,0
12/7/2014 3:00,0,0,0
12/7/2014 4:00,3,3,0
12/7/2014 5:00,4,4,0
12/7/2014 6:00,2,2,0
12/7/2014 7:00,5,4,1
12/7/2014 8:00,13,12,1
12/7/2014 9:00,18,14,4
12/7/2014 10:00,21,14,7
12/7/2014 11:00,43,30,13
12/7/2014 12:00,52,42,10
12/7/2014 13:00,86,64,22
12/7/2014 14:00,80,58,22
12/7/2014 15:00,48,40,8
12/7/2014 16:00,44,38,6
12/7/2014 17:00,32,19,13
12/7/2014 18:00,29,19,10
12/7/2014 19:00,12,10,2
12/7/2014 20:00,5,4,1
12/7/2014 21:00,4,3,1
12/7/2014 22:00,1,1,0
12/7/2014 23:00,2,2,0
12/8/2014 0:00,0,0,0
12/8/2014 1:00,0,0,0
12/8/2014 2:00,3,3,0
12/8/2014 3:00,1,0,1
12/8/2014 4:00,0,0,0
12/8/2014 5:00,1,0,1
12/8/2014 6:00,4,2,2
12/8/2014 7:00,26,19,7
12/8/2014 8:00,32,22,10
12/8/2014 9:00,39,30,9
12/8/2014 10:00,36,22,14
12/8/2014 11:00,45,29,16
12/8/2014 12:00,43,25,18
12/8/2014 13:00,25,15,10
12/8/2014 14:00,45,28,17
12/8/2014 15:00,35,24,11
12/8/2014 16:00,44,29,15
12/8/2014 17:00,45,25,20
12/8/2014 18:00,40,24,16
12/8/2014 19:00,44,34,10
12/8/2014 20:00,29,20,9
12/8/2014 21:00,14,12,2
12/8/2014 22:00,11,9,2
12/8/2014 23:00,4,4,0
12/9/2014 0:00,2,0,2
12/9/2014 1:00,5,5,0
12/9/2014 2:00,0,0,0
12/9/2014 3:00,2,2,0
12/9/2014 4:00,0,0,0
12/9/2014 5:00,2,0,2
12/9/2014 6:00,15,11,4
12/9/2014 7:00,34,32,2
12/9/2014 8:00,32,24,8
12/9/2014 9:00,43,33,10
12/9/2014 10:00,30,17,13
12/9/2014 11:00,48,35,13
12/9/2014 12:00,29,24,5
12/9/2014 13:00,44,29,15
12/9/2014 14:00,37,22,15
12/9/2014 15:00,55,42,13
12/9/2014 16:00,34,21,13
12/9/2014 17:00,43,31,12
12/9/2014 18:00,55,39,16
12/9/2014 19:00,44,26,18
12/9/2014 20:00,28,21,7
12/9/2014 21:00,29,24,5
12/9/2014 22:00,4,2,2
12/9/2014 23:00,5,4,1
12/10/2014 0:00,2,2,0
12/10/2014 1:00,2,2,0
12/10/2014 2:00,0,0,0
12/10/2014 3:00,1,0,1
12/10/2014 4:00,2,2,0
12/10/2014 5:00,10,5,5
12/10/2014 6:00,18,12,6
12/10/2014 7:00,29,25,4
12/10/2014 8:00,45,31,14
12/10/2014 9:00,26,18,8
12/10/2014 10:00,39,35,4
12/10/2014 11:00,49,32,17
12/10/2014 12:00,34,30,4
12/10/2014 13:00,46,30,16
12/10/2014 14:00,48,30,18
12/10/2014 15:00,29,19,10
12/10/2014 16:00,35,25,10
12/10/2014 17:00,66,37,29
12/10/2014 18:00,33,22,11
12/10/2014 19:00,25,19,6
12/10/2014 20:00,30,27,3
12/10/2014 21:00,14,13,1
12/10/2014 22:00,5,3,2
12/10/2014 23:00,5,3,2
12/11/2014 0:00,1,0,1
12/11/2014 1:00,4,4,0
12/11/2014 2:00,0,0,0
12/11/2014 3:00,0,0,0
12/11/2014 4:00,5,5,0
12/11/2014 5:00,4,3,1
12/11/2014 6:00,20,20,0
12/11/2014 7:00,29,29,0
12/11/2014 8:00,29,25,4
12/11/2014 9:00,37,28,9
12/11/2014 10:00,39,26,13
12/11/2014 11:00,37,26,11
12/11/2014 12:00,40,31,9
12/11/2014 13:00,40,26,14
12/11/2014 14:00,34,25,9
12/11/2014 15:00,27,23,4
12/11/2014 16:00,51,41,10
12/11/2014 17:00,66,48,18
12/11/2014 18:00,53,37,16
12/11/2014 19:00,37,17,20
12/11/2014 20:00,35,20,15
12/11/2014 21:00,11,10,1
12/11/2014 22:00,9,5,4
12/11/2014 23:00,11,4,7
12/12/2014 0:00,5,4,1
12/12/2014 1:00,0,0,0
12/12/2014 2:00,0,0,0
12/12/2014 3:00,4,4,0
12/12/2014 4:00,3,0,3
12/12/2014 5:00,1,1,0
12/12/2014 6:00,20,18,2
12/12/2014 7:00,59,48,11
12/12/2014 8:00,39,31,8
12/12/2014 9:00,53,36,17
12/12/2014 10:00,30,21,9
12/12/2014 11:00,51,39,12
12/12/2014 12:00,43,32,11
12/12/2014 13:00,46,35,11
12/12/2014 14:00,12,5,7
12/12/2014 15:00,50,39,11
12/12/2014 16:00,56,49,7
12/12/2014 17:00,51,31,20
12/12/2014 18:00,38,23,15
12/12/2014 19:00,45,33,12
12/12/2014 20:00,22,16,6
12/12/2014 21:00,25,21,4
12/12/2014 22:00,19,16,3
12/12/2014 23:00,21,21,0
12/13/2014 0:00,9,8,1
12/13/2014 1:00,11,10,1
12/13/2014 2:00,3,2,1
12/13/2014 3:00,0,0,0
12/13/2014 4:00,2,2,0
12/13/2014 5:00,2,2,0
12/13/2014 6:00,10,7,3
12/13/2014 7:00,5,3,2
12/13/2014 8:00,11,6,5
12/13/2014 9:00,36,32,4
12/13/2014 10:00,0,0,0
12/13/2014 11:00,0,0,0
12/13/2014 12:00,41,28,13
12/13/2014 13:00,68,51,17
12/13/2014 14:00,47,36,11
12/13/2014 15:00,56,43,13
12/13/2014 16:00,63,46,17
12/13/2014 17:00,48,35,13
12/13/2014 18:00,37,24,13
12/13/2014 19:00,29,24,5
12/13/2014 20:00,19,13,6
12/13/2014 21:00,9,6,3
12/13/2014 22:00,24,19,5
12/13/2014 23:00,11,9,2
12/14/2014 0:00,8,6,2
12/14/2014 1:00,4,2,2
12/14/2014 2:00,3,2,1
12/14/2014 3:00,6,4,2
12/14/2014 4:00,0,0,0
12/14/2014 5:00,3,3,0
12/14/2014 6:00,0,0,0
12/14/2014 7:00,2,2,0
12/14/2014 8:00,8,3,5
12/14/2014 9:00,26,18,8
12/14/2014 10:00,26,24,2
12/14/2014 11:00,75,53,22
12/14/2014 12:00,80,57,23
12/14/2014 13:00,84,70,14
12/14/2014 14:00,50,41,9
12/14/2014 15:00,26,16,10
12/14/2014 16:00,57,45,12
12/14/2014 17:00,36,35,1
12/14/2014 18:00,37,29,8
12/14/2014 19:00,14,9,5
12/14/2014 20:00,12,10,2
12/14/2014 21:00,10,9,1
12/14/2014 22:00,4,3,1
12/14/2014 23:00,4,3,1
12/15/2014 0:00,2,2,0
12/15/2014 1:00,2,2,0
12/15/2014 2:00,2,1,1
12/15/2014 3:00,2,2,0
12/15/2014 4:00,0,0,0
12/15/2014 5:00,0,0,0
12/15/2014 6:00,20,16,4
12/15/2014 7:00,23,21,2
12/15/2014 8:00,37,32,5
12/15/2014 9:00,59,41,18
12/15/2014 10:00,40,27,13
12/15/2014 11:00,49,30,19
12/15/2014 12:00,42,31,11
12/15/2014 13:00,45,37,8
12/15/2014 14:00,40,30,10
12/15/2014 15:00,53,47,6
12/15/2014 16:00,38,27,11
12/15/2014 17:00,43,26,17
12/15/2014 18:00,36,22,14
12/15/2014 19:00,32,26,6
12/15/2014 20:00,17,14,3
12/15/2014 21:00,20,19,1
12/15/2014 22:00,7,7,0
12/15/2014 23:00,7,5,2
12/16/2014 0:00,7,4,3
12/16/2014 1:00,4,3,1
12/16/2014 2:00,4,4,0
12/16/2014 3:00,2,2,0
12/16/2014 4:00,2,2,0
12/16/2014 5:00,6,4,2
12/16/2014 6:00,10,8,2
12/16/2014 7:00,23,20,3
12/16/2014 8:00,46,37,9
12/16/2014 9:00,57,44,13
12/16/2014 10:00,42,31,11
12/16/2014 11:00,28,19,9
12/16/2014 12:00,50,37,13
12/16/2014 13:00,62,40,22
12/16/2014 14:00,63,47,16
12/16/2014 15:00,47,40,7
12/16/2014 16:00,55,47,8
12/16/2014 17:00,58,44,14
12/16/2014 18:00,29,18,11
12/16/2014 19:00,47,23,24
12/16/2014 20:00,19,17,2
12/16/2014 21:00,23,22,1
12/16/2014 22:00,10,10,0
12/16/2014 23:00,4,4,0
12/17/2014 0:00,3,3,0
12/17/2014 1:00,1,0,1
12/17/2014 2:00,2,2,0
12/17/2014 3:00,0,0,0
12/17/2014 4:00,0,0,0
12/17/2014 5:00,0,0,0
12/17/2014 6:00,12,10,2
12/17/2014 7:00,25,21,4
12/17/2014 8:00,54,42,12
12/17/2014 9:00,53,39,14
12/17/2014 10:00,38,27,11
12/17/2014 11:00,28,21,7
12/17/2014 12:00,61,37,24
12/17/2014 13:00,70,50,20
12/17/2014 14:00,69,46,23
12/17/2014 15:00,49,33,16
12/17/2014 16:00,39,26,13
12/17/2014 17:00,53,31,22
12/17/2014 18:00,51,35,16
12/17/2014 19:00,30,22,8
12/17/2014 20:00,25,24,1
12/17/2014 21:00,24,22,2
12/17/2014 22:00,14,12,2
12/17/2014 23:00,2,1,1
12/18/2014 0:00,2,2,0
12/18/2014 1:00,0,0,0
12/18/2014 2:00,3,3,0
12/18/2014 3:00,2,2,0
12/18/2014 4:00,0,0,0
12/18/2014 5:00,9,5,4
12/18/2014 6:00,12,10,2
12/18/2014 7:00,29,24,5
12/18/2014 8:00,38,34,4
12/18/2014 9:00,45,37,8
12/18/2014 10:00,49,35,14
12/18/2014 11:00,63,49,14
12/18/2014 12:00,55,37,18
12/18/2014 13:00,44,36,8
12/18/2014 14:00,53,33,20
12/18/2014 15:00,55,42,13
12/18/2014 16:00,48,36,12
12/18/2014 17:00,39,32,7
12/18/2014 18:00,43,29,14
12/18/2014 19:00,45,29,16
12/18/2014 20:00,43,40,3
12/18/2014 21:00,10,7,3
12/18/2014 22:00,16,12,4
12/18/2014 23:00,8,6,2
12/19/2014 0:00,2,0,2
12/19/2014 1:00,4,4,0
12/19/2014 2:00,0,0,0
12/19/2014 3:00,1,0,1
12/19/2014 4:00,2,0,2
12/19/2014 5:00,3,2,1
12/19/2014 6:00,5,0,5
12/19/2014 7:00,7,6,1
12/19/2014 8:00,7,6,1
12/19/2014 9:00,8,7,1
12/19/2014 10:00,8,8,0
12/19/2014 11:00,16,14,2
12/19/2014 12:00,19,18,1
12/19/2014 13:00,19,19,0
12/19/2014 14:00,9,7,2
12/19/2014 15:00,18,16,2
12/19/2014 16:00,19,11,8
12/19/2014 17:00,30,20,10
12/19/2014 18:00,23,20,3
12/19/2014 19:00,19,18,1
12/19/2014 20:00,15,13,2
12/19/2014 21:00,6,6,0
12/19/2014 22:00,3,3,0
12/19/2014 23:00,5,5,0
12/20/2014 0:00,2,2,0
12/20/2014 1:00,3,2,1
12/20/2014 2:00,1,0,1
12/20/2014 3:00,0,0,0
12/20/2014 4:00,0,0,0
12/20/2014 5:00,0,0,0
12/20/2014 6:00,2,2,0
12/20/2014 7:00,4,4,0
12/20/2014 8:00,8,7,1
12/20/2014 9:00,10,9,1
12/20/2014 10:00,27,24,3
12/20/2014 11:00,29,29,0
12/20/2014 12:00,41,39,2
12/20/2014 13:00,48,43,5
12/20/2014 14:00,39,38,1
12/20/2014 15:00,35,34,1
12/20/2014 16:00,31,28,3
12/20/2014 17:00,15,13,2
12/20/2014 18:00,26,24,2
12/20/2014 19:00,28,27,1
12/20/2014 20:00,17,17,0
12/20/2014 21:00,17,17,0
12/20/2014 22:00,11,11,0
12/20/2014 23:00,10,8,2
12/21/2014 0:00,7,7,0
12/21/2014 1:00,2,2,0
12/21/2014 2:00,4,4,0
12/21/2014 3:00,6,6,0
12/21/2014 4:00,0,0,0
12/21/2014 5:00,0,0,0
12/21/2014 6:00,4,4,0
12/21/2014 7:00,5,5,0
12/21/2014 8:00,5,5,0
12/21/2014 9:00,16,16,0
12/21/2014 10:00,19,19,0
12/21/2014 11:00,50,48,2
12/21/2014 12:00,52,51,1
12/21/2014 13:00,58,56,2
12/21/2014 14:00,54,54,0
12/21/2014 15:00,30,28,2
12/21/2014 16:00,55,54,1
12/21/2014 17:00,34,34,0
12/21/2014 18:00,11,11,0
12/21/2014 19:00,10,10,0
12/21/2014 20:00,8,8,0
12/21/2014 21:00,25,25,0
12/21/2014 22:00,5,5,0
12/21/2014 23:00,4,4,0
12/22/2014 0:00,3,3,0
12/22/2014 1:00,2,2,0
12/22/2014 2:00,1,1,0
12/22/2014 3:00,0,0,0
12/22/2014 4:00,1,1,0
12/22/2014 5:00,0,0,0
12/22/2014 6:00,10,10,0
12/22/2014 7:00,14,14,0
12/22/2014 8:00,39,39,0
12/22/2014 9:00,22,21,1
12/22/2014 10:00,34,29,5
12/22/2014 11:00,37,36,1
12/22/2014 12:00,51,50,1
12/22/2014 13:00,35,35,0
12/22/2014 14:00,37,35,2
12/22/2014 15:00,29,27,2
12/22/2014 16:00,32,31,1
12/22/2014 17:00,36,35,1
12/22/2014 18:00,22,22,0
12/22/2014 19:00,21,21,0
12/22/2014 20:00,24,23,1
12/22/2014 21:00,6,6,0
12/22/2014 22:00,12,12,0
12/22/2014 23:00,1,1,0
12/23/2014 0:00,2,2,0
12/23/2014 1:00,0,0,0
12/23/2014 2:00,1,1,0
12/23/2014 3:00,1,1,0
12/23/2014 4:00,2,2,0
12/23/2014 5:00,4,2,2
12/23/2014 6:00,7,7,0
12/23/2014 7:00,12,11,1
12/23/2014 8:00,19,19,0
12/23/2014 9:00,16,16,0
12/23/2014 10:00,26,23,3
12/23/2014 11:00,33,31,2
12/23/2014 12:00,41,38,3
12/23/2014 13:00,46,44,2
12/23/2014 14:00,36,36,0
12/23/2014 15:00,26,21,5
12/23/2014 16:00,31,30,1
12/23/2014 17:00,28,25,3
12/23/2014 18:00,31,31,0
12/23/2014 19:00,22,22,0
12/23/2014 20:00,18,16,2
12/23/2014 21:00,10,10,0
12/23/2014 22:00,12,9,3
12/23/2014 23:00,4,4,0
12/24/2014 0:00,2,2,0
12/24/2014 1:00,1,1,0
12/24/2014 2:00,0,0,0
12/24/2014 3:00,2,2,0
12/24/2014 4:00,0,0,0
12/24/2014 5:00,6,6,0
12/24/2014 6:00,6,6,0
12/24/2014 7:00,8,8,0
12/24/2014 8:00,15,15,0
12/24/2014 9:00,22,22,0
12/24/2014 10:00,17,17,0
12/24/2014 11:00,38,38,0
12/24/2014 12:00,37,37,0
12/24/2014 13:00,28,28,0
12/24/2014 14:00,33,33,0
12/24/2014 15:00,26,26,0
12/24/2014 16:00,20,20,0
12/24/2014 17:00,13,13,0
12/24/2014 18:00,12,12,0
12/24/2014 19:00,16,14,2
12/24/2014 20:00,8,8,0
12/24/2014 21:00,4,4,0
12/24/2014 22:00,7,7,0
12/24/2014 23:00,5,5,0
12/25/2014 0:00,2,2,0
12/25/2014 1:00,3,3,0
12/25/2014 2:00,0,0,0
12/25/2014 3:00,0,0,0
12/25/2014 4:00,2,2,0
12/25/2014 5:00,0,0,0
12/25/2014 6:00,2,2,0
12/25/2014 7:00,1,1,0
12/25/2014 8:00,4,4,0
12/25/2014 9:00,8,8,0
12/25/2014 10:00,8,8,0
12/25/2014 11:00,12,12,0
12/25/2014 12:00,9,8,1
12/25/2014 13:00,15,15,0
12/25/2014 14:00,10,10,0
12/25/2014 15:00,24,23,1
12/25/2014 16:00,7,7,0
12/25/2014 17:00,4,4,0
12/25/2014 18:00,7,5,2
12/25/2014 19:00,7,7,0
12/25/2014 20:00,1,1,0
12/25/2014 21:00,4,4,0
12/25/2014 22:00,1,1,0
12/25/2014 23:00,3,3,0
12/26/2014 0:00,0,0,0
12/26/2014 1:00,0,0,0
12/26/2014 2:00,1,1,0
12/26/2014 3:00,1,1,0
12/26/2014 4:00,0,0,0
12/26/2014 5:00,3,3,0
12/26/2014 6:00,4,4,0
12/26/2014 7:00,3,3,0
12/26/2014 8:00,6,6,0
12/26/2014 9:00,11,11,0
12/26/2014 10:00,19,19,0
12/26/2014 11:00,21,18,3
12/26/2014 12:00,24,22,2
12/26/2014 13:00,18,18,0
12/26/2014 14:00,24,23,1
12/26/2014 15:00,24,24,0
12/26/2014 16:00,24,24,0
12/26/2014 17:00,25,25,0
12/26/2014 18:00,15,15,0
12/26/2014 19:00,19,19,0
12/26/2014 20:00,16,13,3
12/26/2014 21:00,10,10,0
12/26/2014 22:00,7,7,0
12/26/2014 23:00,4,4,0
12/27/2014 0:00,3,3,0
12/27/2014 1:00,3,3,0
12/27/2014 2:00,2,2,0
12/27/2014 3:00,1,1,0
12/27/2014 4:00,2,2,0
12/27/2014 5:00,1,1,0
12/27/2014 6:00,3,3,0
12/27/2014 7:00,2,2,0
12/27/2014 8:00,7,7,0
12/27/2014 9:00,16,16,0
12/27/2014 10:00,18,17,1
12/27/2014 11:00,21,21,0
12/27/2014 12:00,36,36,0
12/27/2014 13:00,24,24,0
12/27/2014 14:00,21,21,0
12/27/2014 15:00,23,23,0
12/27/2014 16:00,16,15,1
12/27/2014 17:00,21,21,0
12/27/2014 18:00,19,19,0
12/27/2014 19:00,19,14,5
12/27/2014 20:00,12,12,0
12/27/2014 21:00,10,10,0
12/27/2014 22:00,9,9,0
12/27/2014 23:00,0,0,0
12/28/2014 0:00,2,2,0
12/28/2014 1:00,3,3,0
12/28/2014 2:00,5,5,0
12/28/2014 3:00,0,0,0
12/28/2014 4:00,0,0,0
12/28/2014 5:00,0,0,0
12/28/2014 6:00,1,1,0
12/28/2014 7:00,2,2,0
12/28/2014 8:00,3,3,0
12/28/2014 9:00,16,16,0
12/28/2014 10:00,13,13,0
12/28/2014 11:00,26,23,3
12/28/2014 12:00,30,26,4
12/28/2014 13:00,24,23,1
12/28/2014 14:00,13,13,0
12/28/2014 15:00,12,12,0
12/28/2014 16:00,8,8,0
12/28/2014 17:00,19,16,3
12/28/2014 18:00,11,11,0
12/28/2014 19:00,12,12,0
12/28/2014 20:00,3,3,0
12/28/2014 21:00,5,5,0
12/28/2014 22:00,4,3,1
12/28/2014 23:00,4,4,0
12/29/2014 0:00,4,4,0
12/29/2014 1:00,3,3,0
12/29/2014 2:00,1,1,0
12/29/2014 3:00,1,1,0
12/29/2014 4:00,0,0,0
12/29/2014 5:00,0,0,0
12/29/2014 6:00,4,4,0
12/29/2014 7:00,14,11,3
12/29/2014 8:00,7,7,0
12/29/2014 9:00,25,25,0
12/29/2014 10:00,20,16,4
12/29/2014 11:00,18,18,0
12/29/2014 12:00,26,25,1
12/29/2014 13:00,36,32,4
12/29/2014 14:00,23,23,0
12/29/2014 15:00,24,24,0
12/29/2014 16:00,22,22,0
12/29/2014 17:00,15,15,0
12/29/2014 18:00,19,17,2
12/29/2014 19:00,7,7,0
12/29/2014 20:00,11,11,0
12/29/2014 21:00,8,8,0
12/29/2014 22:00,3,3,0
12/29/2014 23:00,4,4,0
12/30/2014 0:00,2,2,0
12/30/2014 1:00,1,1,0
12/30/2014 2:00,0,0,0
12/30/2014 3:00,0,0,0
12/30/2014 4:00,0,0,0
12/30/2014 5:00,0,0,0
12/30/2014 6:00,0,0,0
12/30/2014 7:00,0,0,0
12/30/2014 8:00,0,0,0
12/30/2014 9:00,0,0,0
12/30/2014 10:00,0,0,0
12/30/2014 11:00,0,0,0
12/30/2014 12:00,0,0,0
12/30/2014 13:00,0,0,0
12/30/2014 14:00,0,0,0
12/30/2014 15:00,0,0,0
12/30/2014 16:00,0,0,0
12/30/2014 17:00,0,0,0
12/30/2014 18:00,0,0,0
12/30/2014 19:00,0,0,0
12/30/2014 20:00,0,0,0
12/30/2014 21:00,0,0,0
12/30/2014 22:00,0,0,0
12/30/2014 23:00,0,0,0
12/31/2014 0:00,0,0,0
12/31/2014 1:00,0,0,0
12/31/2014 2:00,0,0,0
12/31/2014 3:00,0,0,0
12/31/2014 4:00,0,0,0
12/31/2014 5:00,0,0,0
12/31/2014 6:00,0,0,0
12/31/2014 7:00,0,0,0
12/31/2014 8:00,0,0,0
12/31/2014 9:00,1,1,0
12/31/2014 10:00,0,0,0
12/31/2014 11:00,0,0,0
12/31/2014 12:00,0,0,0
12/31/2014 13:00,0,0,0
12/31/2014 14:00,1,1,0
12/31/2014 15:00,1,1,0
12/31/2014 16:00,0,0,0
12/31/2014 17:00,0,0,0
12/31/2014 18:00,0,0,0
12/31/2014 19:00,0,0,0
12/31/2014 20:00,0,0,0
12/31/2014 21:00,0,0,0
12/31/2014 22:00,0,0,0
12/31/2014 23:00,0,0,0
1/1/2015 0:00,0,0,0
1/1/2015 1:00,0,0,0
1/1/2015 2:00,0,0,0
1/1/2015 3:00,0,0,0
1/1/2015 4:00,0,0,0
1/1/2015 5:00,0,0,0
1/1/2015 6:00,0,0,0
1/1/2015 7:00,0,0,0
1/1/2015 8:00,0,0,0
1/1/2015 9:00,0,0,0
1/1/2015 10:00,0,0,0
1/1/2015 11:00,0,0,0
1/1/2015 12:00,0,0,0
1/1/2015 13:00,9,9,0
1/1/2015 14:00,16,16,0
1/1/2015 15:00,23,22,1
1/1/2015 16:00,16,16,0
1/1/2015 17:00,18,18,0
1/1/2015 18:00,2,2,0
1/1/2015 19:00,0,0,0
1/1/2015 20:00,0,0,0
1/1/2015 21:00,0,0,0
1/1/2015 22:00,0,0,0
1/1/2015 23:00,0,0,0
1/2/2015 0:00,0,0,0
1/2/2015 1:00,0,0,0
1/2/2015 2:00,0,0,0
1/2/2015 3:00,0,0,0
1/2/2015 4:00,0,0,0
1/2/2015 5:00,0,0,0
1/2/2015 6:00,0,0,0
1/2/2015 7:00,0,0,0
1/2/2015 8:00,0,0,0
1/2/2015 9:00,17,16,1
1/2/2015 10:00,22,22,0
1/2/2015 11:00,51,51,0
1/2/2015 12:00,42,40,2
1/2/2015 13:00,44,44,0
1/2/2015 14:00,39,39,0
1/2/2015 15:00,35,35,0
1/2/2015 16:00,30,28,2
1/2/2015 17:00,24,23,1
1/2/2015 18:00,17,17,0
1/2/2015 19:00,16,16,0
1/2/2015 20:00,19,19,0
1/2/2015 21:00,20,19,1
1/2/2015 22:00,10,10,0
1/2/2015 23:00,10,5,5
1/3/2015 0:00,3,3,0
1/3/2015 1:00,4,4,0
1/3/2015 2:00,1,1,0
1/3/2015 3:00,2,2,0
1/3/2015 4:00,1,1,0
1/3/2015 5:00,0,0,0
1/3/2015 6:00,3,3,0
1/3/2015 7:00,10,10,0
1/3/2015 8:00,7,7,0
1/3/2015 9:00,15,15,0
1/3/2015 10:00,18,17,1
1/3/2015 11:00,24,23,1
1/3/2015 12:00,25,25,0
1/3/2015 13:00,45,44,1
1/3/2015 14:00,41,41,0
1/3/2015 15:00,26,26,0
1/3/2015 16:00,20,20,0
1/3/2015 17:00,29,28,1
1/3/2015 18:00,27,27,0
1/3/2015 19:00,28,28,0
1/3/2015 20:00,14,14,0
1/3/2015 21:00,17,17,0
1/3/2015 22:00,7,7,0
1/3/2015 23:00,8,8,0
1/4/2015 0:00,3,3,0
1/4/2015 1:00,6,6,0
1/4/2015 2:00,4,4,0
1/4/2015 3:00,1,1,0
1/4/2015 4:00,2,2,0
1/4/2015 5:00,0,0,0
1/4/2015 6:00,5,5,0
1/4/2015 7:00,4,4,0
1/4/2015 8:00,8,7,1
1/4/2015 9:00,15,15,0
1/4/2015 10:00,12,12,0
1/4/2015 11:00,22,22,0
1/4/2015 12:00,42,42,0
1/4/2015 13:00,43,43,0
1/4/2015 14:00,20,19,1
1/4/2015 15:00,20,20,0
1/4/2015 16:00,21,21,0
1/4/2015 17:00,22,22,0
1/4/2015 18:00,11,10,1
1/4/2015 19:00,12,12,0
1/4/2015 20:00,9,9,0
1/4/2015 21:00,9,9,0
1/4/2015 22:00,12,12,0
1/4/2015 23:00,0,0,0
1/5/2015 0:00,0,0,0
1/5/2015 1:00,1,1,0
1/5/2015 2:00,0,0,0
1/5/2015 3:00,1,1,0
1/5/2015 4:00,0,0,0
1/5/2015 5:00,6,6,0
1/5/2015 6:00,7,5,2
1/5/2015 7:00,16,16,0
1/5/2015 8:00,21,21,0
1/5/2015 9:00,26,24,2
1/5/2015 10:00,19,19,0
1/5/2015 11:00,26,26,0
1/5/2015 12:00,28,26,2
1/5/2015 13:00,27,27,0
1/5/2015 14:00,38,36,2
1/5/2015 15:00,38,38,0
1/5/2015 16:00,35,35,0
1/5/2015 17:00,37,37,0
1/5/2015 18:00,47,47,0
1/5/2015 19:00,23,23,0
1/5/2015 20:00,12,12,0
1/5/2015 21:00,17,17,0
1/5/2015 22:00,2,2,0
1/5/2015 23:00,9,9,0
1/6/2015 0:00,2,2,0
1/6/2015 1:00,0,0,0
1/6/2015 2:00,2,2,0
1/6/2015 3:00,0,0,0
1/6/2015 4:00,1,1,0
1/6/2015 5:00,4,4,0
1/6/2015 6:00,8,8,0
1/6/2015 7:00,24,24,0
1/6/2015 8:00,41,41,0
1/6/2015 9:00,42,42,0
1/6/2015 10:00,29,28,1
1/6/2015 11:00,41,41,0
1/6/2015 12:00,36,36,0
1/6/2015 13:00,46,46,0
1/6/2015 14:00,45,45,0
1/6/2015 15:00,48,48,0
1/6/2015 16:00,47,47,0
1/6/2015 17:00,21,21,0
1/6/2015 18:00,24,24,0
1/6/2015 19:00,28,28,0
1/6/2015 20:00,22,22,0
1/6/2015 21:00,8,8,0
1/6/2015 22:00,9,9,0
1/6/2015 23:00,2,2,0
1/7/2015 0:00,2,2,0
1/7/2015 1:00,0,0,0
1/7/2015 2:00,2,2,0
1/7/2015 3:00,1,1,0
1/7/2015 4:00,0,0,0
1/7/2015 5:00,3,3,0
1/7/2015 6:00,13,13,0
1/7/2015 7:00,33,32,1
1/7/2015 8:00,29,28,1
1/7/2015 9:00,36,36,0
1/7/2015 10:00,28,28,0
1/7/2015 11:00,27,26,1
1/7/2015 12:00,37,37,0
1/7/2015 13:00,27,27,0
1/7/2015 14:00,36,36,0
1/7/2015 15:00,33,33,0
1/7/2015 16:00,44,44,0
1/7/2015 17:00,15,15,0
1/7/2015 18:00,0,0,0
1/7/2015 19:00,0,0,0
1/7/2015 20:00,0,0,0
1/7/2015 21:00,0,0,0
1/7/2015 22:00,0,0,0
1/7/2015 23:00,0,0,0
1/8/2015 0:00,0,0,0
1/8/2015 1:00,0,0,0
1/8/2015 2:00,0,0,0
1/8/2015 3:00,0,0,0
1/8/2015 4:00,0,0,0
1/8/2015 5:00,0,0,0
1/8/2015 6:00,0,0,0
1/8/2015 7:00,14,13,1
1/8/2015 8:00,34,34,0
1/8/2015 9:00,18,18,0
1/8/2015 10:00,22,22,0
1/8/2015 11:00,18,18,0
1/8/2015 12:00,22,22,0
1/8/2015 13:00,24,24,0
1/8/2015 14:00,26,25,1
1/8/2015 15:00,40,39,1
1/8/2015 16:00,41,41,0
1/8/2015 17:00,23,23,0
1/8/2015 18:00,29,28,1
1/8/2015 19:00,17,17,0
1/8/2015 20:00,20,20,0
1/8/2015 21:00,17,17,0
1/8/2015 22:00,14,14,0
1/8/2015 23:00,2,2,0
1/9/2015 0:00,4,4,0
1/9/2015 1:00,1,1,0
1/9/2015 2:00,1,1,0
1/9/2015 3:00,1,1,0
1/9/2015 4:00,1,1,0
1/9/2015 5:00,4,4,0
1/9/2015 6:00,10,9,1
1/9/2015 7:00,12,12,0
1/9/2015 8:00,15,15,0
1/9/2015 9:00,20,20,0
1/9/2015 10:00,14,14,0
1/9/2015 11:00,23,23,0
1/9/2015 12:00,19,19,0
1/9/2015 13:00,18,18,0
1/9/2015 14:00,37,36,1
1/9/2015 15:00,24,24,0
1/9/2015 16:00,31,31,0
1/9/2015 17:00,40,40,0
1/9/2015 18:00,34,34,0
1/9/2015 19:00,33,33,0
1/9/2015 20:00,21,20,1
1/9/2015 21:00,11,11,0
1/9/2015 22:00,9,9,0
1/9/2015 23:00,8,8,0
1/10/2015 0:00,7,7,0
1/10/2015 1:00,4,4,0
1/10/2015 2:00,2,2,0
1/10/2015 3:00,3,3,0
1/10/2015 4:00,0,0,0
1/10/2015 5:00,1,1,0
1/10/2015 6:00,4,4,0
1/10/2015 7:00,3,3,0
1/10/2015 8:00,9,9,0
1/10/2015 9:00,21,21,0
1/10/2015 10:00,22,22,0
1/10/2015 11:00,35,33,2
1/10/2015 12:00,42,40,2
1/10/2015 13:00,50,48,2
1/10/2015 14:00,36,36,0
1/10/2015 15:00,40,40,0
1/10/2015 16:00,36,36,0
1/10/2015 17:00,29,29,0
1/10/2015 18:00,16,16,0
1/10/2015 19:00,12,12,0
1/10/2015 20:00,23,23,0
1/10/2015 21:00,21,21,0
1/10/2015 22:00,5,5,0
1/10/2015 23:00,9,9,0
1/11/2015 0:00,6,6,0
1/11/2015 1:00,8,8,0
1/11/2015 2:00,5,5,0
1/11/2015 3:00,0,0,0
1/11/2015 4:00,2,2,0
1/11/2015 5:00,0,0,0
1/11/2015 6:00,4,4,0
1/11/2015 7:00,7,7,0
1/11/2015 8:00,10,10,0
1/11/2015 9:00,16,16,0
1/11/2015 10:00,31,31,0
1/11/2015 11:00,39,39,0
1/11/2015 12:00,62,62,0
1/11/2015 13:00,64,64,0
1/11/2015 14:00,45,44,1
1/11/2015 15:00,30,30,0
1/11/2015 16:00,40,40,0
1/11/2015 17:00,35,34,1
1/11/2015 18:00,22,22,0
1/11/2015 19:00,16,16,0
1/11/2015 20:00,12,12,0
1/11/2015 21:00,11,11,0
1/11/2015 22:00,6,6,0
1/11/2015 23:00,2,2,0
1/12/2015 0:00,0,0,0
1/12/2015 1:00,0,0,0
1/12/2015 2:00,3,3,0
1/12/2015 3:00,0,0,0
1/12/2015 4:00,0,0,0
1/12/2015 5:00,2,2,0
1/12/2015 6:00,7,7,0
1/12/2015 7:00,21,21,0
1/12/2015 8:00,20,20,0
1/12/2015 9:00,21,21,0
1/12/2015 10:00,15,15,0
1/12/2015 11:00,14,13,1
1/12/2015 12:00,23,23,0
1/12/2015 13:00,35,35,0
1/12/2015 14:00,35,35,0
1/12/2015 15:00,39,39,0
1/12/2015 16:00,34,34,0
1/12/2015 17:00,28,27,1
1/12/2015 18:00,27,27,0
1/12/2015 19:00,20,20,0
1/12/2015 20:00,8,8,0
1/12/2015 21:00,17,17,0
1/12/2015 22:00,9,9,0
1/12/2015 23:00,4,4,0
1/13/2015 0:00,4,4,0
1/13/2015 1:00,3,3,0
1/13/2015 2:00,3,3,0
1/13/2015 3:00,2,2,0
1/13/2015 4:00,0,0,0
1/13/2015 5:00,1,1,0
1/13/2015 6:00,6,6,0
1/13/2015 7:00,24,24,0
1/13/2015 8:00,25,25,0
1/13/2015 9:00,28,28,0
1/13/2015 10:00,27,27,0
1/13/2015 11:00,30,29,1
1/13/2015 12:00,29,29,0
1/13/2015 13:00,23,22,1
1/13/2015 14:00,31,31,0
1/13/2015 15:00,34,34,0
1/13/2015 16:00,26,26,0
1/13/2015 17:00,43,42,1
1/13/2015 18:00,27,27,0
1/13/2015 19:00,21,21,0
1/13/2015 20:00,17,17,0
1/13/2015 21:00,14,14,0
1/13/2015 22:00,14,14,0
1/13/2015 23:00,4,4,0
1/14/2015 0:00,1,1,0
1/14/2015 1:00,0,0,0
1/14/2015 2:00,0,0,0
1/14/2015 3:00,2,2,0
1/14/2015 4:00,2,2,0
1/14/2015 5:00,4,4,0
1/14/2015 6:00,10,10,0
1/14/2015 7:00,20,20,0
1/14/2015 8:00,27,26,1
1/14/2015 9:00,22,22,0
1/14/2015 10:00,18,18,0
1/14/2015 11:00,13,13,0
1/14/2015 12:00,22,21,1
1/14/2015 13:00,31,31,0
1/14/2015 14:00,32,32,0
1/14/2015 15:00,20,20,0
1/14/2015 16:00,25,25,0
1/14/2015 17:00,28,28,0
1/14/2015 18:00,26,25,1
1/14/2015 19:00,31,31,0
1/14/2015 20:00,16,16,0
1/14/2015 21:00,16,16,0
1/14/2015 22:00,10,10,0
1/14/2015 23:00,5,5,0
1/15/2015 0:00,6,6,0
1/15/2015 1:00,0,0,0
1/15/2015 2:00,2,2,0
1/15/2015 3:00,1,1,0
1/15/2015 4:00,0,0,0
1/15/2015 5:00,5,5,0
1/15/2015 6:00,6,6,0
1/15/2015 7:00,15,15,0
1/15/2015 8:00,15,15,0
1/15/2015 9:00,25,25,0
1/15/2015 10:00,17,17,0
1/15/2015 11:00,28,28,0
1/15/2015 12:00,30,29,1
1/15/2015 13:00,25,25,0
1/15/2015 14:00,28,28,0
1/15/2015 15:00,34,34,0
1/15/2015 16:00,38,37,1
1/15/2015 17:00,24,24,0
1/15/2015 18:00,21,21,0
1/15/2015 19:00,30,30,0
1/15/2015 20:00,9,8,1
1/15/2015 21:00,26,26,0
1/15/2015 22:00,12,12,0
1/15/2015 23:00,2,2,0
1/16/2015 0:00,4,4,0
1/16/2015 1:00,1,1,0
1/16/2015 2:00,3,3,0
1/16/2015 3:00,2,2,0
1/16/2015 4:00,1,1,0
1/16/2015 5:00,3,3,0
1/16/2015 6:00,10,10,0
1/16/2015 7:00,17,17,0
1/16/2015 8:00,26,26,0
1/16/2015 9:00,24,24,0
1/16/2015 10:00,32,32,0
1/16/2015 11:00,43,43,0
1/16/2015 12:00,37,36,1
1/16/2015 13:00,40,40,0
1/16/2015 14:00,33,33,0
1/16/2015 15:00,42,42,0
1/16/2015 16:00,31,31,0
1/16/2015 17:00,47,47,0
1/16/2015 18:00,47,47,0
1/16/2015 19:00,56,56,0
1/16/2015 20:00,56,50,6
1/16/2015 21:00,29,29,0
1/16/2015 22:00,13,13,0
1/16/2015 23:00,14,14,0
1/17/2015 0:00,7,7,0
1/17/2015 1:00,5,5,0
1/17/2015 2:00,1,1,0
1/17/2015 3:00,0,0,0
1/17/2015 4:00,2,2,0
1/17/2015 5:00,3,3,0
1/17/2015 6:00,5,5,0
1/17/2015 7:00,6,6,0
1/17/2015 8:00,14,14,0
1/17/2015 9:00,34,34,0
1/17/2015 10:00,50,50,0
1/17/2015 11:00,58,57,1
1/17/2015 12:00,76,76,0
1/17/2015 13:00,63,63,0
1/17/2015 14:00,65,64,1
1/17/2015 15:00,54,54,0
1/17/2015 16:00,39,39,0
1/17/2015 17:00,37,37,0
1/17/2015 18:00,41,41,0
1/17/2015 19:00,25,25,0
1/17/2015 20:00,21,21,0
1/17/2015 21:00,19,19,0
1/17/2015 22:00,12,12,0
1/17/2015 23:00,7,7,0
1/18/2015 0:00,10,10,0
1/18/2015 1:00,4,4,0
1/18/2015 2:00,3,3,0
1/18/2015 3:00,0,0,0
1/18/2015 4:00,1,1,0
1/18/2015 5:00,1,1,0
1/18/2015 6:00,3,3,0
1/18/2015 7:00,4,4,0
1/18/2015 8:00,15,14,1
1/18/2015 9:00,26,26,0
1/18/2015 10:00,28,28,0
1/18/2015 11:00,54,53,1
1/18/2015 12:00,35,35,0
1/18/2015 13:00,29,29,0
1/18/2015 14:00,26,26,0
1/18/2015 15:00,21,21,0
1/18/2015 16:00,29,29,0
1/18/2015 17:00,14,14,0
1/18/2015 18:00,23,23,0
1/18/2015 19:00,15,15,0
1/18/2015 20:00,9,9,0
1/18/2015 21:00,14,14,0
1/18/2015 22:00,6,6,0
1/18/2015 23:00,2,2,0
1/19/2015 0:00,2,2,0
1/19/2015 1:00,0,0,0
1/19/2015 2:00,0,0,0
1/19/2015 3:00,1,1,0
1/19/2015 4:00,2,2,0
1/19/2015 5:00,2,2,0
1/19/2015 6:00,7,7,0
1/19/2015 7:00,7,7,0
1/19/2015 8:00,8,8,0
1/19/2015 9:00,14,14,0
1/19/2015 10:00,22,21,1
1/19/2015 11:00,37,36,1
1/19/2015 12:00,54,54,0
1/19/2015 13:00,44,42,2
1/19/2015 14:00,43,43,0
1/19/2015 15:00,36,36,0
1/19/2015 16:00,35,35,0
1/19/2015 17:00,27,27,0
1/19/2015 18:00,33,33,0
1/19/2015 19:00,23,23,0
1/19/2015 20:00,14,14,0
1/19/2015 21:00,15,15,0
1/19/2015 22:00,9,9,0
1/19/2015 23:00,4,4,0
1/20/2015 0:00,0,0,0
1/20/2015 1:00,0,0,0
1/20/2015 2:00,1,1,0
1/20/2015 3:00,2,2,0
1/20/2015 4:00,0,0,0
1/20/2015 5:00,2,2,0
1/20/2015 6:00,12,12,0
1/20/2015 7:00,15,15,0
1/20/2015 8:00,26,26,0
1/20/2015 9:00,34,34,0
1/20/2015 10:00,23,23,0
1/20/2015 11:00,24,24,0
1/20/2015 12:00,34,34,0
1/20/2015 13:00,41,40,1
1/20/2015 14:00,38,38,0
1/20/2015 15:00,32,31,1
1/20/2015 16:00,29,28,1
1/20/2015 17:00,27,27,0
1/20/2015 18:00,31,31,0
1/20/2015 19:00,24,24,0
1/20/2015 20:00,21,21,0
1/20/2015 21:00,15,15,0
1/20/2015 22:00,13,13,0
1/20/2015 23:00,4,4,0
1/21/2015 0:00,3,3,0
1/21/2015 1:00,0,0,0
1/21/2015 2:00,0,0,0
1/21/2015 3:00,3,3,0
1/21/2015 4:00,1,1,0
1/21/2015 5:00,2,2,0
1/21/2015 6:00,5,5,0
1/21/2015 7:00,11,11,0
1/21/2015 8:00,10,10,0
1/21/2015 9:00,22,22,0
1/21/2015 10:00,20,20,0
1/21/2015 11:00,27,27,0
1/21/2015 12:00,20,20,0
1/21/2015 13:00,38,38,0
1/21/2015 14:00,30,30,0
1/21/2015 15:00,33,33,0
1/21/2015 16:00,31,27,4
1/21/2015 17:00,28,27,1
1/21/2015 18:00,25,25,0
1/21/2015 19:00,26,26,0
1/21/2015 20:00,19,19,0
1/21/2015 21:00,14,14,0
1/21/2015 22:00,10,10,0
1/21/2015 23:00,2,2,0
1/22/2015 0:00,2,2,0
1/22/2015 1:00,1,1,0
1/22/2015 2:00,0,0,0
1/22/2015 3:00,0,0,0
1/22/2015 4:00,0,0,0
1/22/2015 5:00,3,3,0
1/22/2015 6:00,12,12,0
1/22/2015 7:00,15,15,0
1/22/2015 8:00,21,21,0
1/22/2015 9:00,21,21,0
1/22/2015 10:00,26,26,0
1/22/2015 11:00,34,34,0
1/22/2015 12:00,35,35,0
1/22/2015 13:00,32,32,0
1/22/2015 14:00,46,45,1
1/22/2015 15:00,30,30,0
1/22/2015 16:00,35,35,0
1/22/2015 17:00,49,48,1
1/22/2015 18:00,30,30,0
1/22/2015 19:00,25,25,0
1/22/2015 20:00,17,17,0
1/22/2015 21:00,14,14,0
1/22/2015 22:00,13,13,0
1/22/2015 23:00,8,8,0
1/23/2015 0:00,1,1,0
1/23/2015 1:00,0,0,0
1/23/2015 2:00,4,4,0
1/23/2015 3:00,1,1,0
1/23/2015 4:00,0,0,0
1/23/2015 5:00,0,0,0
1/23/2015 6:00,10,10,0
1/23/2015 7:00,30,30,0
1/23/2015 8:00,40,40,0
1/23/2015 9:00,29,29,0
1/23/2015 10:00,17,16,1
1/23/2015 11:00,53,52,1
1/23/2015 12:00,37,36,1
1/23/2015 13:00,37,37,0
1/23/2015 14:00,44,44,0
1/23/2015 15:00,41,41,0
1/23/2015 16:00,41,41,0
1/23/2015 17:00,42,42,0
1/23/2015 18:00,49,49,0
1/23/2015 19:00,54,50,4
1/23/2015 20:00,36,36,0
1/23/2015 21:00,22,21,1
1/23/2015 22:00,12,12,0
1/23/2015 23:00,9,9,0
1/24/2015 0:00,4,4,0
1/24/2015 1:00,7,7,0
1/24/2015 2:00,2,2,0
1/24/2015 3:00,2,2,0
1/24/2015 4:00,0,0,0
1/24/2015 5:00,2,2,0
1/24/2015 6:00,2,2,0
1/24/2015 7:00,8,8,0
1/24/2015 8:00,11,11,0
1/24/2015 9:00,33,33,0
1/24/2015 10:00,45,43,2
1/24/2015 11:00,35,35,0
1/24/2015 12:00,72,72,0
1/24/2015 13:00,69,69,0
1/24/2015 14:00,76,76,0
1/24/2015 15:00,42,42,0
1/24/2015 16:00,31,31,0
1/24/2015 17:00,49,49,0
1/24/2015 18:00,48,48,0
1/24/2015 19:00,49,49,0
1/24/2015 20:00,23,22,1
1/24/2015 21:00,22,21,1
1/24/2015 22:00,17,17,0
1/24/2015 23:00,11,11,0
1/25/2015 0:00,14,14,0
1/25/2015 1:00,3,3,0
1/25/2015 2:00,1,1,0
1/25/2015 3:00,2,2,0
1/25/2015 4:00,0,0,0
1/25/2015 5:00,0,0,0
1/25/2015 6:00,3,3,0
1/25/2015 7:00,5,5,0
1/25/2015 8:00,5,5,0
1/25/2015 9:00,17,17,0
1/25/2015 10:00,19,19,0
1/25/2015 11:00,40,40,0
1/25/2015 12:00,54,54,0
1/25/2015 13:00,62,62,0
1/25/2015 14:00,44,44,0
1/25/2015 15:00,43,43,0
1/25/2015 16:00,56,55,1
1/25/2015 17:00,38,38,0
1/25/2015 18:00,30,30,0
1/25/2015 19:00,22,22,0
1/25/2015 20:00,10,10,0
1/25/2015 21:00,17,17,0
1/25/2015 22:00,7,7,0
1/25/2015 23:00,8,8,0
1/26/2015 0:00,8,8,0
1/26/2015 1:00,2,2,0
1/26/2015 2:00,2,2,0
1/26/2015 3:00,3,3,0
1/26/2015 4:00,2,2,0
1/26/2015 5:00,0,0,0
1/26/2015 6:00,11,11,0
1/26/2015 7:00,22,22,0
1/26/2015 8:00,32,32,0
1/26/2015 9:00,21,21,0
1/26/2015 10:00,26,25,1
1/26/2015 11:00,21,21,0
1/26/2015 12:00,38,38,0
1/26/2015 13:00,30,30,0
1/26/2015 14:00,39,39,0
1/26/2015 15:00,29,29,0
1/26/2015 16:00,39,39,0
1/26/2015 17:00,35,35,0
1/26/2015 18:00,34,34,0
1/26/2015 19:00,32,32,0
1/26/2015 20:00,19,19,0
1/26/2015 21:00,24,24,0
1/26/2015 22:00,8,8,0
1/26/2015 23:00,4,4,0
1/27/2015 0:00,3,3,0
1/27/2015 1:00,4,4,0
1/27/2015 2:00,2,2,0
1/27/2015 3:00,3,3,0
1/27/2015 4:00,0,0,0
1/27/2015 5:00,1,1,0
1/27/2015 6:00,13,13,0
1/27/2015 7:00,26,26,0
1/27/2015 8:00,38,37,1
1/27/2015 9:00,37,37,0
1/27/2015 10:00,19,19,0
1/27/2015 11:00,37,34,3
1/27/2015 12:00,39,39,0
1/27/2015 13:00,55,54,1
1/27/2015 14:00,42,42,0
1/27/2015 15:00,40,40,0
1/27/2015 16:00,39,39,0
1/27/2015 17:00,45,45,0
1/27/2015 18:00,27,27,0
1/27/2015 19:00,24,24,0
1/27/2015 20:00,10,10,0
1/27/2015 21:00,10,10,0
1/27/2015 22:00,6,6,0
1/27/2015 23:00,5,5,0
1/28/2015 0:00,2,2,0
1/28/2015 1:00,0,0,0
1/28/2015 2:00,1,1,0
1/28/2015 3:00,0,0,0
1/28/2015 4:00,3,3,0
1/28/2015 5:00,1,1,0
1/28/2015 6:00,9,9,0
1/28/2015 7:00,28,28,0
1/28/2015 8:00,23,21,2
1/28/2015 9:00,31,30,1
1/28/2015 10:00,29,29,0
1/28/2015 11:00,26,25,1
1/28/2015 12:00,37,37,0
1/28/2015 13:00,33,33,0
1/28/2015 14:00,43,43,0
1/28/2015 15:00,35,35,0
1/28/2015 16:00,35,35,0
1/28/2015 17:00,42,42,0
1/28/2015 18:00,39,38,1
1/28/2015 19:00,31,31,0
1/28/2015 20:00,27,27,0
1/28/2015 21:00,14,14,0
1/28/2015 22:00,8,8,0
1/28/2015 23:00,0,0,0
1/29/2015 0:00,4,4,0
1/29/2015 1:00,1,1,0
1/29/2015 2:00,2,2,0
1/29/2015 3:00,2,2,0
1/29/2015 4:00,0,0,0
1/29/2015 5:00,4,4,0
1/29/2015 6:00,3,3,0
1/29/2015 7:00,30,28,2
1/29/2015 8:00,25,25,0
1/29/2015 9:00,38,38,0
1/29/2015 10:00,41,41,0
1/29/2015 11:00,41,41,0
1/29/2015 12:00,33,33,0
1/29/2015 13:00,40,39,1
1/29/2015 14:00,22,22,0
1/29/2015 15:00,43,43,0
1/29/2015 16:00,39,39,0
1/29/2015 17:00,39,39,0
1/29/2015 18:00,34,34,0
1/29/2015 19:00,27,27,0
1/29/2015 20:00,15,15,0
1/29/2015 21:00,13,13,0
1/29/2015 22:00,13,13,0
1/29/2015 23:00,5,5,0
1/30/2015 0:00,2,2,0
1/30/2015 1:00,3,3,0
1/30/2015 2:00,5,5,0
1/30/2015 3:00,0,0,0
1/30/2015 4:00,0,0,0
1/30/2015 5:00,3,3,0
1/30/2015 6:00,6,6,0
1/30/2015 7:00,16,16,0
1/30/2015 8:00,26,26,0
1/30/2015 9:00,21,21,0
1/30/2015 10:00,43,43,0
1/30/2015 11:00,36,35,1
1/30/2015 12:00,33,33,0
1/30/2015 13:00,56,56,0
1/30/2015 14:00,44,44,0
1/30/2015 15:00,42,42,0
1/30/2015 16:00,36,36,0
1/30/2015 17:00,26,26,0
1/30/2015 18:00,49,49,0
1/30/2015 19:00,46,46,0
1/30/2015 20:00,27,27,0
1/30/2015 21:00,20,20,0
1/30/2015 22:00,6,6,0
1/30/2015 23:00,13,13,0
1/31/2015 0:00,3,3,0
1/31/2015 1:00,2,2,0
1/31/2015 2:00,3,2,1
1/31/2015 3:00,0,0,0
1/31/2015 4:00,2,2,0
1/31/2015 5:00,2,2,0
1/31/2015 6:00,0,0,0
1/31/2015 7:00,7,7,0
1/31/2015 8:00,15,15,0
1/31/2015 9:00,28,28,0
1/31/2015 10:00,50,50,0
1/31/2015 11:00,60,60,0
1/31/2015 12:00,60,60,0
1/31/2015 13:00,52,52,0
1/31/2015 14:00,61,59,2
1/31/2015 15:00,54,54,0
1/31/2015 16:00,45,44,1
1/31/2015 17:00,38,37,1
1/31/2015 18:00,55,55,0
1/31/2015 19:00,41,41,0
1/31/2015 20:00,16,16,0
1/31/2015 21:00,19,19,0
1/31/2015 22:00,13,13,0
1/31/2015 23:00,4,4,0
2/1/2015 0:00,4,4,0
2/1/2015 1:00,8,8,0
2/1/2015 2:00,2,2,0
2/1/2015 3:00,1,1,0
2/1/2015 4:00,1,1,0
2/1/2015 5:00,1,1,0
2/1/2015 6:00,7,7,0
2/1/2015 7:00,5,5,0
2/1/2015 8:00,10,10,0
2/1/2015 9:00,18,18,0
2/1/2015 10:00,22,22,0
2/1/2015 11:00,35,34,1
2/1/2015 12:00,43,42,1
2/1/2015 13:00,34,33,1
2/1/2015 14:00,49,48,1
2/1/2015 15:00,33,32,1
2/1/2015 16:00,11,11,0
2/1/2015 17:00,6,6,0
2/1/2015 18:00,5,5,0
2/1/2015 19:00,28,28,0
2/1/2015 20:00,25,25,0
2/1/2015 21:00,7,7,0
2/1/2015 22:00,4,4,0
2/1/2015 23:00,1,1,0
2/2/2015 0:00,2,2,0
2/2/2015 1:00,2,2,0
2/2/2015 2:00,0,0,0
2/2/2015 3:00,0,0,0
2/2/2015 4:00,4,4,0
2/2/2015 5:00,3,3,0
2/2/2015 6:00,19,19,0
2/2/2015 7:00,21,21,0
2/2/2015 8:00,18,18,0
2/2/2015 9:00,34,34,0
2/2/2015 10:00,30,27,3
2/2/2015 11:00,42,42,0
2/2/2015 12:00,52,52,0
2/2/2015 13:00,32,32,0
2/2/2015 14:00,43,42,1
2/2/2015 15:00,62,62,0
2/2/2015 16:00,44,43,1
2/2/2015 17:00,57,57,0
2/2/2015 18:00,42,42,0
2/2/2015 19:00,29,29,0
2/2/2015 20:00,20,20,0
2/2/2015 21:00,27,27,0
2/2/2015 22:00,9,9,0
2/2/2015 23:00,3,3,0
2/3/2015 0:00,4,4,0
2/3/2015 1:00,0,0,0
2/3/2015 2:00,0,0,0
2/3/2015 3:00,1,1,0
2/3/2015 4:00,5,5,0
2/3/2015 5:00,5,5,0
2/3/2015 6:00,17,16,1
2/3/2015 7:00,38,38,0
2/3/2015 8:00,47,47,0
2/3/2015 9:00,44,44,0
2/3/2015 10:00,44,44,0
2/3/2015 11:00,38,38,0
2/3/2015 12:00,,,
2/3/2015 13:00,,,
2/3/2015 14:00,,,
2/3/2015 15:00,,,
2/3/2015 16:00,,,
2/3/2015 17:00,,,
2/3/2015 18:00,,,
2/3/2015 19:00,,,
2/3/2015 20:00,,,
2/3/2015 21:00,,,
2/3/2015 22:00,,,
2/3/2015 23:00,,,
2/4/2015 0:00,,,
2/4/2015 1:00,,,
2/4/2015 2:00,,,
2/4/2015 3:00,,,
2/4/2015 4:00,,,
2/4/2015 5:00,,,
2/4/2015 6:00,,,
2/4/2015 7:00,,,
2/4/2015 8:00,,,
2/4/2015 9:00,,,
2/4/2015 10:00,,,
2/4/2015 11:00,,,
2/4/2015 12:00,,,
2/4/2015 13:00,,,
2/4/2015 14:00,,,
2/4/2015 15:00,,,
2/4/2015 16:00,,,
2/4/2015 17:00,,,
2/4/2015 18:00,,,
2/4/2015 19:00,,,
2/4/2015 20:00,,,
2/4/2015 21:00,,,
2/4/2015 22:00,,,
2/4/2015 23:00,,,
2/5/2015 0:00,,,
2/5/2015 1:00,,,
2/5/2015 2:00,,,
2/5/2015 3:00,,,
2/5/2015 4:00,,,
2/5/2015 5:00,,,
2/5/2015 6:00,,,
2/5/2015 7:00,,,
2/5/2015 8:00,,,
2/5/2015 9:00,,,
2/5/2015 10:00,,,
2/5/2015 11:00,,,
2/5/2015 12:00,,,
2/5/2015 13:00,,,
2/5/2015 14:00,,,
2/5/2015 15:00,,,
2/5/2015 16:00,,,
2/5/2015 17:00,,,
2/5/2015 18:00,,,
2/5/2015 19:00,,,
2/5/2015 20:00,,,
2/5/2015 21:00,,,
2/5/2015 22:00,,,
2/5/2015 23:00,,,
2/6/2015 0:00,,,
2/6/2015 1:00,,,
2/6/2015 2:00,,,
2/6/2015 3:00,,,
2/6/2015 4:00,,,
2/6/2015 5:00,,,
2/6/2015 6:00,,,
2/6/2015 7:00,,,
2/6/2015 8:00,,,
2/6/2015 9:00,,,
2/6/2015 10:00,,,
2/6/2015 11:00,,,
2/6/2015 12:00,,,
2/6/2015 13:00,,,
2/6/2015 14:00,,,
2/6/2015 15:00,,,
2/6/2015 16:00,,,
2/6/2015 17:00,,,
2/6/2015 18:00,,,
2/6/2015 19:00,,,
2/6/2015 20:00,,,
2/6/2015 21:00,,,
2/6/2015 22:00,,,
2/6/2015 23:00,,,
2/7/2015 0:00,,,
2/7/2015 1:00,,,
2/7/2015 2:00,,,
2/7/2015 3:00,,,
2/7/2015 4:00,,,
2/7/2015 5:00,,,
2/7/2015 6:00,,,
2/7/2015 7:00,,,
2/7/2015 8:00,,,
2/7/2015 9:00,,,
2/7/2015 10:00,,,
2/7/2015 11:00,,,
2/7/2015 12:00,,,
2/7/2015 13:00,,,
2/7/2015 14:00,,,
2/7/2015 15:00,,,
2/7/2015 16:00,,,
2/7/2015 17:00,,,
2/7/2015 18:00,,,
2/7/2015 19:00,,,
2/7/2015 20:00,,,
2/7/2015 21:00,,,
2/7/2015 22:00,,,
2/7/2015 23:00,,,
2/8/2015 0:00,,,
2/8/2015 1:00,,,
2/8/2015 2:00,,,
2/8/2015 3:00,,,
2/8/2015 4:00,,,
2/8/2015 5:00,,,
2/8/2015 6:00,,,
2/8/2015 7:00,,,
2/8/2015 8:00,,,
2/8/2015 9:00,,,
2/8/2015 10:00,,,
2/8/2015 11:00,,,
2/8/2015 12:00,,,
2/8/2015 13:00,,,
2/8/2015 14:00,,,
2/8/2015 15:00,,,
2/8/2015 16:00,,,
2/8/2015 17:00,,,
2/8/2015 18:00,,,
2/8/2015 19:00,,,
2/8/2015 20:00,,,
2/8/2015 21:00,,,
2/8/2015 22:00,,,
2/8/2015 23:00,,,
2/9/2015 0:00,,,
2/9/2015 1:00,,,
2/9/2015 2:00,,,
2/9/2015 3:00,,,
2/9/2015 4:00,,,
2/9/2015 5:00,,,
2/9/2015 6:00,,,
2/9/2015 7:00,,,
2/9/2015 8:00,,,
2/9/2015 9:00,,,
2/9/2015 10:00,,,
2/9/2015 11:00,,,
2/9/2015 12:00,,,
2/9/2015 13:00,,,
2/9/2015 14:00,,,
2/9/2015 15:00,,,
2/9/2015 16:00,,,
2/9/2015 17:00,,,
2/9/2015 18:00,,,
2/9/2015 19:00,,,
2/9/2015 20:00,,,
2/9/2015 21:00,,,
2/9/2015 22:00,,,
2/9/2015 23:00,,,
2/10/2015 0:00,,,
2/10/2015 1:00,,,
2/10/2015 2:00,,,
2/10/2015 3:00,,,
2/10/2015 4:00,,,
2/10/2015 5:00,,,
2/10/2015 6:00,,,
2/10/2015 7:00,,,
2/10/2015 8:00,,,
2/10/2015 9:00,,,
2/10/2015 10:00,,,
2/10/2015 11:00,,,
2/10/2015 12:00,,,
2/10/2015 13:00,,,
2/10/2015 14:00,,,
2/10/2015 15:00,,,
2/10/2015 16:00,,,
2/10/2015 17:00,,,
2/10/2015 18:00,,,
2/10/2015 19:00,,,
2/10/2015 20:00,,,
2/10/2015 21:00,,,
2/10/2015 22:00,,,
2/10/2015 23:00,,,
2/11/2015 0:00,,,
2/11/2015 1:00,,,
2/11/2015 2:00,,,
2/11/2015 3:00,,,
2/11/2015 4:00,,,
2/11/2015 5:00,,,
2/11/2015 6:00,,,
2/11/2015 7:00,,,
2/11/2015 8:00,,,
2/11/2015 9:00,,,
2/11/2015 10:00,,,
2/11/2015 11:00,,,
2/11/2015 12:00,,,
2/11/2015 13:00,,,
2/11/2015 14:00,,,
2/11/2015 15:00,,,
2/11/2015 16:00,,,
2/11/2015 17:00,,,
2/11/2015 18:00,,,
2/11/2015 19:00,,,
2/11/2015 20:00,,,
2/11/2015 21:00,,,
2/11/2015 22:00,,,
2/11/2015 23:00,,,
2/12/2015 0:00,,,
2/12/2015 1:00,,,
2/12/2015 2:00,,,
2/12/2015 3:00,,,
2/12/2015 4:00,,,
2/12/2015 5:00,,,
2/12/2015 6:00,,,
2/12/2015 7:00,,,
2/12/2015 8:00,,,
2/12/2015 9:00,,,
2/12/2015 10:00,,,
2/12/2015 11:00,,,
2/12/2015 12:00,,,
2/12/2015 13:00,17,14,3
2/12/2015 14:00,12,6,6
2/12/2015 15:00,19,8,11
2/12/2015 16:00,14,5,9
2/12/2015 17:00,18,8,10
2/12/2015 18:00,16,7,9
2/12/2015 19:00,16,7,9
2/12/2015 20:00,3,3,0
2/12/2015 21:00,10,3,7
2/12/2015 22:00,0,0,0
2/12/2015 23:00,1,0,1
2/13/2015 0:00,0,0,0
2/13/2015 1:00,0,0,0
2/13/2015 2:00,0,0,0
2/13/2015 3:00,0,0,0
2/13/2015 4:00,0,0,0
2/13/2015 5:00,1,1,0
2/13/2015 6:00,4,3,1
2/13/2015 7:00,10,4,6
2/13/2015 8:00,8,5,3
2/13/2015 9:00,18,8,10
2/13/2015 10:00,6,5,1
2/13/2015 11:00,9,5,4
2/13/2015 12:00,8,5,3
2/13/2015 13:00,6,3,3
2/13/2015 14:00,15,12,3
2/13/2015 15:00,16,13,3
2/13/2015 16:00,11,5,6
2/13/2015 17:00,20,11,9
2/13/2015 18:00,14,7,7
2/13/2015 19:00,6,3,3
2/13/2015 20:00,5,2,3
2/13/2015 21:00,2,2,0
2/13/2015 22:00,4,1,3
2/13/2015 23:00,1,1,0
2/14/2015 0:00,2,1,1
2/14/2015 1:00,1,0,1
2/14/2015 2:00,2,2,0
2/14/2015 3:00,0,0,0
2/14/2015 4:00,0,0,0
2/14/2015 5:00,1,1,0
2/14/2015 6:00,0,0,0
2/14/2015 7:00,2,1,1
2/14/2015 8:00,3,1,2
2/14/2015 9:00,14,5,9
2/14/2015 10:00,16,11,5
2/14/2015 11:00,11,7,4
2/14/2015 12:00,7,6,1
2/14/2015 13:00,14,6,8
2/14/2015 14:00,27,16,11
2/14/2015 15:00,17,8,9
2/14/2015 16:00,20,14,6
2/14/2015 17:00,13,10,3
2/14/2015 18:00,15,11,4
2/14/2015 19:00,5,1,4
2/14/2015 20:00,11,8,3
2/14/2015 21:00,0,0,0
2/14/2015 22:00,10,8,2
2/14/2015 23:00,2,2,0
2/15/2015 0:00,0,0,0
2/15/2015 1:00,1,1,0
2/15/2015 2:00,0,0,0
2/15/2015 3:00,0,0,0
2/15/2015 4:00,0,0,0
2/15/2015 5:00,0,0,0
2/15/2015 6:00,0,0,0
2/15/2015 7:00,1,1,0
2/15/2015 8:00,8,7,1
2/15/2015 9:00,14,8,6
2/15/2015 10:00,5,1,4
2/15/2015 11:00,25,17,8
2/15/2015 12:00,15,10,5
2/15/2015 13:00,17,11,6
2/15/2015 14:00,16,9,7
2/15/2015 15:00,21,15,6
2/15/2015 16:00,10,4,6
2/15/2015 17:00,16,7,9
2/15/2015 18:00,4,3,1
2/15/2015 19:00,1,1,0
2/15/2015 20:00,4,3,1
2/15/2015 21:00,2,1,1
2/15/2015 22:00,2,0,2
2/15/2015 23:00,0,0,0
2/16/2015 0:00,1,0,1
2/16/2015 1:00,0,0,0
2/16/2015 2:00,2,2,0
2/16/2015 3:00,0,0,0
2/16/2015 4:00,0,0,0
2/16/2015 5:00,0,0,0
2/16/2015 6:00,2,0,2
2/16/2015 7:00,4,1,3
2/16/2015 8:00,3,2,1
2/16/2015 9:00,20,4,16
2/16/2015 10:00,9,1,8
2/16/2015 11:00,22,13,9
2/16/2015 12:00,15,8,7
2/16/2015 13:00,20,12,8
2/16/2015 14:00,8,3,5
2/16/2015 15:00,17,11,6
2/16/2015 16:00,10,6,4
2/16/2015 17:00,10,8,2
2/16/2015 18:00,7,4,3
2/16/2015 19:00,4,4,0
2/16/2015 20:00,4,1,3
2/16/2015 21:00,0,0,0
2/16/2015 22:00,4,3,1
2/16/2015 23:00,0,0,0
2/17/2015 0:00,0,0,0
2/17/2015 1:00,0,0,0
2/17/2015 2:00,0,0,0
2/17/2015 3:00,0,0,0
2/17/2015 4:00,0,0,0
2/17/2015 5:00,1,1,0
2/17/2015 6:00,3,1,2
2/17/2015 7:00,5,3,2
2/17/2015 8:00,11,6,5
2/17/2015 9:00,10,5,5
2/17/2015 10:00,1,1,0
2/17/2015 11:00,2,1,1
2/17/2015 12:00,5,3,2
2/17/2015 13:00,8,6,2
2/17/2015 14:00,5,4,1
2/17/2015 15:00,9,7,2
2/17/2015 16:00,11,5,6
2/17/2015 17:00,16,11,5
2/17/2015 18:00,21,16,5
2/17/2015 19:00,8,4,4
2/17/2015 20:00,6,5,1
2/17/2015 21:00,10,10,0
2/17/2015 22:00,3,2,1
2/17/2015 23:00,1,1,0
2/18/2015 0:00,0,0,0
2/18/2015 1:00,0,0,0
2/18/2015 2:00,0,0,0
2/18/2015 3:00,0,0,0
2/18/2015 4:00,0,0,0
2/18/2015 5:00,0,0,0
2/18/2015 6:00,4,2,2
2/18/2015 7:00,6,4,2
2/18/2015 8:00,7,4,3
2/18/2015 9:00,15,10,5
2/18/2015 10:00,3,1,2
2/18/2015 11:00,11,8,3
2/18/2015 12:00,11,6,5
2/18/2015 13:00,7,2,5
2/18/2015 14:00,17,11,6
2/18/2015 15:00,15,10,5
2/18/2015 16:00,9,1,8
2/18/2015 17:00,14,9,5
2/18/2015 18:00,9,4,5
2/18/2015 19:00,3,2,1
2/18/2015 20:00,2,2,0
2/18/2015 21:00,2,1,1
2/18/2015 22:00,7,5,2
2/18/2015 23:00,4,4,0
2/19/2015 0:00,1,0,1
2/19/2015 1:00,0,0,0
2/19/2015 2:00,0,0,0
2/19/2015 3:00,0,0,0
2/19/2015 4:00,0,0,0
2/19/2015 5:00,2,2,0
2/19/2015 6:00,4,3,1
2/19/2015 7:00,3,3,0
2/19/2015 8:00,7,4,3
2/19/2015 9:00,5,3,2
2/19/2015 10:00,7,2,5
2/19/2015 11:00,8,3,5
2/19/2015 12:00,3,2,1
2/19/2015 13:00,1,1,0
2/19/2015 14:00,4,1,3
2/19/2015 15:00,8,6,2
2/19/2015 16:00,17,12,5
2/19/2015 17:00,12,5,7
2/19/2015 18:00,23,9,14
2/19/2015 19:00,9,7,2
2/19/2015 20:00,3,1,2
2/19/2015 21:00,2,1,1
2/19/2015 22:00,3,3,0
2/19/2015 23:00,3,3,0
2/20/2015 0:00,0,0,0
2/20/2015 1:00,1,1,0
2/20/2015 2:00,0,0,0
2/20/2015 3:00,0,0,0
2/20/2015 4:00,0,0,0
2/20/2015 5:00,0,0,0
2/20/2015 6:00,4,4,0
2/20/2015 7:00,4,2,2
2/20/2015 8:00,7,3,4
2/20/2015 9:00,11,7,4
2/20/2015 10:00,10,6,4
2/20/2015 11:00,17,8,9
2/20/2015 12:00,12,8,4
2/20/2015 13:00,10,7,3
2/20/2015 14:00,14,9,5
2/20/2015 15:00,16,7,9
2/20/2015 16:00,15,5,10
2/20/2015 17:00,14,7,7
2/20/2015 18:00,16,4,12
2/20/2015 19:00,2,2,0
2/20/2015 20:00,3,2,1
2/20/2015 21:00,5,1,4
2/20/2015 22:00,5,2,3
2/20/2015 23:00,0,0,0
2/21/2015 0:00,3,1,2
2/21/2015 1:00,0,0,0
2/21/2015 2:00,0,0,0
2/21/2015 3:00,0,0,0
2/21/2015 4:00,2,0,2
2/21/2015 5:00,0,0,0
2/21/2015 6:00,0,0,0
2/21/2015 7:00,0,0,0
2/21/2015 8:00,3,3,0
2/21/2015 9:00,4,1,3
2/21/2015 10:00,10,7,3
2/21/2015 11:00,13,9,4
2/21/2015 12:00,42,39,3
2/21/2015 13:00,15,7,8
2/21/2015 14:00,17,10,7
2/21/2015 15:00,12,6,6
2/21/2015 16:00,6,1,5
2/21/2015 17:00,14,10,4
2/21/2015 18:00,19,15,4
2/21/2015 19:00,16,9,7
2/21/2015 20:00,0,0,0
2/21/2015 21:00,2,2,0
2/21/2015 22:00,2,0,2
2/21/2015 23:00,1,1,0
2/22/2015 0:00,2,2,0
2/22/2015 1:00,0,0,0
2/22/2015 2:00,1,1,0
2/22/2015 3:00,2,0,2
2/22/2015 4:00,0,0,0
2/22/2015 5:00,0,0,0
2/22/2015 6:00,1,0,1
2/22/2015 7:00,1,1,0
2/22/2015 8:00,2,1,1
2/22/2015 9:00,3,1,2
2/22/2015 10:00,16,9,7
2/22/2015 11:00,7,4,3
2/22/2015 12:00,22,6,16
2/22/2015 13:00,16,11,5
2/22/2015 14:00,23,15,8
2/22/2015 15:00,7,5,2
2/22/2015 16:00,13,5,8
2/22/2015 17:00,19,10,9
2/22/2015 18:00,9,5,4
2/22/2015 19:00,2,2,0
2/22/2015 20:00,5,5,0
2/22/2015 21:00,0,0,0
2/22/2015 22:00,1,1,0
2/22/2015 23:00,0,0,0
2/23/2015 0:00,0,0,0
2/23/2015 1:00,0,0,0
2/23/2015 2:00,0,0,0
2/23/2015 3:00,0,0,0
2/23/2015 4:00,0,0,0
2/23/2015 5:00,2,0,2
2/23/2015 6:00,1,0,1
2/23/2015 7:00,7,6,1
2/23/2015 8:00,10,5,5
2/23/2015 9:00,8,3,5
2/23/2015 10:00,15,10,5
2/23/2015 11:00,5,3,2
2/23/2015 12:00,14,8,6
2/23/2015 13:00,10,5,5
2/23/2015 14:00,9,6,3
2/23/2015 15:00,21,12,9
2/23/2015 16:00,13,8,5
2/23/2015 17:00,28,14,14
2/23/2015 18:00,16,8,8
2/23/2015 19:00,7,5,2
2/23/2015 20:00,2,1,1
2/23/2015 21:00,0,0,0
2/23/2015 22:00,2,0,2
2/23/2015 23:00,2,0,2
2/24/2015 0:00,1,1,0
2/24/2015 1:00,0,0,0
2/24/2015 2:00,0,0,0
2/24/2015 3:00,0,0,0
2/24/2015 4:00,0,0,0
2/24/2015 5:00,0,0,0
2/24/2015 6:00,4,2,2
2/24/2015 7:00,8,5,3
2/24/2015 8:00,18,10,8
2/24/2015 9:00,8,2,6
2/24/2015 10:00,5,4,1
2/24/2015 11:00,6,2,4
2/24/2015 12:00,9,5,4
2/24/2015 13:00,3,2,1
2/24/2015 14:00,14,10,4
2/24/2015 15:00,16,9,7
2/24/2015 16:00,11,6,5
2/24/2015 17:00,14,8,6
2/24/2015 18:00,8,5,3
2/24/2015 19:00,14,4,10
2/24/2015 20:00,3,2,1
2/24/2015 21:00,12,9,3
2/24/2015 22:00,3,3,0
2/24/2015 23:00,1,1,0
2/25/2015 0:00,1,0,1
2/25/2015 1:00,0,0,0
2/25/2015 2:00,0,0,0
2/25/2015 3:00,0,0,0
2/25/2015 4:00,0,0,0
2/25/2015 5:00,1,0,1
2/25/2015 6:00,2,1,1
2/25/2015 7:00,7,4,3
2/25/2015 8:00,10,6,4
2/25/2015 9:00,8,1,7
2/25/2015 10:00,1,1,0
2/25/2015 11:00,3,2,1
2/25/2015 12:00,6,2,4
2/25/2015 13:00,6,5,1
2/25/2015 14:00,3,1,2
2/25/2015 15:00,5,3,2
2/25/2015 16:00,11,8,3
2/25/2015 17:00,4,2,2
2/25/2015 18:00,9,5,4
2/25/2015 19:00,3,3,0
2/25/2015 20:00,2,2,0
2/25/2015 21:00,2,1,1
2/25/2015 22:00,0,0,0
2/25/2015 23:00,4,2,2
2/26/2015 0:00,0,0,0
2/26/2015 1:00,0,0,0
2/26/2015 2:00,0,0,0
2/26/2015 3:00,0,0,0
2/26/2015 4:00,0,0,0
2/26/2015 5:00,0,0,0
2/26/2015 6:00,4,3,1
2/26/2015 7:00,8,6,2
2/26/2015 8:00,13,6,7
2/26/2015 9:00,5,4,1
2/26/2015 10:00,4,0,4
2/26/2015 11:00,1,1,0
2/26/2015 12:00,7,2,5
2/26/2015 13:00,7,6,1
2/26/2015 14:00,4,2,2
2/26/2015 15:00,3,2,1
2/26/2015 16:00,7,3,4
2/26/2015 17:00,13,6,7
2/26/2015 18:00,12,7,5
2/26/2015 19:00,6,4,2
2/26/2015 20:00,6,1,5
2/26/2015 21:00,2,2,0
2/26/2015 22:00,1,1,0
2/26/2015 23:00,1,1,0
2/27/2015 0:00,0,0,0
2/27/2015 1:00,0,0,0
2/27/2015 2:00,0,0,0
2/27/2015 3:00,0,0,0
2/27/2015 4:00,0,0,0
2/27/2015 5:00,0,0,0
2/27/2015 6:00,3,2,1
2/27/2015 7:00,6,4,2
2/27/2015 8:00,8,4,4
2/27/2015 9:00,6,4,2
2/27/2015 10:00,8,4,4
2/27/2015 11:00,6,6,0
2/27/2015 12:00,11,6,5
2/27/2015 13:00,9,4,5
2/27/2015 14:00,11,6,5
2/27/2015 15:00,11,9,2
2/27/2015 16:00,4,2,2
2/27/2015 17:00,8,5,3
2/27/2015 18:00,9,4,5
2/27/2015 19:00,4,2,2
2/27/2015 20:00,2,0,2
2/27/2015 21:00,3,2,1
2/27/2015 22:00,1,1,0
2/27/2015 23:00,1,1,0
2/28/2015 0:00,0,0,0
2/28/2015 1:00,0,0,0
2/28/2015 2:00,1,0,1
2/28/2015 3:00,0,0,0
2/28/2015 4:00,0,0,0
2/28/2015 5:00,1,1,0
2/28/2015 6:00,0,0,0
2/28/2015 7:00,2,2,0
2/28/2015 8:00,5,1,4
2/28/2015 9:00,10,8,2
2/28/2015 10:00,17,3,14
2/28/2015 11:00,17,8,9
2/28/2015 12:00,19,11,8
2/28/2015 13:00,16,5,11
2/28/2015 14:00,28,8,20
2/28/2015 15:00,9,3,6
2/28/2015 16:00,27,15,12
2/28/2015 17:00,14,10,4
2/28/2015 18:00,10,2,8
2/28/2015 19:00,5,5,0
2/28/2015 20:00,4,2,2
2/28/2015 21:00,4,4,0
2/28/2015 22:00,3,2,1
2/28/2015 23:00,5,4,1
3/1/2015 0:00,1,0,1
3/1/2015 1:00,0,0,0
3/1/2015 2:00,0,0,0
3/1/2015 3:00,0,0,0
3/1/2015 4:00,0,0,0
3/1/2015 5:00,0,0,0
3/1/2015 6:00,0,0,0
3/1/2015 7:00,2,2,0
3/1/2015 8:00,5,3,2
3/1/2015 9:00,4,1,3
3/1/2015 10:00,10,5,5
3/1/2015 11:00,15,3,12
3/1/2015 12:00,27,18,9
3/1/2015 13:00,27,10,17
3/1/2015 14:00,15,10,5
3/1/2015 15:00,15,8,7
3/1/2015 16:00,27,17,10
3/1/2015 17:00,9,6,3
3/1/2015 18:00,9,4,5
3/1/2015 19:00,1,1,0
3/1/2015 20:00,4,3,1
3/1/2015 21:00,1,1,0
3/1/2015 22:00,2,2,0
3/1/2015 23:00,1,0,1
3/2/2015 0:00,0,0,0
3/2/2015 1:00,1,0,1
3/2/2015 2:00,0,0,0
3/2/2015 3:00,0,0,0
3/2/2015 4:00,0,0,0
3/2/2015 5:00,0,0,0
3/2/2015 6:00,2,1,1
3/2/2015 7:00,5,5,0
3/2/2015 8:00,8,3,5
3/2/2015 9:00,10,4,6
3/2/2015 10:00,6,3,3
3/2/2015 11:00,7,1,6
3/2/2015 12:00,7,1,6
3/2/2015 13:00,9,4,5
3/2/2015 14:00,10,5,5
3/2/2015 15:00,3,1,2
3/2/2015 16:00,4,4,0
3/2/2015 17:00,12,6,6
3/2/2015 18:00,8,4,4
3/2/2015 19:00,7,6,1
3/2/2015 20:00,2,0,2
3/2/2015 21:00,0,0,0
3/2/2015 22:00,2,2,0
3/2/2015 23:00,0,0,0
3/3/2015 0:00,0,0,0
3/3/2015 1:00,0,0,0
3/3/2015 2:00,0,0,0
3/3/2015 3:00,0,0,0
3/3/2015 4:00,1,0,1
3/3/2015 5:00,0,0,0
3/3/2015 6:00,2,0,2
3/3/2015 7:00,10,10,0
3/3/2015 8:00,9,2,7
3/3/2015 9:00,13,6,7
3/3/2015 10:00,7,1,6
3/3/2015 11:00,13,6,7
3/3/2015 12:00,14,4,10
3/3/2015 13:00,11,6,5
3/3/2015 14:00,17,8,9
3/3/2015 15:00,12,6,6
3/3/2015 16:00,19,8,11
3/3/2015 17:00,26,12,14
3/3/2015 18:00,13,6,7
3/3/2015 19:00,12,4,8
3/3/2015 20:00,4,3,1
3/3/2015 21:00,4,4,0
3/3/2015 22:00,2,2,0
3/3/2015 23:00,0,0,0
3/4/2015 0:00,0,0,0
3/4/2015 1:00,0,0,0
3/4/2015 2:00,0,0,0
3/4/2015 3:00,0,0,0
3/4/2015 4:00,0,0,0
3/4/2015 5:00,0,0,0
3/4/2015 6:00,3,0,3
3/4/2015 7:00,7,4,3
3/4/2015 8:00,6,3,3
3/4/2015 9:00,13,7,6
3/4/2015 10:00,9,4,5
3/4/2015 11:00,11,4,7
3/4/2015 12:00,8,3,5
3/4/2015 13:00,23,14,9
3/4/2015 14:00,7,1,6
3/4/2015 15:00,10,7,3
3/4/2015 16:00,14,9,5
3/4/2015 17:00,13,9,4
3/4/2015 18:00,9,1,8
3/4/2015 19:00,7,4,3
3/4/2015 20:00,2,1,1
3/4/2015 21:00,2,2,0
3/4/2015 22:00,1,1,0
3/4/2015 23:00,4,3,1
3/5/2015 0:00,0,0,0
3/5/2015 1:00,0,0,0
3/5/2015 2:00,0,0,0
3/5/2015 3:00,0,0,0
3/5/2015 4:00,0,0,0
3/5/2015 5:00,0,0,0
3/5/2015 6:00,6,3,3
3/5/2015 7:00,3,3,0
3/5/2015 8:00,9,7,2
3/5/2015 9:00,7,4,3
3/5/2015 10:00,5,2,3
3/5/2015 11:00,4,1,3
3/5/2015 12:00,16,9,7
3/5/2015 13:00,9,3,6
3/5/2015 14:00,5,4,1
3/5/2015 15:00,10,4,6
3/5/2015 16:00,15,8,7
3/5/2015 17:00,22,13,9
3/5/2015 18:00,15,8,7
3/5/2015 19:00,5,3,2
3/5/2015 20:00,8,3,5
3/5/2015 21:00,6,5,1
3/5/2015 22:00,3,1,2
3/5/2015 23:00,7,6,1
3/6/2015 0:00,0,0,0
3/6/2015 1:00,1,0,1
3/6/2015 2:00,0,0,0
3/6/2015 3:00,0,0,0
3/6/2015 4:00,0,0,0
3/6/2015 5:00,0,0,0
3/6/2015 6:00,2,2,0
3/6/2015 7:00,3,1,2
3/6/2015 8:00,10,2,8
3/6/2015 9:00,9,2,7
3/6/2015 10:00,8,4,4
3/6/2015 11:00,17,5,12
3/6/2015 12:00,11,7,4
3/6/2015 13:00,21,11,10
3/6/2015 14:00,14,11,3
3/6/2015 15:00,20,11,9
3/6/2015 16:00,7,4,3
3/6/2015 17:00,14,6,8
3/6/2015 18:00,17,9,8
3/6/2015 19:00,6,1,5
3/6/2015 20:00,5,4,1
3/6/2015 21:00,3,2,1
3/6/2015 22:00,4,4,0
3/6/2015 23:00,2,1,1
3/7/2015 0:00,6,5,1
3/7/2015 1:00,1,1,0
3/7/2015 2:00,3,3,0
3/7/2015 3:00,0,0,0
3/7/2015 4:00,0,0,0
3/7/2015 5:00,0,0,0
3/7/2015 6:00,2,2,0
3/7/2015 7:00,1,0,1
3/7/2015 8:00,7,4,3
3/7/2015 9:00,8,5,3
3/7/2015 10:00,19,12,7
3/7/2015 11:00,21,12,9
3/7/2015 12:00,24,20,4
3/7/2015 13:00,18,7,11
3/7/2015 14:00,19,9,10
3/7/2015 15:00,32,16,16
3/7/2015 16:00,23,13,10
3/7/2015 17:00,27,17,10
3/7/2015 18:00,17,8,9
3/7/2015 19:00,4,1,3
3/7/2015 20:00,2,1,1
3/7/2015 21:00,4,2,2
3/7/2015 22:00,1,0,1
3/7/2015 23:00,4,3,1
3/8/2015 0:00,2,1,1
3/8/2015 1:00,1,1,0
3/8/2015 2:00,,,
3/8/2015 3:00,0,0,0
3/8/2015 4:00,0,0,0
3/8/2015 5:00,0,0,0
3/8/2015 6:00,0,0,0
3/8/2015 7:00,0,0,0
3/8/2015 8:00,2,0,2
3/8/2015 9:00,4,1,3
3/8/2015 10:00,8,2,6
3/8/2015 11:00,16,6,10
3/8/2015 12:00,22,11,11
3/8/2015 13:00,29,11,18
3/8/2015 14:00,32,17,15
3/8/2015 15:00,33,16,17
3/8/2015 16:00,35,19,16
3/8/2015 17:00,11,8,3
3/8/2015 18:00,6,4,2
3/8/2015 19:00,7,4,3
3/8/2015 20:00,0,0,0
3/8/2015 21:00,2,1,1
3/8/2015 22:00,3,2,1
3/8/2015 23:00,0,0,0
3/9/2015 0:00,0,0,0
3/9/2015 1:00,1,0,1
3/9/2015 2:00,0,0,0
3/9/2015 3:00,0,0,0
3/9/2015 4:00,0,0,0
3/9/2015 5:00,1,0,1
3/9/2015 6:00,2,1,1
3/9/2015 7:00,8,7,1
3/9/2015 8:00,8,1,7
3/9/2015 9:00,10,5,5
3/9/2015 10:00,4,1,3
3/9/2015 11:00,7,2,5
3/9/2015 12:00,7,1,6
3/9/2015 13:00,1,1,0
3/9/2015 14:00,8,3,5
3/9/2015 15:00,9,6,3
3/9/2015 16:00,12,7,5
3/9/2015 17:00,17,5,12
3/9/2015 18:00,8,5,3
3/9/2015 19:00,22,16,6
3/9/2015 20:00,3,1,2
3/9/2015 21:00,5,3,2
3/9/2015 22:00,0,0,0
3/9/2015 23:00,5,5,0
3/10/2015 0:00,1,0,1
3/10/2015 1:00,1,1,0
3/10/2015 2:00,0,0,0
3/10/2015 3:00,0,0,0
3/10/2015 4:00,0,0,0
3/10/2015 5:00,0,0,0
3/10/2015 6:00,7,5,2
3/10/2015 7:00,3,3,0
3/10/2015 8:00,16,9,7
3/10/2015 9:00,22,10,12
3/10/2015 10:00,3,2,1
3/10/2015 11:00,8,3,5
3/10/2015 12:00,13,8,5
3/10/2015 13:00,10,8,2
3/10/2015 14:00,7,4,3
3/10/2015 15:00,8,7,1
3/10/2015 16:00,5,2,3
3/10/2015 17:00,21,10,11
3/10/2015 18:00,17,8,9
3/10/2015 19:00,6,2,4
3/10/2015 20:00,5,0,5
3/10/2015 21:00,8,8,0
3/10/2015 22:00,3,1,2
3/10/2015 23:00,2,0,2
3/11/2015 0:00,1,0,1
3/11/2015 1:00,1,0,1
3/11/2015 2:00,0,0,0
3/11/2015 3:00,0,0,0
3/11/2015 4:00,0,0,0
3/11/2015 5:00,0,0,0
3/11/2015 6:00,2,0,2
3/11/2015 7:00,4,3,1
3/11/2015 8:00,6,4,2
3/11/2015 9:00,15,6,9
3/11/2015 10:00,2,0,2
3/11/2015 11:00,4,4,0
3/11/2015 12:00,5,3,2
3/11/2015 13:00,15,9,6
3/11/2015 14:00,14,7,7
3/11/2015 15:00,3,0,3
3/11/2015 16:00,5,3,2
3/11/2015 17:00,15,11,4
3/11/2015 18:00,8,6,2
3/11/2015 19:00,14,6,8
3/11/2015 20:00,3,2,1
3/11/2015 21:00,6,4,2
3/11/2015 22:00,2,2,0
3/11/2015 23:00,1,1,0
3/12/2015 0:00,0,0,0
3/12/2015 1:00,2,0,2
3/12/2015 2:00,0,0,0
3/12/2015 3:00,0,0,0
3/12/2015 4:00,0,0,0
3/12/2015 5:00,3,3,0
3/12/2015 6:00,7,6,1
3/12/2015 7:00,2,2,0
3/12/2015 8:00,10,5,5
3/12/2015 9:00,8,3,5
3/12/2015 10:00,9,6,3
3/12/2015 11:00,8,6,2
3/12/2015 12:00,8,3,5
3/12/2015 13:00,10,8,2
3/12/2015 14:00,4,1,3
3/12/2015 15:00,8,6,2
3/12/2015 16:00,14,12,2
3/12/2015 17:00,22,11,11
3/12/2015 18:00,13,4,9
3/12/2015 19:00,10,6,4
3/12/2015 20:00,10,5,5
3/12/2015 21:00,5,3,2
3/12/2015 22:00,3,3,0
3/12/2015 23:00,1,1,0
3/13/2015 0:00,2,2,0
3/13/2015 1:00,0,0,0
3/13/2015 2:00,0,0,0
3/13/2015 3:00,0,0,0
3/13/2015 4:00,0,0,0
3/13/2015 5:00,1,0,1
3/13/2015 6:00,5,5,0
3/13/2015 7:00,2,1,1
3/13/2015 8:00,15,8,7
3/13/2015 9:00,6,3,3
3/13/2015 10:00,8,4,4
3/13/2015 11:00,4,2,2
3/13/2015 12:00,15,5,10
3/13/2015 13:00,10,5,5
3/13/2015 14:00,16,10,6
3/13/2015 15:00,8,2,6
3/13/2015 16:00,14,8,6
3/13/2015 17:00,17,6,11
3/13/2015 18:00,8,4,4
3/13/2015 19:00,6,3,3
3/13/2015 20:00,4,2,2
3/13/2015 21:00,4,1,3
3/13/2015 22:00,4,3,1
3/13/2015 23:00,1,1,0
3/14/2015 0:00,0,0,0
3/14/2015 1:00,0,0,0
3/14/2015 2:00,0,0,0
3/14/2015 3:00,0,0,0
3/14/2015 4:00,0,0,0
3/14/2015 5:00,1,1,0
3/14/2015 6:00,3,2,1
3/14/2015 7:00,1,1,0
3/14/2015 8:00,2,1,1
3/14/2015 9:00,3,3,0
3/14/2015 10:00,5,3,2
3/14/2015 11:00,10,6,4
3/14/2015 12:00,4,4,0
3/14/2015 13:00,17,6,11
3/14/2015 14:00,11,7,4
3/14/2015 15:00,9,3,6
3/14/2015 16:00,9,5,4
3/14/2015 17:00,11,5,6
3/14/2015 18:00,11,5,6
3/14/2015 19:00,9,4,5
3/14/2015 20:00,5,5,0
3/14/2015 21:00,3,2,1
3/14/2015 22:00,2,2,0
3/14/2015 23:00,1,0,1
3/15/2015 0:00,0,0,0
3/15/2015 1:00,0,0,0
3/15/2015 2:00,1,1,0
3/15/2015 3:00,0,0,0
3/15/2015 4:00,0,0,0
3/15/2015 5:00,0,0,0
3/15/2015 6:00,0,0,0
3/15/2015 7:00,0,0,0
3/15/2015 8:00,1,0,1
3/15/2015 9:00,4,2,2
3/15/2015 10:00,2,1,1
3/15/2015 11:00,0,0,0
3/15/2015 12:00,3,2,1
3/15/2015 13:00,14,6,8
3/15/2015 14:00,10,3,7
3/15/2015 15:00,8,1,7
3/15/2015 16:00,3,1,2
3/15/2015 17:00,1,0,1
3/15/2015 18:00,2,2,0
3/15/2015 19:00,4,4,0
3/15/2015 20:00,4,2,2
3/15/2015 21:00,4,2,2
3/15/2015 22:00,2,2,0
3/15/2015 23:00,5,5,0
3/16/2015 0:00,0,0,0
3/16/2015 1:00,0,0,0
3/16/2015 2:00,0,0,0
3/16/2015 3:00,0,0,0
3/16/2015 4:00,0,0,0
3/16/2015 5:00,1,0,1
3/16/2015 6:00,2,0,2
3/16/2015 7:00,4,1,3
3/16/2015 8:00,9,1,8
3/16/2015 9:00,8,2,6
3/16/2015 10:00,6,4,2
3/16/2015 11:00,7,3,4
3/16/2015 12:00,7,4,3
3/16/2015 13:00,3,1,2
3/16/2015 14:00,4,3,1
3/16/2015 15:00,6,3,3
3/16/2015 16:00,13,6,7
3/16/2015 17:00,14,11,3
3/16/2015 18:00,13,3,10
3/16/2015 19:00,11,5,6
3/16/2015 20:00,6,4,2
3/16/2015 21:00,4,3,1
3/16/2015 22:00,2,2,0
3/16/2015 23:00,0,0,0
3/17/2015 0:00,0,0,0
3/17/2015 1:00,0,0,0
3/17/2015 2:00,0,0,0
3/17/2015 3:00,0,0,0
3/17/2015 4:00,0,0,0
3/17/2015 5:00,0,0,0
3/17/2015 6:00,1,0,1
3/17/2015 7:00,6,5,1
3/17/2015 8:00,8,2,6
3/17/2015 9:00,10,5,5
3/17/2015 10:00,7,2,5
3/17/2015 11:00,2,1,1
3/17/2015 12:00,6,5,1
3/17/2015 13:00,12,6,6
3/17/2015 14:00,5,4,1
3/17/2015 15:00,11,4,7
3/17/2015 16:00,11,5,6
3/17/2015 17:00,12,10,2
3/17/2015 18:00,17,4,13
3/17/2015 19:00,7,1,6
3/17/2015 20:00,4,4,0
3/17/2015 21:00,4,4,0
3/17/2015 22:00,2,0,2
3/17/2015 23:00,2,2,0
3/18/2015 0:00,1,0,1
3/18/2015 1:00,1,0,1
3/18/2015 2:00,0,0,0
3/18/2015 3:00,0,0,0
3/18/2015 4:00,0,0,0
3/18/2015 5:00,0,0,0
3/18/2015 6:00,7,6,1
3/18/2015 7:00,5,2,3
3/18/2015 8:00,10,3,7
3/18/2015 9:00,8,2,6
3/18/2015 10:00,4,3,1
3/18/2015 11:00,12,8,4
3/18/2015 12:00,10,5,5
3/18/2015 13:00,13,6,7
3/18/2015 14:00,6,2,4
3/18/2015 15:00,8,4,4
3/18/2015 16:00,13,5,8
3/18/2015 17:00,28,16,12
3/18/2015 18:00,13,6,7
3/18/2015 19:00,10,8,2
3/18/2015 20:00,7,3,4
3/18/2015 21:00,0,0,0
3/18/2015 22:00,1,1,0
3/18/2015 23:00,1,0,1
3/19/2015 0:00,0,0,0
3/19/2015 1:00,0,0,0
3/19/2015 2:00,0,0,0
3/19/2015 3:00,0,0,0
3/19/2015 4:00,0,0,0
3/19/2015 5:00,1,1,0
3/19/2015 6:00,5,2,3
3/19/2015 7:00,4,3,1
3/19/2015 8:00,8,2,6
3/19/2015 9:00,5,4,1
3/19/2015 10:00,5,3,2
3/19/2015 11:00,5,2,3
3/19/2015 12:00,9,5,4
3/19/2015 13:00,10,8,2
3/19/2015 14:00,8,5,3
3/19/2015 15:00,3,2,1
3/19/2015 16:00,10,7,3
3/19/2015 17:00,17,9,8
3/19/2015 18:00,6,4,2
3/19/2015 19:00,12,5,7
3/19/2015 20:00,7,4,3
3/19/2015 21:00,8,5,3
3/19/2015 22:00,0,0,0
3/19/2015 23:00,3,2,1
3/20/2015 0:00,2,1,1
3/20/2015 1:00,0,0,0
3/20/2015 2:00,0,0,0
3/20/2015 3:00,0,0,0
3/20/2015 4:00,0,0,0
3/20/2015 5:00,1,0,1
3/20/2015 6:00,2,2,0
3/20/2015 7:00,3,3,0
3/20/2015 8:00,7,4,3
3/20/2015 9:00,12,2,10
3/20/2015 10:00,6,3,3
3/20/2015 11:00,6,4,2
3/20/2015 12:00,16,9,7
3/20/2015 13:00,5,2,3
3/20/2015 14:00,4,2,2
3/20/2015 15:00,4,2,2
3/20/2015 16:00,9,7,2
3/20/2015 17:00,6,2,4
3/20/2015 18:00,11,1,10
3/20/2015 19:00,0,0,0
3/20/2015 20:00,2,0,2
3/20/2015 21:00,0,0,0
3/20/2015 22:00,3,2,1
3/20/2015 23:00,0,0,0
3/21/2015 0:00,0,0,0
3/21/2015 1:00,0,0,0
3/21/2015 2:00,1,0,1
3/21/2015 3:00,0,0,0
3/21/2015 4:00,0,0,0
3/21/2015 5:00,0,0,0
3/21/2015 6:00,1,0,1
3/21/2015 7:00,0,0,0
3/21/2015 8:00,2,0,2
3/21/2015 9:00,7,4,3
3/21/2015 10:00,11,3,8
3/21/2015 11:00,44,10,34
3/21/2015 12:00,12,3,9
3/21/2015 13:00,16,10,6
3/21/2015 14:00,19,10,9
3/21/2015 15:00,22,9,13
3/21/2015 16:00,14,7,7
3/21/2015 17:00,17,5,12
3/21/2015 18:00,13,8,5
3/21/2015 19:00,8,5,3
3/21/2015 20:00,5,3,2
3/21/2015 21:00,6,5,1
3/21/2015 22:00,1,0,1
3/21/2015 23:00,0,0,0
3/22/2015 0:00,1,0,1
3/22/2015 1:00,1,1,0
3/22/2015 2:00,0,0,0
3/22/2015 3:00,0,0,0
3/22/2015 4:00,0,0,0
3/22/2015 5:00,0,0,0
3/22/2015 6:00,0,0,0
3/22/2015 7:00,0,0,0
3/22/2015 8:00,6,1,5
3/22/2015 9:00,3,2,1
3/22/2015 10:00,10,4,6
3/22/2015 11:00,6,1,5
3/22/2015 12:00,8,2,6
3/22/2015 13:00,15,8,7
3/22/2015 14:00,3,1,2
3/22/2015 15:00,6,2,4
3/22/2015 16:00,13,5,8
3/22/2015 17:00,7,2,5
3/22/2015 18:00,5,1,4
3/22/2015 19:00,1,1,0
3/22/2015 20:00,3,3,0
3/22/2015 21:00,2,2,0
3/22/2015 22:00,1,1,0
3/22/2015 23:00,1,1,0
3/23/2015 0:00,0,0,0
3/23/2015 1:00,0,0,0
3/23/2015 2:00,0,0,0
3/23/2015 3:00,0,0,0
3/23/2015 4:00,0,0,0
3/23/2015 5:00,0,0,0
3/23/2015 6:00,0,0,0
3/23/2015 7:00,7,3,4
3/23/2015 8:00,2,0,2
3/23/2015 9:00,7,1,6
3/23/2015 10:00,7,4,3
3/23/2015 11:00,5,3,2
3/23/2015 12:00,4,2,2
3/23/2015 13:00,6,3,3
3/23/2015 14:00,3,2,1
3/23/2015 15:00,3,1,2
3/23/2015 16:00,12,4,8
3/23/2015 17:00,14,7,7
3/23/2015 18:00,7,0,7
3/23/2015 19:00,3,3,0
3/23/2015 20:00,1,1,0
3/23/2015 21:00,3,3,0
3/23/2015 22:00,2,2,0
3/23/2015 23:00,3,1,2
3/24/2015 0:00,3,2,1
3/24/2015 1:00,1,1,0
3/24/2015 2:00,1,0,1
3/24/2015 3:00,0,0,0
3/24/2015 4:00,0,0,0
3/24/2015 5:00,0,0,0
3/24/2015 6:00,3,2,1
3/24/2015 7:00,3,0,3
3/24/2015 8:00,11,3,8
3/24/2015 9:00,9,1,8
3/24/2015 10:00,11,4,7
3/24/2015 11:00,8,4,4
3/24/2015 12:00,8,7,1
3/24/2015 13:00,5,4,1
3/24/2015 14:00,8,5,3
3/24/2015 15:00,7,5,2
3/24/2015 16:00,10,5,5
3/24/2015 17:00,14,5,9
3/24/2015 18:00,15,6,9
3/24/2015 19:00,9,1,8
3/24/2015 20:00,4,2,2
3/24/2015 21:00,2,1,1
3/24/2015 22:00,4,3,1
3/24/2015 23:00,1,1,0
3/25/2015 0:00,3,1,2
3/25/2015 1:00,0,0,0
3/25/2015 2:00,0,0,0
3/25/2015 3:00,0,0,0
3/25/2015 4:00,0,0,0
3/25/2015 5:00,1,0,1
3/25/2015 6:00,1,0,1
3/25/2015 7:00,8,5,3
3/25/2015 8:00,3,3,0
3/25/2015 9:00,9,2,7
3/25/2015 10:00,13,8,5
3/25/2015 11:00,8,2,6
3/25/2015 12:00,8,6,2
3/25/2015 13:00,8,6,2
3/25/2015 14:00,4,3,1
3/25/2015 15:00,8,6,2
3/25/2015 16:00,7,6,1
3/25/2015 17:00,9,2,7
3/25/2015 18:00,15,4,11
3/25/2015 19:00,8,5,3
3/25/2015 20:00,2,0,2
3/25/2015 21:00,8,5,3
3/25/2015 22:00,1,0,1
3/25/2015 23:00,2,1,1
3/26/2015 0:00,0,0,0
3/26/2015 1:00,0,0,0
3/26/2015 2:00,0,0,0
3/26/2015 3:00,0,0,0
3/26/2015 4:00,0,0,0
3/26/2015 5:00,0,0,0
3/26/2015 6:00,8,5,3
3/26/2015 7:00,8,4,4
3/26/2015 8:00,9,2,7
3/26/2015 9:00,8,4,4
3/26/2015 10:00,10,3,7
3/26/2015 11:00,4,4,0
3/26/2015 12:00,14,8,6
3/26/2015 13:00,11,10,1
3/26/2015 14:00,9,7,2
3/26/2015 15:00,11,7,4
3/26/2015 16:00,19,10,9
3/26/2015 17:00,15,9,6
3/26/2015 18:00,18,7,11
3/26/2015 19:00,9,8,1
3/26/2015 20:00,8,5,3
3/26/2015 21:00,5,0,5
3/26/2015 22:00,2,0,2
3/26/2015 23:00,6,6,0
3/27/2015 0:00,0,0,0
3/27/2015 1:00,0,0,0
3/27/2015 2:00,0,0,0
3/27/2015 3:00,0,0,0
3/27/2015 4:00,0,0,0
3/27/2015 5:00,0,0,0
3/27/2015 6:00,0,0,0
3/27/2015 7:00,4,2,2
3/27/2015 8:00,13,9,4
3/27/2015 9:00,12,2,10
3/27/2015 10:00,7,3,4
3/27/2015 11:00,12,9,3
3/27/2015 12:00,11,4,7
3/27/2015 13:00,8,3,5
3/27/2015 14:00,11,7,4
3/27/2015 15:00,11,5,6
3/27/2015 16:00,15,6,9
3/27/2015 17:00,18,11,7
3/27/2015 18:00,18,8,10
3/27/2015 19:00,15,7,8
3/27/2015 20:00,5,1,4
3/27/2015 21:00,9,7,2
3/27/2015 22:00,0,0,0
3/27/2015 23:00,2,0,2
3/28/2015 0:00,2,2,0
3/28/2015 1:00,0,0,0
3/28/2015 2:00,0,0,0
3/28/2015 3:00,0,0,0
3/28/2015 4:00,0,0,0
3/28/2015 5:00,0,0,0
3/28/2015 6:00,2,2,0
3/28/2015 7:00,0,0,0
3/28/2015 8:00,6,1,5
3/28/2015 9:00,8,4,4
3/28/2015 10:00,10,3,7
3/28/2015 11:00,16,9,7
3/28/2015 12:00,24,18,6
3/28/2015 13:00,24,3,21
3/28/2015 14:00,8,4,4
3/28/2015 15:00,17,9,8
3/28/2015 16:00,18,11,7
3/28/2015 17:00,16,8,8
3/28/2015 18:00,9,6,3
3/28/2015 19:00,4,3,1
3/28/2015 20:00,9,6,3
3/28/2015 21:00,3,1,2
3/28/2015 22:00,1,0,1
3/28/2015 23:00,5,2,3
3/29/2015 0:00,0,0,0
3/29/2015 1:00,0,0,0
3/29/2015 2:00,0,0,0
3/29/2015 3:00,0,0,0
3/29/2015 4:00,0,0,0
3/29/2015 5:00,0,0,0
3/29/2015 6:00,0,0,0
3/29/2015 7:00,0,0,0
3/29/2015 8:00,3,1,2
3/29/2015 9:00,6,3,3
3/29/2015 10:00,4,0,4
3/29/2015 11:00,10,4,6
3/29/2015 12:00,16,10,6
3/29/2015 13:00,10,4,6
3/29/2015 14:00,10,4,6
3/29/2015 15:00,10,4,6
3/29/2015 16:00,9,4,5
3/29/2015 17:00,13,8,5
3/29/2015 18:00,2,2,0
3/29/2015 19:00,7,5,2
3/29/2015 20:00,8,8,0
3/29/2015 21:00,2,1,1
3/29/2015 22:00,0,0,0
3/29/2015 23:00,1,1,0
3/30/2015 0:00,0,0,0
3/30/2015 1:00,0,0,0
3/30/2015 2:00,0,0,0
3/30/2015 3:00,0,0,0
3/30/2015 4:00,1,0,1
3/30/2015 5:00,0,0,0
3/30/2015 6:00,4,2,2
3/30/2015 7:00,10,7,3
3/30/2015 8:00,10,0,10
3/30/2015 9:00,10,6,4
3/30/2015 10:00,6,2,4
3/30/2015 11:00,7,4,3
3/30/2015 12:00,6,3,3
3/30/2015 13:00,11,6,5
3/30/2015 14:00,7,1,6
3/30/2015 15:00,14,7,7
3/30/2015 16:00,18,9,9
3/30/2015 17:00,15,6,9
3/30/2015 18:00,17,8,9
3/30/2015 19:00,8,7,1
3/30/2015 20:00,7,2,5
3/30/2015 21:00,1,1,0
3/30/2015 22:00,3,2,1
3/30/2015 23:00,2,1,1
3/31/2015 0:00,0,0,0
3/31/2015 1:00,1,0,1
3/31/2015 2:00,0,0,0
3/31/2015 3:00,0,0,0
3/31/2015 4:00,1,0,1
3/31/2015 5:00,2,2,0
3/31/2015 6:00,2,1,1
3/31/2015 7:00,3,2,1
3/31/2015 8:00,6,2,4
3/31/2015 9:00,5,4,1
3/31/2015 10:00,3,0,3
3/31/2015 11:00,6,2,4
3/31/2015 12:00,3,2,1
3/31/2015 13:00,6,3,3
3/31/2015 14:00,11,4,7
3/31/2015 15:00,10,4,6
3/31/2015 16:00,6,5,1
3/31/2015 17:00,6,5,1
3/31/2015 18:00,3,1,2
3/31/2015 19:00,10,4,6
3/31/2015 20:00,3,3,0
3/31/2015 21:00,1,1,0
3/31/2015 22:00,1,0,1
3/31/2015 23:00,3,2,1
4/1/2015 0:00,5,5,0
4/1/2015 1:00,0,0,0
4/1/2015 2:00,0,0,0
4/1/2015 3:00,0,0,0
4/1/2015 4:00,1,0,1
4/1/2015 5:00,1,0,1
4/1/2015 6:00,0,0,0
4/1/2015 7:00,9,6,3
4/1/2015 8:00,8,4,4
4/1/2015 9:00,9,3,6
4/1/2015 10:00,7,4,3
4/1/2015 11:00,4,2,2
4/1/2015 12:00,10,4,6
4/1/2015 13:00,10,6,4
4/1/2015 14:00,7,3,4
4/1/2015 15:00,6,4,2
4/1/2015 16:00,6,3,3
4/1/2015 17:00,18,11,7
4/1/2015 18:00,13,4,9
4/1/2015 19:00,5,4,1
4/1/2015 20:00,2,1,1
4/1/2015 21:00,1,0,1
4/1/2015 22:00,4,1,3
4/1/2015 23:00,1,1,0
4/2/2015 0:00,0,0,0
4/2/2015 1:00,1,0,1
4/2/2015 2:00,0,0,0
4/2/2015 3:00,0,0,0
4/2/2015 4:00,1,0,1
4/2/2015 5:00,1,0,1
4/2/2015 6:00,1,0,1
4/2/2015 7:00,5,2,3
4/2/2015 8:00,5,1,4
4/2/2015 9:00,3,1,2
4/2/2015 10:00,3,3,0
4/2/2015 11:00,4,2,2
4/2/2015 12:00,5,3,2
4/2/2015 13:00,8,2,6
4/2/2015 14:00,3,1,2
4/2/2015 15:00,7,2,5
4/2/2015 16:00,23,10,13
4/2/2015 17:00,20,8,12
4/2/2015 18:00,23,11,12
4/2/2015 19:00,12,9,3
4/2/2015 20:00,3,3,0
4/2/2015 21:00,3,1,2
4/2/2015 22:00,2,1,1
4/2/2015 23:00,3,2,1
4/3/2015 0:00,0,0,0
4/3/2015 1:00,0,0,0
4/3/2015 2:00,0,0,0
4/3/2015 3:00,0,0,0
4/3/2015 4:00,0,0,0
4/3/2015 5:00,1,0,1
4/3/2015 6:00,1,0,1
4/3/2015 7:00,4,2,2
4/3/2015 8:00,12,4,8
4/3/2015 9:00,12,9,3
4/3/2015 10:00,6,4,2
4/3/2015 11:00,9,8,1
4/3/2015 12:00,5,2,3
4/3/2015 13:00,11,6,5
4/3/2015 14:00,5,1,4
4/3/2015 15:00,5,5,0
4/3/2015 16:00,2,1,1
4/3/2015 17:00,17,8,9
4/3/2015 18:00,8,5,3
4/3/2015 19:00,5,1,4
4/3/2015 20:00,1,0,1
4/3/2015 21:00,2,0,2
4/3/2015 22:00,2,2,0
4/3/2015 23:00,1,0,1
4/4/2015 0:00,0,0,0
4/4/2015 1:00,0,0,0
4/4/2015 2:00,1,1,0
4/4/2015 3:00,0,0,0
4/4/2015 4:00,0,0,0
4/4/2015 5:00,0,0,0
4/4/2015 6:00,1,0,1
4/4/2015 7:00,0,0,0
4/4/2015 8:00,4,0,4
4/4/2015 9:00,6,1,5
4/4/2015 10:00,9,4,5
4/4/2015 11:00,9,5,4
4/4/2015 12:00,9,5,4
4/4/2015 13:00,27,21,6
4/4/2015 14:00,14,10,4
4/4/2015 15:00,11,7,4
4/4/2015 16:00,16,8,8
4/4/2015 17:00,18,6,12
4/4/2015 18:00,12,9,3
4/4/2015 19:00,15,7,8
4/4/2015 20:00,4,1,3
4/4/2015 21:00,5,3,2
4/4/2015 22:00,2,1,1
4/4/2015 23:00,1,1,0
4/5/2015 0:00,2,2,0
4/5/2015 1:00,2,0,2
4/5/2015 2:00,0,0,0
4/5/2015 3:00,1,1,0
4/5/2015 4:00,1,0,1
4/5/2015 5:00,1,0,1
4/5/2015 6:00,2,1,1
4/5/2015 7:00,1,0,1
4/5/2015 8:00,2,0,2
4/5/2015 9:00,10,1,9
4/5/2015 10:00,16,10,6
4/5/2015 11:00,13,8,5
4/5/2015 12:00,22,5,17
4/5/2015 13:00,11,3,8
4/5/2015 14:00,22,19,3
4/5/2015 15:00,18,12,6
4/5/2015 16:00,8,5,3
4/5/2015 17:00,20,12,8
4/5/2015 18:00,7,7,0
4/5/2015 19:00,7,0,7
4/5/2015 20:00,8,5,3
4/5/2015 21:00,0,0,0
4/5/2015 22:00,0,0,0
4/5/2015 23:00,0,0,0
4/6/2015 0:00,0,0,0
4/6/2015 1:00,0,0,0
4/6/2015 2:00,0,0,0
4/6/2015 3:00,0,0,0
4/6/2015 4:00,0,0,0
4/6/2015 5:00,1,0,1
4/6/2015 6:00,4,0,4
4/6/2015 7:00,8,3,5
4/6/2015 8:00,12,7,5
4/6/2015 9:00,10,7,3
4/6/2015 10:00,10,3,7
4/6/2015 11:00,4,2,2
4/6/2015 12:00,15,8,7
4/6/2015 13:00,8,4,4
4/6/2015 14:00,10,6,4
4/6/2015 15:00,9,6,3
4/6/2015 16:00,11,7,4
4/6/2015 17:00,20,11,9
4/6/2015 18:00,11,6,5
4/6/2015 19:00,8,4,4
4/6/2015 20:00,7,6,1
4/6/2015 21:00,8,4,4
4/6/2015 22:00,2,2,0
4/6/2015 23:00,0,0,0
4/7/2015 0:00,2,2,0
4/7/2015 1:00,2,0,2
4/7/2015 2:00,0,0,0
4/7/2015 3:00,1,1,0
4/7/2015 4:00,1,0,1
4/7/2015 5:00,0,0,0
4/7/2015 6:00,1,0,1
4/7/2015 7:00,3,3,0
4/7/2015 8:00,7,3,4
4/7/2015 9:00,10,5,5
4/7/2015 10:00,6,6,0
4/7/2015 11:00,3,2,1
4/7/2015 12:00,9,8,1
4/7/2015 13:00,9,5,4
4/7/2015 14:00,6,4,2
4/7/2015 15:00,6,4,2
4/7/2015 16:00,3,2,1
4/7/2015 17:00,21,10,11
4/7/2015 18:00,11,3,8
4/7/2015 19:00,15,1,14
4/7/2015 20:00,2,0,2
4/7/2015 21:00,7,6,1
4/7/2015 22:00,1,1,0
4/7/2015 23:00,2,2,0
4/8/2015 0:00,1,0,1
4/8/2015 1:00,0,0,0
4/8/2015 2:00,0,0,0
4/8/2015 3:00,0,0,0
4/8/2015 4:00,0,0,0
4/8/2015 5:00,0,0,0
4/8/2015 6:00,2,0,2
4/8/2015 7:00,6,3,3
4/8/2015 8:00,13,4,9
4/8/2015 9:00,7,2,5
4/8/2015 10:00,5,4,1
4/8/2015 11:00,5,3,2
4/8/2015 12:00,5,3,2
4/8/2015 13:00,11,5,6
4/8/2015 14:00,6,3,3
4/8/2015 15:00,4,2,2
4/8/2015 16:00,12,4,8
4/8/2015 17:00,19,7,12
4/8/2015 18:00,26,12,14
4/8/2015 19:00,13,8,5
4/8/2015 20:00,16,9,7
4/8/2015 21:00,2,2,0
4/8/2015 22:00,3,2,1
4/8/2015 23:00,1,1,0
4/9/2015 0:00,0,0,0
4/9/2015 1:00,0,0,0
4/9/2015 2:00,0,0,0
4/9/2015 3:00,0,0,0
4/9/2015 4:00,1,0,1
4/9/2015 5:00,2,2,0
4/9/2015 6:00,3,0,3
4/9/2015 7:00,8,3,5
4/9/2015 8:00,13,8,5
4/9/2015 9:00,6,2,4
4/9/2015 10:00,9,4,5
4/9/2015 11:00,4,2,2
4/9/2015 12:00,7,3,4
4/9/2015 13:00,10,5,5
4/9/2015 14:00,9,8,1
4/9/2015 15:00,12,3,9
4/9/2015 16:00,14,5,9
4/9/2015 17:00,27,17,10
4/9/2015 18:00,23,8,15
4/9/2015 19:00,11,11,0
4/9/2015 20:00,6,4,2
4/9/2015 21:00,4,4,0
4/9/2015 22:00,2,0,2
4/9/2015 23:00,2,2,0
4/10/2015 0:00,0,0,0
4/10/2015 1:00,0,0,0
4/10/2015 2:00,2,2,0
4/10/2015 3:00,0,0,0
4/10/2015 4:00,0,0,0
4/10/2015 5:00,1,0,1
4/10/2015 6:00,1,0,1
4/10/2015 7:00,9,8,1
4/10/2015 8:00,6,0,6
4/10/2015 9:00,12,6,6
4/10/2015 10:00,6,2,4
4/10/2015 11:00,13,3,10
4/10/2015 12:00,10,4,6
4/10/2015 13:00,5,4,1
4/10/2015 14:00,9,5,4
4/10/2015 15:00,7,5,2
4/10/2015 16:00,6,5,1
4/10/2015 17:00,13,5,8
4/10/2015 18:00,5,2,3
4/10/2015 19:00,3,2,1
4/10/2015 20:00,1,1,0
4/10/2015 21:00,2,0,2
4/10/2015 22:00,0,0,0
4/10/2015 23:00,3,2,1
4/11/2015 0:00,0,0,0
4/11/2015 1:00,0,0,0
4/11/2015 2:00,0,0,0
4/11/2015 3:00,0,0,0
4/11/2015 4:00,0,0,0
4/11/2015 5:00,0,0,0
4/11/2015 6:00,0,0,0
4/11/2015 7:00,0,0,0
4/11/2015 8:00,0,0,0
4/11/2015 9:00,0,0,0
4/11/2015 10:00,0,0,0
4/11/2015 11:00,0,0,0
4/11/2015 12:00,0,0,0
4/11/2015 13:00,0,0,0
4/11/2015 14:00,0,0,0
4/11/2015 15:00,0,0,0
4/11/2015 16:00,0,0,0
4/11/2015 17:00,0,0,0
4/11/2015 18:00,0,0,0
4/11/2015 19:00,0,0,0
4/11/2015 20:00,0,0,0
4/11/2015 21:00,0,0,0
4/11/2015 22:00,0,0,0
4/11/2015 23:00,0,0,0
4/12/2015 0:00,0,0,0
4/12/2015 1:00,0,0,0
4/12/2015 2:00,0,0,0
4/12/2015 3:00,0,0,0
4/12/2015 4:00,0,0,0
4/12/2015 5:00,0,0,0
4/12/2015 6:00,0,0,0
4/12/2015 7:00,0,0,0
4/12/2015 8:00,0,0,0
4/12/2015 9:00,0,0,0
4/12/2015 10:00,0,0,0
4/12/2015 11:00,0,0,0
4/12/2015 12:00,0,0,0
4/12/2015 13:00,0,0,0
4/12/2015 14:00,0,0,0
4/12/2015 15:00,0,0,0
4/12/2015 16:00,0,0,0
4/12/2015 17:00,0,0,0
4/12/2015 18:00,0,0,0
4/12/2015 19:00,0,0,0
4/12/2015 20:00,0,0,0
4/12/2015 21:00,0,0,0
4/12/2015 22:00,0,0,0
4/12/2015 23:00,0,0,0
4/13/2015 0:00,0,0,0
4/13/2015 1:00,0,0,0
4/13/2015 2:00,0,0,0
4/13/2015 3:00,0,0,0
4/13/2015 4:00,0,0,0
4/13/2015 5:00,0,0,0
4/13/2015 6:00,0,0,0
4/13/2015 7:00,4,3,1
4/13/2015 8:00,6,3,3
4/13/2015 9:00,7,2,5
4/13/2015 10:00,1,0,1
4/13/2015 11:00,5,1,4
4/13/2015 12:00,6,4,2
4/13/2015 13:00,7,5,2
4/13/2015 14:00,6,4,2
4/13/2015 15:00,1,0,1
4/13/2015 16:00,3,3,0
4/13/2015 17:00,16,9,7
4/13/2015 18:00,4,1,3
4/13/2015 19:00,2,2,0
4/13/2015 20:00,0,0,0
4/13/2015 21:00,0,0,0
4/13/2015 22:00,0,0,0
4/13/2015 23:00,0,0,0
4/14/2015 0:00,0,0,0
4/14/2015 1:00,0,0,0
4/14/2015 2:00,0,0,0
4/14/2015 3:00,0,0,0
4/14/2015 4:00,0,0,0
4/14/2015 5:00,0,0,0
4/14/2015 6:00,0,0,0
4/14/2015 7:00,2,1,1
4/14/2015 8:00,10,4,6
4/14/2015 9:00,6,3,3
4/14/2015 10:00,2,0,2
4/14/2015 11:00,12,4,8
4/14/2015 12:00,13,7,6
4/14/2015 13:00,5,4,1
4/14/2015 14:00,11,6,5
4/14/2015 15:00,7,2,5
4/14/2015 16:00,2,1,1
4/14/2015 17:00,17,12,5
4/14/2015 18:00,11,4,7
4/14/2015 19:00,5,2,3
4/14/2015 20:00,4,3,1
4/14/2015 21:00,6,5,1
4/14/2015 22:00,1,1,0
4/14/2015 23:00,2,2,0
4/15/2015 0:00,0,0,0
4/15/2015 1:00,1,1,0
4/15/2015 2:00,0,0,0
4/15/2015 3:00,0,0,0
4/15/2015 4:00,0,0,0
4/15/2015 5:00,0,0,0
4/15/2015 6:00,1,0,1
4/15/2015 7:00,6,4,2
4/15/2015 8:00,10,5,5
4/15/2015 9:00,7,3,4
4/15/2015 10:00,2,2,0
4/15/2015 11:00,10,5,5
4/15/2015 12:00,7,5,2
4/15/2015 13:00,13,6,7
4/15/2015 14:00,3,2,1
4/15/2015 15:00,6,2,4
4/15/2015 16:00,14,10,4
4/15/2015 17:00,6,3,3
4/15/2015 18:00,0,0,0
4/15/2015 19:00,0,0,0
4/15/2015 20:00,0,0,0
4/15/2015 21:00,0,0,0
4/15/2015 22:00,0,0,0
4/15/2015 23:00,0,0,0
4/16/2015 0:00,0,0,0
4/16/2015 1:00,0,0,0
4/16/2015 2:00,0,0,0
4/16/2015 3:00,0,0,0
4/16/2015 4:00,0,0,0
4/16/2015 5:00,0,0,0
4/16/2015 6:00,0,0,0
4/16/2015 7:00,5,3,2
4/16/2015 8:00,4,1,3
4/16/2015 9:00,18,6,12
4/16/2015 10:00,7,4,3
4/16/2015 11:00,7,4,3
4/16/2015 12:00,7,4,3
4/16/2015 13:00,20,12,8
4/16/2015 14:00,7,2,5
4/16/2015 15:00,9,5,4
4/16/2015 16:00,12,8,4
4/16/2015 17:00,14,8,6
4/16/2015 18:00,17,10,7
4/16/2015 19:00,10,3,7
4/16/2015 20:00,3,1,2
4/16/2015 21:00,1,0,1
4/16/2015 22:00,2,2,0
4/16/2015 23:00,3,3,0
4/17/2015 0:00,4,1,3
4/17/2015 1:00,0,0,0
4/17/2015 2:00,1,0,1
4/17/2015 3:00,0,0,0
4/17/2015 4:00,0,0,0
4/17/2015 5:00,1,0,1
4/17/2015 6:00,2,2,0
4/17/2015 7:00,7,3,4
4/17/2015 8:00,3,1,2
4/17/2015 9:00,5,1,4
4/17/2015 10:00,2,0,2
4/17/2015 11:00,13,6,7
4/17/2015 12:00,18,10,8
4/17/2015 13:00,6,1,5
4/17/2015 14:00,13,8,5
4/17/2015 15:00,5,4,1
4/17/2015 16:00,15,5,10
4/17/2015 17:00,12,10,2
4/17/2015 18:00,12,3,9
4/17/2015 19:00,13,6,7
4/17/2015 20:00,0,0,0
4/17/2015 21:00,2,0,2
4/17/2015 22:00,2,1,1
4/17/2015 23:00,1,0,1
4/18/2015 0:00,3,2,1
4/18/2015 1:00,2,1,1
4/18/2015 2:00,1,0,1
4/18/2015 3:00,0,0,0
4/18/2015 4:00,2,1,1
4/18/2015 5:00,0,0,0
4/18/2015 6:00,0,0,0
4/18/2015 7:00,1,1,0
4/18/2015 8:00,2,1,1
4/18/2015 9:00,8,3,5
4/18/2015 10:00,8,2,6
4/18/2015 11:00,21,6,15
4/18/2015 12:00,19,6,13
4/18/2015 13:00,15,4,11
4/18/2015 14:00,15,12,3
4/18/2015 15:00,13,3,10
4/18/2015 16:00,22,14,8
4/18/2015 17:00,10,9,1
4/18/2015 18:00,0,0,0
4/18/2015 19:00,0,0,0
4/18/2015 20:00,0,0,0
4/18/2015 21:00,0,0,0
4/18/2015 22:00,0,0,0
4/18/2015 23:00,0,0,0
4/19/2015 0:00,0,0,0
4/19/2015 1:00,0,0,0
4/19/2015 2:00,0,0,0
4/19/2015 3:00,0,0,0
4/19/2015 4:00,0,0,0
4/19/2015 5:00,0,0,0
4/19/2015 6:00,0,0,0
4/19/2015 7:00,1,0,1
4/19/2015 8:00,3,1,2
4/19/2015 9:00,8,3,5
4/19/2015 10:00,11,7,4
4/19/2015 11:00,22,4,18
4/19/2015 12:00,14,4,10
4/19/2015 13:00,0,0,0
4/19/2015 14:00,14,6,8
4/19/2015 15:00,17,8,9
4/19/2015 16:00,20,13,7
4/19/2015 17:00,12,5,7
4/19/2015 18:00,10,4,6
4/19/2015 19:00,18,10,8
4/19/2015 20:00,2,0,2
4/19/2015 21:00,0,0,0
4/19/2015 22:00,0,0,0
4/19/2015 23:00,0,0,0
4/20/2015 0:00,0,0,0
4/20/2015 1:00,4,0,4
4/20/2015 2:00,0,0,0
4/20/2015 3:00,0,0,0
4/20/2015 4:00,0,0,0
4/20/2015 5:00,0,0,0
4/20/2015 6:00,2,1,1
4/20/2015 7:00,6,0,6
4/20/2015 8:00,12,4,8
4/20/2015 9:00,8,3,5
4/20/2015 10:00,5,4,1
4/20/2015 11:00,7,4,3
4/20/2015 12:00,11,8,3
4/20/2015 13:00,15,10,5
4/20/2015 14:00,21,6,15
4/20/2015 15:00,12,7,5
4/20/2015 16:00,17,10,7
4/20/2015 17:00,22,9,13
4/20/2015 18:00,14,9,5
4/20/2015 19:00,12,5,7
4/20/2015 20:00,7,4,3
4/20/2015 21:00,5,2,3
4/20/2015 22:00,3,2,1
4/20/2015 23:00,0,0,0
4/21/2015 0:00,2,2,0
4/21/2015 1:00,0,0,0
4/21/2015 2:00,0,0,0
4/21/2015 3:00,0,0,0
4/21/2015 4:00,1,0,1
4/21/2015 5:00,0,0,0
4/21/2015 6:00,1,1,0
4/21/2015 7:00,8,7,1
4/21/2015 8:00,9,3,6
4/21/2015 9:00,13,4,9
4/21/2015 10:00,7,6,1
4/21/2015 11:00,11,3,8
4/21/2015 12:00,6,5,1
4/21/2015 13:00,18,9,9
4/21/2015 14:00,3,0,3
4/21/2015 15:00,12,7,5
4/21/2015 16:00,17,11,6
4/21/2015 17:00,9,4,5
4/21/2015 18:00,8,1,7
4/21/2015 19:00,3,2,1
4/21/2015 20:00,3,3,0
4/21/2015 21:00,6,5,1
4/21/2015 22:00,4,2,2
4/21/2015 23:00,0,0,0
4/22/2015 0:00,1,0,1
4/22/2015 1:00,0,0,0
4/22/2015 2:00,2,2,0
4/22/2015 3:00,0,0,0
4/22/2015 4:00,0,0,0
4/22/2015 5:00,0,0,0
4/22/2015 6:00,1,0,1
4/22/2015 7:00,4,2,2
4/22/2015 8:00,7,2,5
4/22/2015 9:00,19,8,11
4/22/2015 10:00,9,5,4
4/22/2015 11:00,7,3,4
4/22/2015 12:00,11,8,3
4/22/2015 13:00,8,4,4
4/22/2015 14:00,6,3,3
4/22/2015 15:00,5,4,1
4/22/2015 16:00,16,9,7
4/22/2015 17:00,13,3,10
4/22/2015 18:00,16,8,8
4/22/2015 19:00,1,0,1
4/22/2015 20:00,7,4,3
4/22/2015 21:00,0,0,0
4/22/2015 22:00,2,1,1
4/22/2015 23:00,0,0,0
4/23/2015 0:00,2,1,1
4/23/2015 1:00,0,0,0
4/23/2015 2:00,0,0,0
4/23/2015 3:00,0,0,0
4/23/2015 4:00,0,0,0
4/23/2015 5:00,1,0,1
4/23/2015 6:00,2,0,2
4/23/2015 7:00,4,4,0
4/23/2015 8:00,11,3,8
4/23/2015 9:00,3,1,2
4/23/2015 10:00,6,3,3
4/23/2015 11:00,7,3,4
4/23/2015 12:00,9,6,3
4/23/2015 13:00,3,1,2
4/23/2015 14:00,3,1,2
4/23/2015 15:00,9,5,4
4/23/2015 16:00,2,2,0
4/23/2015 17:00,7,1,6
4/23/2015 18:00,12,8,4
4/23/2015 19:00,6,1,5
4/23/2015 20:00,4,2,2
4/23/2015 21:00,1,1,0
4/23/2015 22:00,0,0,0
4/23/2015 23:00,1,1,0
4/24/2015 0:00,0,0,0
4/24/2015 1:00,0,0,0
4/24/2015 2:00,0,0,0
4/24/2015 3:00,0,0,0
4/24/2015 4:00,0,0,0
4/24/2015 5:00,1,1,0
4/24/2015 6:00,4,0,4
4/24/2015 7:00,2,2,0
4/24/2015 8:00,6,0,6
4/24/2015 9:00,12,2,10
4/24/2015 10:00,4,0,4
4/24/2015 11:00,2,2,0
4/24/2015 12:00,7,4,3
4/24/2015 13:00,8,5,3
4/24/2015 14:00,7,4,3
4/24/2015 15:00,1,1,0
4/24/2015 16:00,9,2,7
4/24/2015 17:00,3,1,2
4/24/2015 18:00,15,14,1
4/24/2015 19:00,0,0,0
4/24/2015 20:00,0,0,0
4/24/2015 21:00,0,0,0
4/24/2015 22:00,0,0,0
4/24/2015 23:00,0,0,0
4/25/2015 0:00,0,0,0
4/25/2015 1:00,0,0,0
4/25/2015 2:00,0,0,0
4/25/2015 3:00,0,0,0
4/25/2015 4:00,0,0,0
4/25/2015 5:00,0,0,0
4/25/2015 6:00,0,0,0
4/25/2015 7:00,0,0,0
4/25/2015 8:00,0,0,0
4/25/2015 9:00,0,0,0
4/25/2015 10:00,0,0,0
4/25/2015 11:00,4,0,4
4/25/2015 12:00,15,3,12
4/25/2015 13:00,15,11,4
4/25/2015 14:00,10,3,7
4/25/2015 15:00,8,3,5
4/25/2015 16:00,7,4,3
4/25/2015 17:00,13,5,8
4/25/2015 18:00,7,3,4
4/25/2015 19:00,9,3,6
4/25/2015 20:00,3,2,1
4/25/2015 21:00,2,2,0
4/25/2015 22:00,1,1,0
4/25/2015 23:00,3,3,0
4/26/2015 0:00,5,3,2
4/26/2015 1:00,2,1,1
4/26/2015 2:00,1,0,1
4/26/2015 3:00,0,0,0
4/26/2015 4:00,0,0,0
4/26/2015 5:00,0,0,0
4/26/2015 6:00,0,0,0
4/26/2015 7:00,1,0,1
4/26/2015 8:00,1,0,1
4/26/2015 9:00,7,5,2
4/26/2015 10:00,11,5,6
4/26/2015 11:00,12,4,8
4/26/2015 12:00,17,8,9
4/26/2015 13:00,12,4,8
4/26/2015 14:00,9,5,4
4/26/2015 15:00,18,6,12
4/26/2015 16:00,11,6,5
4/26/2015 17:00,9,3,6
4/26/2015 18:00,10,5,5
4/26/2015 19:00,11,4,7
4/26/2015 20:00,1,0,1
4/26/2015 21:00,4,1,3
4/26/2015 22:00,1,1,0
4/26/2015 23:00,0,0,0
4/27/2015 0:00,0,0,0
4/27/2015 1:00,0,0,0
4/27/2015 2:00,0,0,0
4/27/2015 3:00,0,0,0
4/27/2015 4:00,0,0,0
4/27/2015 5:00,3,1,2
4/27/2015 6:00,2,1,1
4/27/2015 7:00,6,2,4
4/27/2015 8:00,7,1,6
4/27/2015 9:00,8,3,5
4/27/2015 10:00,9,6,3
4/27/2015 11:00,4,2,2
4/27/2015 12:00,14,6,8
4/27/2015 13:00,14,9,5
4/27/2015 14:00,12,11,1
4/27/2015 15:00,10,2,8
4/27/2015 16:00,9,3,6
4/27/2015 17:00,19,11,8
4/27/2015 18:00,21,12,9
4/27/2015 19:00,19,14,5
4/27/2015 20:00,18,16,2
4/27/2015 21:00,3,3,0
4/27/2015 22:00,0,0,0
4/27/2015 23:00,0,0,0
4/28/2015 0:00,3,2,1
4/28/2015 1:00,0,0,0
4/28/2015 2:00,1,0,1
4/28/2015 3:00,0,0,0
4/28/2015 4:00,0,0,0
4/28/2015 5:00,1,0,1
4/28/2015 6:00,3,2,1
4/28/2015 7:00,6,6,0
4/28/2015 8:00,13,5,8
4/28/2015 9:00,11,4,7
4/28/2015 10:00,5,4,1
4/28/2015 11:00,6,0,6
4/28/2015 12:00,1,1,0
4/28/2015 13:00,10,5,5
4/28/2015 14:00,14,9,5
4/28/2015 15:00,8,7,1
4/28/2015 16:00,10,5,5
4/28/2015 17:00,12,9,3
4/28/2015 18:00,7,4,3
4/28/2015 19:00,6,5,1
4/28/2015 20:00,4,1,3
4/28/2015 21:00,5,5,0
4/28/2015 22:00,1,0,1
4/28/2015 23:00,0,0,0
4/29/2015 0:00,2,1,1
4/29/2015 1:00,0,0,0
4/29/2015 2:00,0,0,0
4/29/2015 3:00,0,0,0
4/29/2015 4:00,0,0,0
4/29/2015 5:00,1,0,1
4/29/2015 6:00,0,0,0
4/29/2015 7:00,7,5,2
4/29/2015 8:00,14,6,8
4/29/2015 9:00,13,4,9
4/29/2015 10:00,9,3,6
4/29/2015 11:00,13,5,8
4/29/2015 12:00,10,5,5
4/29/2015 13:00,14,8,6
4/29/2015 14:00,12,2,10
4/29/2015 15:00,8,7,1
4/29/2015 16:00,12,5,7
4/29/2015 17:00,12,4,8
4/29/2015 18:00,14,5,9
4/29/2015 19:00,19,8,11
4/29/2015 20:00,7,6,1
4/29/2015 21:00,8,5,3
4/29/2015 22:00,0,0,0
4/29/2015 23:00,1,0,1
4/30/2015 0:00,0,0,0
4/30/2015 1:00,0,0,0
4/30/2015 2:00,0,0,0
4/30/2015 3:00,0,0,0
4/30/2015 4:00,0,0,0
4/30/2015 5:00,1,0,1
4/30/2015 6:00,0,0,0
4/30/2015 7:00,5,5,0
4/30/2015 8:00,10,5,5
4/30/2015 9:00,3,2,1
4/30/2015 10:00,3,3,0
4/30/2015 11:00,10,3,7
4/30/2015 12:00,19,11,8
4/30/2015 13:00,8,5,3
4/30/2015 14:00,2,1,1
4/30/2015 15:00,9,3,6
4/30/2015 16:00,9,7,2
4/30/2015 17:00,22,9,13
4/30/2015 18:00,13,6,7
4/30/2015 19:00,7,2,5
4/30/2015 20:00,6,4,2
4/30/2015 21:00,4,4,0
4/30/2015 22:00,5,4,1
4/30/2015 23:00,0,0,0
5/1/2015 0:00,2,1,1
5/1/2015 1:00,1,0,1
5/1/2015 2:00,0,0,0
5/1/2015 3:00,1,0,1
5/1/2015 4:00,0,0,0
5/1/2015 5:00,0,0,0
5/1/2015 6:00,3,1,2
5/1/2015 7:00,12,9,3
5/1/2015 8:00,11,4,7
5/1/2015 9:00,11,8,3
5/1/2015 10:00,9,3,6
5/1/2015 11:00,7,2,5
5/1/2015 12:00,8,4,4
5/1/2015 13:00,7,5,2
5/1/2015 14:00,11,5,6
5/1/2015 15:00,22,6,16
5/1/2015 16:00,30,21,9
5/1/2015 17:00,21,9,12
5/1/2015 18:00,10,6,4
5/1/2015 19:00,11,7,4
5/1/2015 20:00,8,1,7
5/1/2015 21:00,4,3,1
5/1/2015 22:00,3,2,1
5/1/2015 23:00,2,2,0
5/2/2015 0:00,0,0,0
5/2/2015 1:00,1,1,0
5/2/2015 2:00,0,0,0
5/2/2015 3:00,0,0,0
5/2/2015 4:00,0,0,0
5/2/2015 5:00,0,0,0
5/2/2015 6:00,0,0,0
5/2/2015 7:00,0,0,0
5/2/2015 8:00,6,4,2
5/2/2015 9:00,8,4,4
5/2/2015 10:00,17,9,8
5/2/2015 11:00,21,13,8
5/2/2015 12:00,37,18,19
5/2/2015 13:00,20,10,10
5/2/2015 14:00,23,21,2
5/2/2015 15:00,19,9,10
5/2/2015 16:00,17,10,7
5/2/2015 17:00,14,11,3
5/2/2015 18:00,22,10,12
5/2/2015 19:00,9,2,7
5/2/2015 20:00,7,2,5
5/2/2015 21:00,5,3,2
5/2/2015 22:00,5,3,2
5/2/2015 23:00,4,2,2
5/3/2015 0:00,2,2,0
5/3/2015 1:00,2,1,1
5/3/2015 2:00,0,0,0
5/3/2015 3:00,0,0,0
5/3/2015 4:00,0,0,0
5/3/2015 5:00,0,0,0
5/3/2015 6:00,0,0,0
5/3/2015 7:00,0,0,0
5/3/2015 8:00,4,0,4
5/3/2015 9:00,7,4,3
5/3/2015 10:00,16,8,8
5/3/2015 11:00,12,5,7
5/3/2015 12:00,28,20,8
5/3/2015 13:00,0,0,0
5/3/2015 14:00,0,0,0
5/3/2015 15:00,23,14,9
5/3/2015 16:00,16,11,5
5/3/2015 17:00,22,17,5
5/3/2015 18:00,9,5,4
5/3/2015 19:00,6,4,2
5/3/2015 20:00,4,4,0
5/3/2015 21:00,0,0,0
5/3/2015 22:00,1,1,0
5/3/2015 23:00,2,2,0
5/4/2015 0:00,0,0,0
5/4/2015 1:00,2,2,0
5/4/2015 2:00,1,0,1
5/4/2015 3:00,0,0,0
5/4/2015 4:00,0,0,0
5/4/2015 5:00,1,0,1
5/4/2015 6:00,6,1,5
5/4/2015 7:00,11,7,4
5/4/2015 8:00,16,8,8
5/4/2015 9:00,12,4,8
5/4/2015 10:00,6,0,6
5/4/2015 11:00,7,3,4
5/4/2015 12:00,8,3,5
5/4/2015 13:00,13,8,5
5/4/2015 14:00,7,5,2
5/4/2015 15:00,9,3,6
5/4/2015 16:00,14,9,5
5/4/2015 17:00,19,11,8
5/4/2015 18:00,8,5,3
5/4/2015 19:00,19,11,8
5/4/2015 20:00,6,4,2
5/4/2015 21:00,5,3,2
5/4/2015 22:00,4,4,0
5/4/2015 23:00,1,0,1
5/5/2015 0:00,1,1,0
5/5/2015 1:00,0,0,0
5/5/2015 2:00,0,0,0
5/5/2015 3:00,0,0,0
5/5/2015 4:00,0,0,0
5/5/2015 5:00,1,0,1
5/5/2015 6:00,6,2,4
5/5/2015 7:00,4,4,0
5/5/2015 8:00,19,11,8
5/5/2015 9:00,3,1,2
5/5/2015 10:00,6,3,3
5/5/2015 11:00,4,1,3
5/5/2015 12:00,13,3,10
5/5/2015 13:00,4,2,2
5/5/2015 14:00,7,3,4
5/5/2015 15:00,7,5,2
5/5/2015 16:00,3,2,1
5/5/2015 17:00,6,3,3
5/5/2015 18:00,11,7,4
5/5/2015 19:00,6,4,2
5/5/2015 20:00,1,1,0
5/5/2015 21:00,0,0,0
5/5/2015 22:00,0,0,0
5/5/2015 23:00,0,0,0
5/6/2015 0:00,0,0,0
5/6/2015 1:00,0,0,0
5/6/2015 2:00,0,0,0
5/6/2015 3:00,0,0,0
5/6/2015 4:00,0,0,0
5/6/2015 5:00,0,0,0
5/6/2015 6:00,2,1,1
5/6/2015 7:00,11,7,4
5/6/2015 8:00,25,12,13
5/6/2015 9:00,9,4,5
5/6/2015 10:00,6,2,4
5/6/2015 11:00,9,5,4
5/6/2015 12:00,10,6,4
5/6/2015 13:00,7,3,4
5/6/2015 14:00,11,3,8
5/6/2015 15:00,17,9,8
5/6/2015 16:00,14,7,7
5/6/2015 17:00,24,10,14
5/6/2015 18:00,22,13,9
5/6/2015 19:00,10,6,4
5/6/2015 20:00,7,6,1
5/6/2015 21:00,3,3,0
5/6/2015 22:00,3,1,2
5/6/2015 23:00,1,0,1
5/7/2015 0:00,0,0,0
5/7/2015 1:00,1,0,1
5/7/2015 2:00,0,0,0
5/7/2015 3:00,0,0,0
5/7/2015 4:00,0,0,0
5/7/2015 5:00,0,0,0
5/7/2015 6:00,4,0,4
5/7/2015 7:00,6,5,1
5/7/2015 8:00,16,9,7
5/7/2015 9:00,14,9,5
5/7/2015 10:00,4,2,2
5/7/2015 11:00,10,5,5
5/7/2015 12:00,8,2,6
5/7/2015 13:00,5,3,2
5/7/2015 14:00,13,8,5
5/7/2015 15:00,14,9,5
5/7/2015 16:00,9,6,3
5/7/2015 17:00,17,9,8
5/7/2015 18:00,28,12,16
5/7/2015 19:00,18,10,8
5/7/2015 20:00,7,4,3
5/7/2015 21:00,7,5,2
5/7/2015 22:00,2,0,2
5/7/2015 23:00,1,0,1
5/8/2015 0:00,1,1,0
5/8/2015 1:00,0,0,0
5/8/2015 2:00,0,0,0
5/8/2015 3:00,0,0,0
5/8/2015 4:00,0,0,0
5/8/2015 5:00,1,0,1
5/8/2015 6:00,1,0,1
5/8/2015 7:00,5,3,2
5/8/2015 8:00,8,5,3
5/8/2015 9:00,11,6,5
5/8/2015 10:00,13,4,9
5/8/2015 11:00,5,3,2
5/8/2015 12:00,16,6,10
5/8/2015 13:00,8,7,1
5/8/2015 14:00,14,6,8
5/8/2015 15:00,27,13,14
5/8/2015 16:00,19,8,11
5/8/2015 17:00,25,9,16
5/8/2015 18:00,13,10,3
5/8/2015 19:00,10,3,7
5/8/2015 20:00,8,7,1
5/8/2015 21:00,3,3,0
5/8/2015 22:00,3,2,1
5/8/2015 23:00,0,0,0
5/9/2015 0:00,3,3,0
5/9/2015 1:00,0,0,0
5/9/2015 2:00,2,2,0
5/9/2015 3:00,0,0,0
5/9/2015 4:00,0,0,0
5/9/2015 5:00,0,0,0
5/9/2015 6:00,0,0,0
5/9/2015 7:00,2,0,2
5/9/2015 8:00,8,3,5
5/9/2015 9:00,18,8,10
5/9/2015 10:00,10,5,5
5/9/2015 11:00,17,8,9
5/9/2015 12:00,23,12,11
5/9/2015 13:00,12,6,6
5/9/2015 14:00,25,10,15
5/9/2015 15:00,20,16,4
5/9/2015 16:00,26,12,14
5/9/2015 17:00,22,17,5
5/9/2015 18:00,9,4,5
5/9/2015 19:00,12,5,7
5/9/2015 20:00,5,5,0
5/9/2015 21:00,2,1,1
5/9/2015 22:00,5,5,0
5/9/2015 23:00,3,3,0
5/10/2015 0:00,4,3,1
5/10/2015 1:00,1,0,1
5/10/2015 2:00,0,0,0
5/10/2015 3:00,0,0,0
5/10/2015 4:00,0,0,0
5/10/2015 5:00,1,1,0
5/10/2015 6:00,0,0,0
5/10/2015 7:00,2,2,0
5/10/2015 8:00,3,0,3
5/10/2015 9:00,10,5,5
5/10/2015 10:00,14,5,9
5/10/2015 11:00,21,9,12
5/10/2015 12:00,22,10,12
5/10/2015 13:00,32,19,13
5/10/2015 14:00,39,24,15
5/10/2015 15:00,24,13,11
5/10/2015 16:00,15,9,6
5/10/2015 17:00,18,11,7
5/10/2015 18:00,17,13,4
5/10/2015 19:00,9,5,4
5/10/2015 20:00,1,0,1
5/10/2015 21:00,4,2,2
5/10/2015 22:00,3,2,1
5/10/2015 23:00,0,0,0
5/11/2015 0:00,1,0,1
5/11/2015 1:00,0,0,0
5/11/2015 2:00,0,0,0
5/11/2015 3:00,0,0,0
5/11/2015 4:00,0,0,0
5/11/2015 5:00,0,0,0
5/11/2015 6:00,4,1,3
5/11/2015 7:00,5,2,3
5/11/2015 8:00,8,4,4
5/11/2015 9:00,7,3,4
5/11/2015 10:00,7,2,5
5/11/2015 11:00,2,2,0
5/11/2015 12:00,5,3,2
5/11/2015 13:00,2,0,2
5/11/2015 14:00,10,6,4
5/11/2015 15:00,5,2,3
5/11/2015 16:00,16,11,5
5/11/2015 17:00,11,7,4
5/11/2015 18:00,6,5,1
5/11/2015 19:00,12,7,5
5/11/2015 20:00,2,1,1
5/11/2015 21:00,3,3,0
5/11/2015 22:00,1,0,1
5/11/2015 23:00,1,0,1
5/12/2015 0:00,1,0,1
5/12/2015 1:00,1,0,1
5/12/2015 2:00,0,0,0
5/12/2015 3:00,0,0,0
5/12/2015 4:00,0,0,0
5/12/2015 5:00,1,0,1
5/12/2015 6:00,1,0,1
5/12/2015 7:00,12,8,4
5/12/2015 8:00,9,4,5
5/12/2015 9:00,6,4,2
5/12/2015 10:00,5,1,4
5/12/2015 11:00,2,1,1
5/12/2015 12:00,5,2,3
5/12/2015 13:00,3,1,2
5/12/2015 14:00,5,3,2
5/12/2015 15:00,2,2,0
5/12/2015 16:00,8,2,6
5/12/2015 17:00,16,10,6
5/12/2015 18:00,12,4,8
5/12/2015 19:00,9,5,4
5/12/2015 20:00,4,3,1
5/12/2015 21:00,8,7,1
5/12/2015 22:00,2,2,0
5/12/2015 23:00,0,0,0
5/13/2015 0:00,1,0,1
5/13/2015 1:00,0,0,0
5/13/2015 2:00,0,0,0
5/13/2015 3:00,0,0,0
5/13/2015 4:00,0,0,0
5/13/2015 5:00,1,0,1
5/13/2015 6:00,4,3,1
5/13/2015 7:00,6,1,5
5/13/2015 8:00,6,3,3
5/13/2015 9:00,9,4,5
5/13/2015 10:00,4,1,3
5/13/2015 11:00,3,1,2
5/13/2015 12:00,8,4,4
5/13/2015 13:00,4,3,1
5/13/2015 14:00,6,3,3
5/13/2015 15:00,5,5,0
5/13/2015 16:00,3,3,0
5/13/2015 17:00,2,2,0
5/13/2015 18:00,16,7,9
5/13/2015 19:00,6,3,3
5/13/2015 20:00,1,1,0
5/13/2015 21:00,3,2,1
5/13/2015 22:00,1,1,0
5/13/2015 23:00,0,0,0
5/14/2015 0:00,0,0,0
5/14/2015 1:00,0,0,0
5/14/2015 2:00,0,0,0
5/14/2015 3:00,0,0,0
5/14/2015 4:00,0,0,0
5/14/2015 5:00,1,0,1
5/14/2015 6:00,2,0,2
5/14/2015 7:00,7,4,3
5/14/2015 8:00,7,1,6
5/14/2015 9:00,11,7,4
5/14/2015 10:00,7,3,4
5/14/2015 11:00,3,2,1
5/14/2015 12:00,9,5,4
5/14/2015 13:00,7,3,4
5/14/2015 14:00,6,2,4
5/14/2015 15:00,4,2,2
5/14/2015 16:00,14,8,6
5/14/2015 17:00,24,12,12
5/14/2015 18:00,20,9,11
5/14/2015 19:00,10,7,3
5/14/2015 20:00,9,6,3
5/14/2015 21:00,3,1,2
5/14/2015 22:00,3,3,0
5/14/2015 23:00,0,0,0
5/15/2015 0:00,1,0,1
5/15/2015 1:00,0,0,0
5/15/2015 2:00,0,0,0
5/15/2015 3:00,0,0,0
5/15/2015 4:00,0,0,0
5/15/2015 5:00,2,1,1
5/15/2015 6:00,5,4,1
5/15/2015 7:00,11,5,6
5/15/2015 8:00,12,8,4
5/15/2015 9:00,9,3,6
5/15/2015 10:00,2,1,1
5/15/2015 11:00,1,1,0
5/15/2015 12:00,14,11,3
5/15/2015 13:00,6,5,1
5/15/2015 14:00,13,8,5
5/15/2015 15:00,19,11,8
5/15/2015 16:00,17,11,6
5/15/2015 17:00,18,12,6
5/15/2015 18:00,0,0,0
5/15/2015 19:00,0,0,0
5/15/2015 20:00,0,0,0
5/15/2015 21:00,0,0,0
5/15/2015 22:00,0,0,0
5/15/2015 23:00,0,0,0
5/16/2015 0:00,0,0,0
5/16/2015 1:00,0,0,0
5/16/2015 2:00,0,0,0
5/16/2015 3:00,0,0,0
5/16/2015 4:00,0,0,0
5/16/2015 5:00,0,0,0
5/16/2015 6:00,0,0,0
5/16/2015 7:00,0,0,0
5/16/2015 8:00,0,0,0
5/16/2015 9:00,0,0,0
5/16/2015 10:00,0,0,0
5/16/2015 11:00,0,0,0
5/16/2015 12:00,0,0,0
5/16/2015 13:00,0,0,0
5/16/2015 14:00,0,0,0
5/16/2015 15:00,0,0,0
5/16/2015 16:00,0,0,0
5/16/2015 17:00,0,0,0
5/16/2015 18:00,0,0,0
5/16/2015 19:00,0,0,0
5/16/2015 20:00,0,0,0
5/16/2015 21:00,0,0,0
5/16/2015 22:00,0,0,0
5/16/2015 23:00,0,0,0
5/17/2015 0:00,0,0,0
5/17/2015 1:00,0,0,0
5/17/2015 2:00,0,0,0
5/17/2015 3:00,0,0,0
5/17/2015 4:00,0,0,0
5/17/2015 5:00,0,0,0
5/17/2015 6:00,0,0,0
5/17/2015 7:00,1,0,1
5/17/2015 8:00,3,1,2
5/17/2015 9:00,12,3,9
5/17/2015 10:00,4,3,1
5/17/2015 11:00,22,11,11
5/17/2015 12:00,10,3,7
5/17/2015 13:00,28,8,20
5/17/2015 14:00,32,12,20
5/17/2015 15:00,37,9,28
5/17/2015 16:00,10,3,7
5/17/2015 17:00,24,16,8
5/17/2015 18:00,29,20,9
5/17/2015 19:00,6,2,4
5/17/2015 20:00,5,5,0
5/17/2015 21:00,0,0,0
5/17/2015 22:00,0,0,0
5/17/2015 23:00,1,0,1
5/18/2015 0:00,0,0,0
5/18/2015 1:00,0,0,0
5/18/2015 2:00,0,0,0
5/18/2015 3:00,0,0,0
5/18/2015 4:00,0,0,0
5/18/2015 5:00,2,1,1
5/18/2015 6:00,3,1,2
5/18/2015 7:00,15,10,5
5/18/2015 8:00,14,8,6
5/18/2015 9:00,8,2,6
5/18/2015 10:00,6,1,5
5/18/2015 11:00,5,3,2
5/18/2015 12:00,8,5,3
5/18/2015 13:00,11,4,7
5/18/2015 14:00,15,9,6
5/18/2015 15:00,13,7,6
5/18/2015 16:00,23,13,10
5/18/2015 17:00,30,14,16
5/18/2015 18:00,17,10,7
5/18/2015 19:00,14,11,3
5/18/2015 20:00,11,5,6
5/18/2015 21:00,5,4,1
5/18/2015 22:00,1,1,0
5/18/2015 23:00,2,1,1
5/19/2015 0:00,2,1,1
5/19/2015 1:00,0,0,0
5/19/2015 2:00,1,1,0
5/19/2015 3:00,0,0,0
5/19/2015 4:00,0,0,0
5/19/2015 5:00,1,0,1
5/19/2015 6:00,3,2,1
5/19/2015 7:00,12,7,5
5/19/2015 8:00,11,7,4
5/19/2015 9:00,11,2,9
5/19/2015 10:00,10,5,5
5/19/2015 11:00,2,0,2
5/19/2015 12:00,3,2,1
5/19/2015 13:00,16,8,8
5/19/2015 14:00,10,7,3
5/19/2015 15:00,8,6,2
5/19/2015 16:00,11,7,4
5/19/2015 17:00,21,13,8
5/19/2015 18:00,18,8,10
5/19/2015 19:00,22,8,14
5/19/2015 20:00,12,5,7
5/19/2015 21:00,7,6,1
5/19/2015 22:00,9,6,3
5/19/2015 23:00,0,0,0
5/20/2015 0:00,0,0,0
5/20/2015 1:00,1,0,1
5/20/2015 2:00,0,0,0
5/20/2015 3:00,0,0,0
5/20/2015 4:00,0,0,0
5/20/2015 5:00,0,0,0
5/20/2015 6:00,0,0,0
5/20/2015 7:00,12,9,3
5/20/2015 8:00,12,4,8
5/20/2015 9:00,12,5,7
5/20/2015 10:00,2,0,2
5/20/2015 11:00,7,2,5
5/20/2015 12:00,9,6,3
5/20/2015 13:00,8,3,5
5/20/2015 14:00,13,4,9
5/20/2015 15:00,11,8,3
5/20/2015 16:00,18,8,10
5/20/2015 17:00,29,16,13
5/20/2015 18:00,17,13,4
5/20/2015 19:00,33,25,8
5/20/2015 20:00,17,10,7
5/20/2015 21:00,6,4,2
5/20/2015 22:00,9,7,2
5/20/2015 23:00,1,1,0
5/21/2015 0:00,0,0,0
5/21/2015 1:00,1,0,1
5/21/2015 2:00,0,0,0
5/21/2015 3:00,1,0,1
5/21/2015 4:00,0,0,0
5/21/2015 5:00,2,0,2
5/21/2015 6:00,5,2,3
5/21/2015 7:00,9,5,4
5/21/2015 8:00,15,8,7
5/21/2015 9:00,11,3,8
5/21/2015 10:00,5,3,2
5/21/2015 11:00,13,10,3
5/21/2015 12:00,6,5,1
5/21/2015 13:00,16,10,6
5/21/2015 14:00,10,4,6
5/21/2015 15:00,9,1,8
5/21/2015 16:00,15,9,6
5/21/2015 17:00,27,15,12
5/21/2015 18:00,25,13,12
5/21/2015 19:00,13,8,5
5/21/2015 20:00,7,2,5
5/21/2015 21:00,11,6,5
5/21/2015 22:00,3,3,0
5/21/2015 23:00,3,3,0
5/22/2015 0:00,0,0,0
5/22/2015 1:00,1,0,1
5/22/2015 2:00,3,3,0
5/22/2015 3:00,0,0,0
5/22/2015 4:00,0,0,0
5/22/2015 5:00,3,0,3
5/22/2015 6:00,3,1,2
5/22/2015 7:00,6,3,3
5/22/2015 8:00,8,6,2
5/22/2015 9:00,6,2,4
5/22/2015 10:00,4,1,3
5/22/2015 11:00,5,2,3
5/22/2015 12:00,5,1,4
5/22/2015 13:00,13,9,4
5/22/2015 14:00,8,4,4
5/22/2015 15:00,12,8,4
5/22/2015 16:00,12,8,4
5/22/2015 17:00,18,9,9
5/22/2015 18:00,7,3,4
5/22/2015 19:00,9,7,2
5/22/2015 20:00,11,7,4
5/22/2015 21:00,6,1,5
5/22/2015 22:00,4,2,2
5/22/2015 23:00,2,1,1
5/23/2015 0:00,1,1,0
5/23/2015 1:00,1,1,0
5/23/2015 2:00,0,0,0
5/23/2015 3:00,0,0,0
5/23/2015 4:00,0,0,0
5/23/2015 5:00,0,0,0
5/23/2015 6:00,0,0,0
5/23/2015 7:00,3,0,3
5/23/2015 8:00,3,1,2
5/23/2015 9:00,7,4,3
5/23/2015 10:00,9,5,4
5/23/2015 11:00,5,2,3
5/23/2015 12:00,3,3,0
5/23/2015 13:00,8,5,3
5/23/2015 14:00,7,4,3
5/23/2015 15:00,12,7,5
5/23/2015 16:00,13,5,8
5/23/2015 17:00,5,1,4
5/23/2015 18:00,16,6,10
5/23/2015 19:00,5,0,5
5/23/2015 20:00,5,4,1
5/23/2015 21:00,3,1,2
5/23/2015 22:00,2,1,1
5/23/2015 23:00,3,2,1
5/24/2015 0:00,3,2,1
5/24/2015 1:00,1,1,0
5/24/2015 2:00,1,1,0
5/24/2015 3:00,0,0,0
5/24/2015 4:00,0,0,0
5/24/2015 5:00,0,0,0
5/24/2015 6:00,1,0,1
5/24/2015 7:00,1,1,0
5/24/2015 8:00,3,1,2
5/24/2015 9:00,7,3,4
5/24/2015 10:00,10,6,4
5/24/2015 11:00,11,10,1
5/24/2015 12:00,20,8,12
5/24/2015 13:00,9,4,5
5/24/2015 14:00,18,9,9
5/24/2015 15:00,22,14,8
5/24/2015 16:00,15,8,7
5/24/2015 17:00,12,8,4
5/24/2015 18:00,15,9,6
5/24/2015 19:00,4,1,3
5/24/2015 20:00,4,1,3
5/24/2015 21:00,2,2,0
5/24/2015 22:00,2,0,2
5/24/2015 23:00,6,5,1
5/25/2015 0:00,2,1,1
5/25/2015 1:00,1,0,1
5/25/2015 2:00,0,0,0
5/25/2015 3:00,0,0,0
5/25/2015 4:00,0,0,0
5/25/2015 5:00,0,0,0
5/25/2015 6:00,0,0,0
5/25/2015 7:00,3,3,0
5/25/2015 8:00,0,0,0
5/25/2015 9:00,10,2,8
5/25/2015 10:00,5,1,4
5/25/2015 11:00,17,12,5
5/25/2015 12:00,9,9,0
5/25/2015 13:00,7,3,4
5/25/2015 14:00,11,5,6
5/25/2015 15:00,9,2,7
5/25/2015 16:00,17,6,11
5/25/2015 17:00,7,5,2
5/25/2015 18:00,16,12,4
5/25/2015 19:00,4,4,0
5/25/2015 20:00,2,0,2
5/25/2015 21:00,2,1,1
5/25/2015 22:00,1,0,1
5/25/2015 23:00,1,1,0
5/26/2015 0:00,0,0,0
5/26/2015 1:00,0,0,0
5/26/2015 2:00,0,0,0
5/26/2015 3:00,0,0,0
5/26/2015 4:00,0,0,0
5/26/2015 5:00,1,0,1
5/26/2015 6:00,1,0,1
5/26/2015 7:00,13,8,5
5/26/2015 8:00,19,9,10
5/26/2015 9:00,16,7,9
5/26/2015 10:00,7,2,5
5/26/2015 11:00,6,3,3
5/26/2015 12:00,9,3,6
5/26/2015 13:00,8,6,2
5/26/2015 14:00,7,3,4
5/26/2015 15:00,12,7,5
5/26/2015 16:00,18,9,9
5/26/2015 17:00,23,13,10
5/26/2015 18:00,19,10,9
5/26/2015 19:00,17,9,8
5/26/2015 20:00,9,7,2
5/26/2015 21:00,7,3,4
5/26/2015 22:00,1,0,1
5/26/2015 23:00,5,4,1
5/27/2015 0:00,5,3,2
5/27/2015 1:00,0,0,0
5/27/2015 2:00,1,0,1
5/27/2015 3:00,0,0,0
5/27/2015 4:00,1,0,1
5/27/2015 5:00,0,0,0
5/27/2015 6:00,3,1,2
5/27/2015 7:00,9,3,6
5/27/2015 8:00,23,15,8
5/27/2015 9:00,9,4,5
5/27/2015 10:00,9,2,7
5/27/2015 11:00,6,4,2
5/27/2015 12:00,12,7,5
5/27/2015 13:00,4,2,2
5/27/2015 14:00,13,5,8
5/27/2015 15:00,9,3,6
5/27/2015 16:00,13,8,5
5/27/2015 17:00,34,21,13
5/27/2015 18:00,19,12,7
5/27/2015 19:00,27,15,12
5/27/2015 20:00,7,3,4
5/27/2015 21:00,9,6,3
5/27/2015 22:00,3,3,0
5/27/2015 23:00,1,0,1
5/28/2015 0:00,0,0,0
5/28/2015 1:00,0,0,0
5/28/2015 2:00,0,0,0
5/28/2015 3:00,0,0,0
5/28/2015 4:00,1,0,1
5/28/2015 5:00,0,0,0
5/28/2015 6:00,2,0,2
5/28/2015 7:00,14,8,6
5/28/2015 8:00,16,9,7
5/28/2015 9:00,12,8,4
5/28/2015 10:00,11,3,8
5/28/2015 11:00,8,5,3
5/28/2015 12:00,7,3,4
5/28/2015 13:00,13,8,5
5/28/2015 14:00,9,5,4
5/28/2015 15:00,3,2,1
5/28/2015 16:00,13,4,9
5/28/2015 17:00,12,4,8
5/28/2015 18:00,19,8,11
5/28/2015 19:00,14,6,8
5/28/2015 20:00,11,6,5
5/28/2015 21:00,7,5,2
5/28/2015 22:00,3,1,2
5/28/2015 23:00,1,1,0
5/29/2015 0:00,1,1,0
5/29/2015 1:00,0,0,0
5/29/2015 2:00,0,0,0
5/29/2015 3:00,0,0,0
5/29/2015 4:00,1,0,1
5/29/2015 5:00,3,1,2
5/29/2015 6:00,3,2,1
5/29/2015 7:00,15,7,8
5/29/2015 8:00,12,3,9
5/29/2015 9:00,5,1,4
5/29/2015 10:00,6,1,5
5/29/2015 11:00,10,4,6
5/29/2015 12:00,3,3,0
5/29/2015 13:00,2,2,0
5/29/2015 14:00,15,11,4
5/29/2015 15:00,12,6,6
5/29/2015 16:00,23,11,12
5/29/2015 17:00,24,16,8
5/29/2015 18:00,18,8,10
5/29/2015 19:00,12,8,4
5/29/2015 20:00,19,7,12
5/29/2015 21:00,3,2,1
5/29/2015 22:00,5,0,5
5/29/2015 23:00,4,2,2
5/30/2015 0:00,2,2,0
5/30/2015 1:00,0,0,0
5/30/2015 2:00,0,0,0
5/30/2015 3:00,0,0,0
5/30/2015 4:00,0,0,0
5/30/2015 5:00,0,0,0
5/30/2015 6:00,1,1,0
5/30/2015 7:00,0,0,0
5/30/2015 8:00,2,0,2
5/30/2015 9:00,6,1,5
5/30/2015 10:00,9,5,4
5/30/2015 11:00,9,3,6
5/30/2015 12:00,20,8,12
5/30/2015 13:00,15,9,6
5/30/2015 14:00,38,21,17
5/30/2015 15:00,19,2,17
5/30/2015 16:00,20,12,8
5/30/2015 17:00,24,16,8
5/30/2015 18:00,14,9,5
5/30/2015 19:00,12,7,5
5/30/2015 20:00,10,4,6
5/30/2015 21:00,7,5,2
5/30/2015 22:00,5,1,4
5/30/2015 23:00,4,1,3
5/31/2015 0:00,2,0,2
5/31/2015 1:00,5,4,1
5/31/2015 2:00,0,0,0
5/31/2015 3:00,0,0,0
5/31/2015 4:00,0,0,0
5/31/2015 5:00,2,1,1
5/31/2015 6:00,3,3,0
5/31/2015 7:00,5,1,4
5/31/2015 8:00,5,3,2
5/31/2015 9:00,5,3,2
5/31/2015 10:00,25,11,14
5/31/2015 11:00,36,21,15
5/31/2015 12:00,21,7,14
5/31/2015 13:00,27,20,7
5/31/2015 14:00,15,8,7
5/31/2015 15:00,16,6,10
5/31/2015 16:00,23,18,5
5/31/2015 17:00,23,16,7
5/31/2015 18:00,10,7,3
5/31/2015 19:00,10,6,4
5/31/2015 20:00,6,2,4
5/31/2015 21:00,4,3,1
5/31/2015 22:00,2,1,1
5/31/2015 23:00,1,1,0
6/1/2015 0:00,0,0,0
6/1/2015 1:00,2,0,2
6/1/2015 2:00,0,0,0
6/1/2015 3:00,0,0,0
6/1/2015 4:00,0,0,0
6/1/2015 5:00,1,0,1
6/1/2015 6:00,2,1,1
6/1/2015 7:00,5,2,3
6/1/2015 8:00,9,1,8
6/1/2015 9:00,8,5,3
6/1/2015 10:00,4,1,3
6/1/2015 11:00,1,1,0
6/1/2015 12:00,3,2,1
6/1/2015 13:00,7,5,2
6/1/2015 14:00,8,6,2
6/1/2015 15:00,8,3,5
6/1/2015 16:00,5,5,0
6/1/2015 17:00,6,3,3
6/1/2015 18:00,13,7,6
6/1/2015 19:00,9,4,5
6/1/2015 20:00,7,4,3
6/1/2015 21:00,1,1,0
6/1/2015 22:00,1,1,0
6/1/2015 23:00,0,0,0
6/2/2015 0:00,0,0,0
6/2/2015 1:00,0,0,0
6/2/2015 2:00,0,0,0
6/2/2015 3:00,0,0,0
6/2/2015 4:00,0,0,0
6/2/2015 5:00,1,0,1
6/2/2015 6:00,1,0,1
6/2/2015 7:00,13,9,4
6/2/2015 8:00,6,2,4
6/2/2015 9:00,7,2,5
6/2/2015 10:00,8,2,6
6/2/2015 11:00,7,7,0
6/2/2015 12:00,9,4,5
6/2/2015 13:00,1,0,1
6/2/2015 14:00,5,3,2
6/2/2015 15:00,8,4,4
6/2/2015 16:00,11,4,7
6/2/2015 17:00,10,8,2
6/2/2015 18:00,16,9,7
6/2/2015 19:00,10,1,9
6/2/2015 20:00,5,3,2
6/2/2015 21:00,5,4,1
6/2/2015 22:00,0,0,0
6/2/2015 23:00,0,0,0
6/3/2015 0:00,0,0,0
6/3/2015 1:00,1,0,1
6/3/2015 2:00,1,0,1
6/3/2015 3:00,2,1,1
6/3/2015 4:00,0,0,0
6/3/2015 5:00,1,0,1
6/3/2015 6:00,6,3,3
6/3/2015 7:00,6,2,4
6/3/2015 8:00,8,3,5
6/3/2015 9:00,5,3,2
6/3/2015 10:00,5,4,1
6/3/2015 11:00,8,5,3
6/3/2015 12:00,3,2,1
6/3/2015 13:00,8,5,3
6/3/2015 14:00,14,7,7
6/3/2015 15:00,5,1,4
6/3/2015 16:00,9,7,2
6/3/2015 17:00,22,10,12
6/3/2015 18:00,23,15,8
6/3/2015 19:00,15,8,7
6/3/2015 20:00,7,6,1
6/3/2015 21:00,5,1,4
6/3/2015 22:00,3,2,1
6/3/2015 23:00,0,0,0
6/4/2015 0:00,0,0,0
6/4/2015 1:00,0,0,0
6/4/2015 2:00,0,0,0
6/4/2015 3:00,0,0,0
6/4/2015 4:00,0,0,0
6/4/2015 5:00,1,0,1
6/4/2015 6:00,7,3,4
6/4/2015 7:00,9,3,6
6/4/2015 8:00,11,4,7
6/4/2015 9:00,12,4,8
6/4/2015 10:00,3,2,1
6/4/2015 11:00,4,4,0
6/4/2015 12:00,6,3,3
6/4/2015 13:00,5,2,3
6/4/2015 14:00,14,7,7
6/4/2015 15:00,7,6,1
6/4/2015 16:00,22,13,9
6/4/2015 17:00,21,14,7
6/4/2015 18:00,18,5,13
6/4/2015 19:00,15,10,5
6/4/2015 20:00,9,4,5
6/4/2015 21:00,4,2,2
6/4/2015 22:00,2,2,0
6/4/2015 23:00,9,8,1
6/5/2015 0:00,0,0,0
6/5/2015 1:00,1,1,0
6/5/2015 2:00,0,0,0
6/5/2015 3:00,0,0,0
6/5/2015 4:00,2,2,0
6/5/2015 5:00,4,3,1
6/5/2015 6:00,3,1,2
6/5/2015 7:00,6,4,2
6/5/2015 8:00,22,7,15
6/5/2015 9:00,15,4,11
6/5/2015 10:00,12,6,6
6/5/2015 11:00,17,12,5
6/5/2015 12:00,9,7,2
6/5/2015 13:00,8,3,5
6/5/2015 14:00,12,6,6
6/5/2015 15:00,15,12,3
6/5/2015 16:00,17,9,8
6/5/2015 17:00,18,7,11
6/5/2015 18:00,26,8,18
6/5/2015 19:00,14,10,4
6/5/2015 20:00,11,6,5
6/5/2015 21:00,9,5,4
6/5/2015 22:00,7,3,4
6/5/2015 23:00,1,0,1
6/6/2015 0:00,4,4,0
6/6/2015 1:00,2,1,1
6/6/2015 2:00,1,0,1
6/6/2015 3:00,0,0,0
6/6/2015 4:00,0,0,0
6/6/2015 5:00,0,0,0
6/6/2015 6:00,1,0,1
6/6/2015 7:00,4,2,2
6/6/2015 8:00,8,1,7
6/6/2015 9:00,11,6,5
6/6/2015 10:00,17,6,11
6/6/2015 11:00,21,11,10
6/6/2015 12:00,19,9,10
6/6/2015 13:00,13,3,10
6/6/2015 14:00,23,15,8
6/6/2015 15:00,23,14,9
6/6/2015 16:00,12,8,4
6/6/2015 17:00,15,10,5
6/6/2015 18:00,14,5,9
6/6/2015 19:00,21,15,6
6/6/2015 20:00,8,3,5
6/6/2015 21:00,12,8,4
6/6/2015 22:00,10,4,6
6/6/2015 23:00,3,2,1
6/7/2015 0:00,5,3,2
6/7/2015 1:00,1,1,0
6/7/2015 2:00,1,0,1
6/7/2015 3:00,0,0,0
6/7/2015 4:00,0,0,0
6/7/2015 5:00,0,0,0
6/7/2015 6:00,0,0,0
6/7/2015 7:00,3,0,3
6/7/2015 8:00,8,4,4
6/7/2015 9:00,11,7,4
6/7/2015 10:00,15,4,11
6/7/2015 11:00,28,13,15
6/7/2015 12:00,21,10,11
6/7/2015 13:00,16,5,11
6/7/2015 14:00,17,10,7
6/7/2015 15:00,33,17,16
6/7/2015 16:00,32,19,13
6/7/2015 17:00,16,9,7
6/7/2015 18:00,11,4,7
6/7/2015 19:00,7,4,3
6/7/2015 20:00,8,8,0
6/7/2015 21:00,7,4,3
6/7/2015 22:00,1,1,0
6/7/2015 23:00,1,1,0
6/8/2015 0:00,1,1,0
6/8/2015 1:00,0,0,0
6/8/2015 2:00,0,0,0
6/8/2015 3:00,0,0,0
6/8/2015 4:00,0,0,0
6/8/2015 5:00,1,0,1
6/8/2015 6:00,4,2,2
6/8/2015 7:00,8,5,3
6/8/2015 8:00,16,9,7
6/8/2015 9:00,19,3,16
6/8/2015 10:00,4,1,3
6/8/2015 11:00,13,4,9
6/8/2015 12:00,9,5,4
6/8/2015 13:00,7,2,5
6/8/2015 14:00,10,7,3
6/8/2015 15:00,11,7,4
6/8/2015 16:00,20,8,12
6/8/2015 17:00,30,18,12
6/8/2015 18:00,22,13,9
6/8/2015 19:00,16,9,7
6/8/2015 20:00,7,3,4
6/8/2015 21:00,7,5,2
6/8/2015 22:00,5,3,2
6/8/2015 23:00,2,2,0
6/9/2015 0:00,2,0,2
6/9/2015 1:00,1,0,1
6/9/2015 2:00,0,0,0
6/9/2015 3:00,0,0,0
6/9/2015 4:00,1,0,1
6/9/2015 5:00,1,0,1
6/9/2015 6:00,3,1,2
6/9/2015 7:00,10,8,2
6/9/2015 8:00,10,3,7
6/9/2015 9:00,8,6,2
6/9/2015 10:00,7,4,3
6/9/2015 11:00,10,5,5
6/9/2015 12:00,10,4,6
6/9/2015 13:00,7,3,4
6/9/2015 14:00,18,13,5
6/9/2015 15:00,14,7,7
6/9/2015 16:00,14,8,6
6/9/2015 17:00,22,17,5
6/9/2015 18:00,26,13,13
6/9/2015 19:00,20,9,11
6/9/2015 20:00,9,3,6
6/9/2015 21:00,17,12,5
6/9/2015 22:00,0,0,0
6/9/2015 23:00,0,0,0
6/10/2015 0:00,1,0,1
6/10/2015 1:00,0,0,0
6/10/2015 2:00,0,0,0
6/10/2015 3:00,0,0,0
6/10/2015 4:00,1,0,1
6/10/2015 5:00,1,0,1
6/10/2015 6:00,1,0,1
6/10/2015 7:00,11,5,6
6/10/2015 8:00,14,7,7
6/10/2015 9:00,11,6,5
6/10/2015 10:00,7,4,3
6/10/2015 11:00,9,5,4
6/10/2015 12:00,10,4,6
6/10/2015 13:00,8,5,3
6/10/2015 14:00,9,3,6
6/10/2015 15:00,13,9,4
6/10/2015 16:00,17,13,4
6/10/2015 17:00,18,10,8
6/10/2015 18:00,46,19,27
6/10/2015 19:00,20,12,8
6/10/2015 20:00,23,10,13
6/10/2015 21:00,14,10,4
6/10/2015 22:00,6,6,0
6/10/2015 23:00,4,3,1
6/11/2015 0:00,0,0,0
6/11/2015 1:00,0,0,0
6/11/2015 2:00,0,0,0
6/11/2015 3:00,0,0,0
6/11/2015 4:00,1,0,1
6/11/2015 5:00,2,0,2
6/11/2015 6:00,3,1,2
6/11/2015 7:00,13,7,6
6/11/2015 8:00,10,3,7
6/11/2015 9:00,14,7,7
6/11/2015 10:00,8,5,3
6/11/2015 11:00,9,5,4
6/11/2015 12:00,3,1,2
6/11/2015 13:00,4,4,0
6/11/2015 14:00,9,5,4
6/11/2015 15:00,9,2,7
6/11/2015 16:00,16,8,8
6/11/2015 17:00,20,8,12
6/11/2015 18:00,28,12,16
6/11/2015 19:00,16,5,11
6/11/2015 20:00,12,6,6
6/11/2015 21:00,2,2,0
6/11/2015 22:00,3,3,0
6/11/2015 23:00,4,4,0
6/12/2015 0:00,1,1,0
6/12/2015 1:00,0,0,0
6/12/2015 2:00,1,1,0
6/12/2015 3:00,0,0,0
6/12/2015 4:00,1,0,1
6/12/2015 5:00,2,1,1
6/12/2015 6:00,3,1,2
6/12/2015 7:00,6,3,3
6/12/2015 8:00,21,10,11
6/12/2015 9:00,8,4,4
6/12/2015 10:00,8,5,3
6/12/2015 11:00,6,3,3
6/12/2015 12:00,9,4,5
6/12/2015 13:00,10,7,3
6/12/2015 14:00,9,6,3
6/12/2015 15:00,11,3,8
6/12/2015 16:00,13,5,8
6/12/2015 17:00,12,9,3
6/12/2015 18:00,20,10,10
6/12/2015 19:00,9,7,2
6/12/2015 20:00,8,5,3
6/12/2015 21:00,1,1,0
6/12/2015 22:00,3,3,0
6/12/2015 23:00,3,3,0
6/13/2015 0:00,1,1,0
6/13/2015 1:00,2,1,1
6/13/2015 2:00,0,0,0
6/13/2015 3:00,0,0,0
6/13/2015 4:00,0,0,0
6/13/2015 5:00,0,0,0
6/13/2015 6:00,2,0,2
6/13/2015 7:00,4,1,3
6/13/2015 8:00,4,1,3
6/13/2015 9:00,9,5,4
6/13/2015 10:00,12,6,6
6/13/2015 11:00,18,10,8
6/13/2015 12:00,22,1,21
6/13/2015 13:00,21,13,8
6/13/2015 14:00,23,13,10
6/13/2015 15:00,8,4,4
6/13/2015 16:00,21,17,4
6/13/2015 17:00,18,7,11
6/13/2015 18:00,13,6,7
6/13/2015 19:00,10,4,6
6/13/2015 20:00,9,7,2
6/13/2015 21:00,7,5,2
6/13/2015 22:00,4,4,0
6/13/2015 23:00,1,1,0
6/14/2015 0:00,4,4,0
6/14/2015 1:00,5,5,0
6/14/2015 2:00,0,0,0
6/14/2015 3:00,1,1,0
6/14/2015 4:00,0,0,0
6/14/2015 5:00,2,0,2
6/14/2015 6:00,1,1,0
6/14/2015 7:00,0,0,0
6/14/2015 8:00,10,7,3
6/14/2015 9:00,12,6,6
6/14/2015 10:00,15,6,9
6/14/2015 11:00,18,11,7
6/14/2015 12:00,22,11,11
6/14/2015 13:00,22,9,13
6/14/2015 14:00,17,6,11
6/14/2015 15:00,22,17,5
6/14/2015 16:00,22,8,14
6/14/2015 17:00,15,8,7
6/14/2015 18:00,11,7,4
6/14/2015 19:00,12,7,5
6/14/2015 20:00,8,6,2
6/14/2015 21:00,5,2,3
6/14/2015 22:00,2,2,0
6/14/2015 23:00,1,1,0
6/15/2015 0:00,1,1,0
6/15/2015 1:00,0,0,0
6/15/2015 2:00,1,0,1
6/15/2015 3:00,0,0,0
6/15/2015 4:00,1,0,1
6/15/2015 5:00,2,1,1
6/15/2015 6:00,3,2,1
6/15/2015 7:00,7,2,5
6/15/2015 8:00,15,7,8
6/15/2015 9:00,8,1,7
6/15/2015 10:00,15,10,5
6/15/2015 11:00,5,2,3
6/15/2015 12:00,9,7,2
6/15/2015 13:00,13,7,6
6/15/2015 14:00,14,10,4
6/15/2015 15:00,10,5,5
6/15/2015 16:00,15,6,9
6/15/2015 17:00,25,17,8
6/15/2015 18:00,11,3,8
6/15/2015 19:00,10,2,8
6/15/2015 20:00,6,3,3
6/15/2015 21:00,7,4,3
6/15/2015 22:00,8,6,2
6/15/2015 23:00,1,1,0
6/16/2015 0:00,1,1,0
6/16/2015 1:00,0,0,0
6/16/2015 2:00,1,0,1
6/16/2015 3:00,0,0,0
6/16/2015 4:00,1,0,1
6/16/2015 5:00,1,0,1
6/16/2015 6:00,3,2,1
6/16/2015 7:00,8,5,3
6/16/2015 8:00,15,7,8
6/16/2015 9:00,12,3,9
6/16/2015 10:00,10,4,6
6/16/2015 11:00,7,2,5
6/16/2015 12:00,9,6,3
6/16/2015 13:00,5,3,2
6/16/2015 14:00,7,3,4
6/16/2015 15:00,9,3,6
6/16/2015 16:00,18,12,6
6/16/2015 17:00,15,14,1
6/16/2015 18:00,21,7,14
6/16/2015 19:00,13,10,3
6/16/2015 20:00,10,7,3
6/16/2015 21:00,6,4,2
6/16/2015 22:00,5,3,2
6/16/2015 23:00,3,2,1
6/17/2015 0:00,0,0,0
6/17/2015 1:00,0,0,0
6/17/2015 2:00,1,1,0
6/17/2015 3:00,0,0,0
6/17/2015 4:00,1,0,1
6/17/2015 5:00,2,1,1
6/17/2015 6:00,5,2,3
6/17/2015 7:00,9,4,5
6/17/2015 8:00,9,2,7
6/17/2015 9:00,12,4,8
6/17/2015 10:00,9,7,2
6/17/2015 11:00,10,6,4
6/17/2015 12:00,11,9,2
6/17/2015 13:00,9,3,6
6/17/2015 14:00,11,2,9
6/17/2015 15:00,9,5,4
6/17/2015 16:00,15,10,5
6/17/2015 17:00,21,14,7
6/17/2015 18:00,30,14,16
6/17/2015 19:00,22,6,16
6/17/2015 20:00,6,4,2
6/17/2015 21:00,8,5,3
6/17/2015 22:00,3,2,1
6/17/2015 23:00,2,2,0
6/18/2015 0:00,0,0,0
6/18/2015 1:00,1,1,0
6/18/2015 2:00,2,1,1
6/18/2015 3:00,0,0,0
6/18/2015 4:00,1,0,1
6/18/2015 5:00,2,1,1
6/18/2015 6:00,1,0,1
6/18/2015 7:00,9,6,3
6/18/2015 8:00,7,4,3
6/18/2015 9:00,7,4,3
6/18/2015 10:00,9,5,4
6/18/2015 11:00,7,4,3
6/18/2015 12:00,5,4,1
6/18/2015 13:00,13,6,7
6/18/2015 14:00,5,4,1
6/18/2015 15:00,7,3,4
6/18/2015 16:00,5,3,2
6/18/2015 17:00,25,22,3
6/18/2015 18:00,20,13,7
6/18/2015 19:00,5,3,2
6/18/2015 20:00,8,5,3
6/18/2015 21:00,2,2,0
6/18/2015 22:00,1,1,0
6/18/2015 23:00,1,1,0
6/19/2015 0:00,0,0,0
6/19/2015 1:00,0,0,0
6/19/2015 2:00,2,2,0
6/19/2015 3:00,0,0,0
6/19/2015 4:00,1,0,1
6/19/2015 5:00,2,1,1
6/19/2015 6:00,2,1,1
6/19/2015 7:00,7,4,3
6/19/2015 8:00,13,5,8
6/19/2015 9:00,9,3,6
6/19/2015 10:00,9,5,4
6/19/2015 11:00,12,2,10
6/19/2015 12:00,7,5,2
6/19/2015 13:00,3,1,2
6/19/2015 14:00,13,7,6
6/19/2015 15:00,18,9,9
6/19/2015 16:00,10,5,5
6/19/2015 17:00,13,7,6
6/19/2015 18:00,12,8,4
6/19/2015 19:00,11,2,9
6/19/2015 20:00,10,8,2
6/19/2015 21:00,5,5,0
6/19/2015 22:00,1,1,0
6/19/2015 23:00,2,2,0
6/20/2015 0:00,2,0,2
6/20/2015 1:00,1,1,0
6/20/2015 2:00,0,0,0
6/20/2015 3:00,0,0,0
6/20/2015 4:00,1,0,1
6/20/2015 5:00,0,0,0
6/20/2015 6:00,2,1,1
6/20/2015 7:00,2,1,1
6/20/2015 8:00,7,3,4
6/20/2015 9:00,10,5,5
6/20/2015 10:00,13,5,8
6/20/2015 11:00,7,3,4
6/20/2015 12:00,27,17,10
6/20/2015 13:00,32,23,9
6/20/2015 14:00,36,25,11
6/20/2015 15:00,11,3,8
6/20/2015 16:00,19,5,14
6/20/2015 17:00,13,8,5
6/20/2015 18:00,6,4,2
6/20/2015 19:00,8,6,2
6/20/2015 20:00,10,2,8
6/20/2015 21:00,7,3,4
6/20/2015 22:00,5,2,3
6/20/2015 23:00,4,3,1
6/21/2015 0:00,0,0,0
6/21/2015 1:00,4,1,3
6/21/2015 2:00,1,0,1
6/21/2015 3:00,0,0,0
6/21/2015 4:00,0,0,0
6/21/2015 5:00,0,0,0
6/21/2015 6:00,0,0,0
6/21/2015 7:00,1,1,0
6/21/2015 8:00,3,1,2
6/21/2015 9:00,10,3,7
6/21/2015 10:00,12,6,6
6/21/2015 11:00,12,6,6
6/21/2015 12:00,12,5,7
6/21/2015 13:00,11,6,5
6/21/2015 14:00,9,3,6
6/21/2015 15:00,11,2,9
6/21/2015 16:00,16,12,4
6/21/2015 17:00,14,9,5
6/21/2015 18:00,12,10,2
6/21/2015 19:00,15,9,6
6/21/2015 20:00,6,3,3
6/21/2015 21:00,6,3,3
6/21/2015 22:00,2,2,0
6/21/2015 23:00,1,1,0
6/22/2015 0:00,1,1,0
6/22/2015 1:00,0,0,0
6/22/2015 2:00,0,0,0
6/22/2015 3:00,0,0,0
6/22/2015 4:00,2,1,1
6/22/2015 5:00,3,2,1
6/22/2015 6:00,4,2,2
6/22/2015 7:00,6,4,2
6/22/2015 8:00,16,4,12
6/22/2015 9:00,9,3,6
6/22/2015 10:00,8,4,4
6/22/2015 11:00,12,5,7
6/22/2015 12:00,5,4,1
6/22/2015 13:00,9,6,3
6/22/2015 14:00,5,2,3
6/22/2015 15:00,7,2,5
6/22/2015 16:00,14,5,9
6/22/2015 17:00,23,11,12
6/22/2015 18:00,37,24,13
6/22/2015 19:00,15,8,7
6/22/2015 20:00,13,11,2
6/22/2015 21:00,7,2,5
6/22/2015 22:00,3,3,0
6/22/2015 23:00,2,2,0
6/23/2015 0:00,0,0,0
6/23/2015 1:00,0,0,0
6/23/2015 2:00,1,0,1
6/23/2015 3:00,0,0,0
6/23/2015 4:00,1,0,1
6/23/2015 5:00,2,1,1
6/23/2015 6:00,2,1,1
6/23/2015 7:00,13,6,7
6/23/2015 8:00,13,4,9
6/23/2015 9:00,11,5,6
6/23/2015 10:00,6,5,1
6/23/2015 11:00,7,5,2
6/23/2015 12:00,7,7,0
6/23/2015 13:00,11,2,9
6/23/2015 14:00,5,4,1
6/23/2015 15:00,12,6,6
6/23/2015 16:00,16,9,7
6/23/2015 17:00,23,15,8
6/23/2015 18:00,19,6,13
6/23/2015 19:00,18,11,7
6/23/2015 20:00,12,10,2
6/23/2015 21:00,6,5,1
6/23/2015 22:00,3,2,1
6/23/2015 23:00,1,0,1
6/24/2015 0:00,0,0,0
6/24/2015 1:00,0,0,0
6/24/2015 2:00,1,0,1
6/24/2015 3:00,0,0,0
6/24/2015 4:00,1,0,1
6/24/2015 5:00,2,1,1
6/24/2015 6:00,4,2,2
6/24/2015 7:00,7,3,4
6/24/2015 8:00,13,7,6
6/24/2015 9:00,11,3,8
6/24/2015 10:00,6,3,3
6/24/2015 11:00,8,4,4
6/24/2015 12:00,7,6,1
6/24/2015 13:00,12,1,11
6/24/2015 14:00,12,7,5
6/24/2015 15:00,10,5,5
6/24/2015 16:00,23,13,10
6/24/2015 17:00,17,10,7
6/24/2015 18:00,19,7,12
6/24/2015 19:00,16,8,8
6/24/2015 20:00,12,10,2
6/24/2015 21:00,4,3,1
6/24/2015 22:00,11,5,6
6/24/2015 23:00,7,7,0
6/25/2015 0:00,2,2,0
6/25/2015 1:00,0,0,0
6/25/2015 2:00,0,0,0
6/25/2015 3:00,0,0,0
6/25/2015 4:00,1,0,1
6/25/2015 5:00,1,0,1
6/25/2015 6:00,6,4,2
6/25/2015 7:00,7,2,5
6/25/2015 8:00,14,7,7
6/25/2015 9:00,17,5,12
6/25/2015 10:00,8,3,5
6/25/2015 11:00,8,2,6
6/25/2015 12:00,8,4,4
6/25/2015 13:00,13,5,8
6/25/2015 14:00,6,5,1
6/25/2015 15:00,7,4,3
6/25/2015 16:00,12,7,5
6/25/2015 17:00,24,13,11
6/25/2015 18:00,17,10,7
6/25/2015 19:00,25,15,10
6/25/2015 20:00,4,2,2
6/25/2015 21:00,7,3,4
6/25/2015 22:00,3,2,1
6/25/2015 23:00,0,0,0
6/26/2015 0:00,0,0,0
6/26/2015 1:00,4,3,1
6/26/2015 2:00,0,0,0
6/26/2015 3:00,0,0,0
6/26/2015 4:00,1,0,1
6/26/2015 5:00,2,1,1
6/26/2015 6:00,6,3,3
6/26/2015 7:00,11,5,6
6/26/2015 8:00,22,9,13
6/26/2015 9:00,13,5,8
6/26/2015 10:00,7,3,4
6/26/2015 11:00,12,7,5
6/26/2015 12:00,14,5,9
6/26/2015 13:00,8,1,7
6/26/2015 14:00,8,4,4
6/26/2015 15:00,8,4,4
6/26/2015 16:00,18,12,6
6/26/2015 17:00,15,8,7
6/26/2015 18:00,8,0,8
6/26/2015 19:00,10,6,4
6/26/2015 20:00,9,6,3
6/26/2015 21:00,9,5,4
6/26/2015 22:00,1,1,0
6/26/2015 23:00,4,2,2
6/27/2015 0:00,1,0,1
6/27/2015 1:00,1,0,1
6/27/2015 2:00,0,0,0
6/27/2015 3:00,0,0,0
6/27/2015 4:00,0,0,0
6/27/2015 5:00,0,0,0
6/27/2015 6:00,1,0,1
6/27/2015 7:00,4,0,4
6/27/2015 8:00,8,1,7
6/27/2015 9:00,9,5,4
6/27/2015 10:00,18,12,6
6/27/2015 11:00,17,10,7
6/27/2015 12:00,14,10,4
6/27/2015 13:00,21,8,13
6/27/2015 14:00,15,11,4
6/27/2015 15:00,12,4,8
6/27/2015 16:00,17,7,10
6/27/2015 17:00,12,9,3
6/27/2015 18:00,11,5,6
6/27/2015 19:00,2,2,0
6/27/2015 20:00,3,1,2
6/27/2015 21:00,2,2,0
6/27/2015 22:00,1,0,1
6/27/2015 23:00,2,2,0
6/28/2015 0:00,0,0,0
6/28/2015 1:00,0,0,0
6/28/2015 2:00,1,0,1
6/28/2015 3:00,0,0,0
6/28/2015 4:00,2,1,1
6/28/2015 5:00,4,0,4
6/28/2015 6:00,1,1,0
6/28/2015 7:00,2,0,2
6/28/2015 8:00,6,2,4
6/28/2015 9:00,8,4,4
6/28/2015 10:00,8,4,4
6/28/2015 11:00,10,5,5
6/28/2015 12:00,14,7,7
6/28/2015 13:00,10,3,7
6/28/2015 14:00,17,7,10
6/28/2015 15:00,17,7,10
6/28/2015 16:00,11,6,5
6/28/2015 17:00,19,5,14
6/28/2015 18:00,12,8,4
6/28/2015 19:00,11,6,5
6/28/2015 20:00,7,3,4
6/28/2015 21:00,1,1,0
6/28/2015 22:00,1,1,0
6/28/2015 23:00,2,0,2
6/29/2015 0:00,2,2,0
6/29/2015 1:00,1,0,1
6/29/2015 2:00,2,2,0
6/29/2015 3:00,0,0,0
6/29/2015 4:00,1,0,1
6/29/2015 5:00,2,0,2
6/29/2015 6:00,1,0,1
6/29/2015 7:00,7,3,4
6/29/2015 8:00,11,7,4
6/29/2015 9:00,17,8,9
6/29/2015 10:00,11,4,7
6/29/2015 11:00,5,2,3
6/29/2015 12:00,6,5,1
6/29/2015 13:00,13,6,7
6/29/2015 14:00,10,8,2
6/29/2015 15:00,7,5,2
6/29/2015 16:00,14,5,9
6/29/2015 17:00,20,15,5
6/29/2015 18:00,17,7,10
6/29/2015 19:00,16,4,12
6/29/2015 20:00,17,8,9
6/29/2015 21:00,7,4,3
6/29/2015 22:00,3,2,1
6/29/2015 23:00,1,1,0
6/30/2015 0:00,0,0,0
6/30/2015 1:00,1,0,1
6/30/2015 2:00,0,0,0
6/30/2015 3:00,1,0,1
6/30/2015 4:00,1,0,1
6/30/2015 5:00,3,2,1
6/30/2015 6:00,7,4,3
6/30/2015 7:00,7,5,2
6/30/2015 8:00,10,2,8
6/30/2015 9:00,15,8,7
6/30/2015 10:00,13,6,7
6/30/2015 11:00,9,5,4
6/30/2015 12:00,17,8,9
6/30/2015 13:00,12,3,9
6/30/2015 14:00,14,3,11
6/30/2015 15:00,19,9,10
6/30/2015 16:00,9,7,2
6/30/2015 17:00,12,7,5
6/30/2015 18:00,20,11,9
6/30/2015 19:00,16,11,5
6/30/2015 20:00,9,5,4
6/30/2015 21:00,16,8,8
6/30/2015 22:00,8,7,1
6/30/2015 23:00,5,3,2
7/1/2015 0:00,0,0,0
7/1/2015 1:00,0,0,0
7/1/2015 2:00,0,0,0
7/1/2015 3:00,0,0,0
7/1/2015 4:00,2,1,1
7/1/2015 5:00,2,2,0
7/1/2015 6:00,3,1,2
7/1/2015 7:00,13,7,6
7/1/2015 8:00,11,3,8
7/1/2015 9:00,10,3,7
7/1/2015 10:00,9,2,7
7/1/2015 11:00,14,9,5
7/1/2015 12:00,7,4,3
7/1/2015 13:00,10,5,5
7/1/2015 14:00,5,4,1
7/1/2015 15:00,10,5,5
7/1/2015 16:00,16,7,9
7/1/2015 17:00,22,14,8
7/1/2015 18:00,19,13,6
7/1/2015 19:00,10,9,1
7/1/2015 20:00,9,3,6
7/1/2015 21:00,8,2,6
7/1/2015 22:00,4,3,1
7/1/2015 23:00,4,2,2
7/2/2015 0:00,2,1,1
7/2/2015 1:00,0,0,0
7/2/2015 2:00,0,0,0
7/2/2015 3:00,0,0,0
7/2/2015 4:00,1,0,1
7/2/2015 5:00,1,1,0
7/2/2015 6:00,5,4,1
7/2/2015 7:00,9,5,4
7/2/2015 8:00,18,7,11
7/2/2015 9:00,10,6,4
7/2/2015 10:00,6,1,5
7/2/2015 11:00,10,5,5
7/2/2015 12:00,22,20,2
7/2/2015 13:00,14,8,6
7/2/2015 14:00,6,4,2
7/2/2015 15:00,6,3,3
7/2/2015 16:00,16,7,9
7/2/2015 17:00,21,8,13
7/2/2015 18:00,6,4,2
7/2/2015 19:00,10,7,3
7/2/2015 20:00,7,4,3
7/2/2015 21:00,15,9,6
7/2/2015 22:00,5,5,0
7/2/2015 23:00,1,0,1
7/3/2015 0:00,0,0,0
7/3/2015 1:00,0,0,0
7/3/2015 2:00,0,0,0
7/3/2015 3:00,0,0,0
7/3/2015 4:00,1,0,1
7/3/2015 5:00,0,0,0
7/3/2015 6:00,2,2,0
7/3/2015 7:00,1,1,0
7/3/2015 8:00,11,0,11
7/3/2015 9:00,10,3,7
7/3/2015 10:00,13,4,9
7/3/2015 11:00,28,14,14
7/3/2015 12:00,18,8,10
7/3/2015 13:00,12,6,6
7/3/2015 14:00,12,6,6
7/3/2015 15:00,14,5,9
7/3/2015 16:00,21,10,11
7/3/2015 17:00,11,6,5
7/3/2015 18:00,12,5,7
7/3/2015 19:00,11,5,6
7/3/2015 20:00,10,7,3
7/3/2015 21:00,13,11,2
7/3/2015 22:00,8,3,5
7/3/2015 23:00,1,0,1
7/4/2015 0:00,0,0,0
7/4/2015 1:00,0,0,0
7/4/2015 2:00,1,0,1
7/4/2015 3:00,0,0,0
7/4/2015 4:00,0,0,0
7/4/2015 5:00,1,1,0
7/4/2015 6:00,0,0,0
7/4/2015 7:00,1,0,1
7/4/2015 8:00,6,0,6
7/4/2015 9:00,8,4,4
7/4/2015 10:00,22,14,8
7/4/2015 11:00,17,7,10
7/4/2015 12:00,11,4,7
7/4/2015 13:00,13,5,8
7/4/2015 14:00,10,7,3
7/4/2015 15:00,12,7,5
7/4/2015 16:00,8,6,2
7/4/2015 17:00,7,4,3
7/4/2015 18:00,6,4,2
7/4/2015 19:00,6,4,2
7/4/2015 20:00,7,6,1
7/4/2015 21:00,13,12,1
7/4/2015 22:00,2,2,0
7/4/2015 23:00,10,3,7
7/5/2015 0:00,5,0,5
7/5/2015 1:00,1,0,1
7/5/2015 2:00,2,1,1
7/5/2015 3:00,0,0,0
7/5/2015 4:00,1,1,0
7/5/2015 5:00,0,0,0
7/5/2015 6:00,2,1,1
7/5/2015 7:00,0,0,0
7/5/2015 8:00,3,1,2
7/5/2015 9:00,11,4,7
7/5/2015 10:00,9,5,4
7/5/2015 11:00,18,9,9
7/5/2015 12:00,14,5,9
7/5/2015 13:00,27,21,6
7/5/2015 14:00,11,4,7
7/5/2015 15:00,13,4,9
7/5/2015 16:00,8,7,1
7/5/2015 17:00,8,1,7
7/5/2015 18:00,8,7,1
7/5/2015 19:00,15,6,9
7/5/2015 20:00,9,3,6
7/5/2015 21:00,7,5,2
7/5/2015 22:00,8,8,0
7/5/2015 23:00,3,3,0
7/6/2015 0:00,1,0,1
7/6/2015 1:00,2,2,0
7/6/2015 2:00,0,0,0
7/6/2015 3:00,0,0,0
7/6/2015 4:00,1,0,1
7/6/2015 5:00,0,0,0
7/6/2015 6:00,3,1,2
7/6/2015 7:00,5,2,3
7/6/2015 8:00,9,2,7
7/6/2015 9:00,21,6,15
7/6/2015 10:00,1,0,1
7/6/2015 11:00,0,0,0
7/6/2015 12:00,0,0,0
7/6/2015 13:00,1,0,1
7/6/2015 14:00,7,6,1
7/6/2015 15:00,10,8,2
7/6/2015 16:00,18,10,8
7/6/2015 17:00,12,9,3
7/6/2015 18:00,21,13,8
7/6/2015 19:00,8,3,5
7/6/2015 20:00,7,3,4
7/6/2015 21:00,7,4,3
7/6/2015 22:00,5,3,2
7/6/2015 23:00,3,3,0
7/7/2015 0:00,0,0,0
7/7/2015 1:00,0,0,0
7/7/2015 2:00,0,0,0
7/7/2015 3:00,0,0,0
7/7/2015 4:00,1,0,1
7/7/2015 5:00,1,1,0
7/7/2015 6:00,1,0,1
7/7/2015 7:00,7,2,5
7/7/2015 8:00,13,6,7
7/7/2015 9:00,8,3,5
7/7/2015 10:00,9,2,7
7/7/2015 11:00,5,3,2
7/7/2015 12:00,15,10,5
7/7/2015 13:00,4,3,1
7/7/2015 14:00,2,1,1
7/7/2015 15:00,11,7,4
7/7/2015 16:00,16,7,9
7/7/2015 17:00,18,6,12
7/7/2015 18:00,15,10,5
7/7/2015 19:00,18,10,8
7/7/2015 20:00,8,5,3
7/7/2015 21:00,2,2,0
7/7/2015 22:00,3,1,2
7/7/2015 23:00,0,0,0
7/8/2015 0:00,0,0,0
7/8/2015 1:00,0,0,0
7/8/2015 2:00,1,0,1
7/8/2015 3:00,0,0,0
7/8/2015 4:00,1,0,1
7/8/2015 5:00,1,1,0
7/8/2015 6:00,9,3,6
7/8/2015 7:00,7,4,3
7/8/2015 8:00,11,5,6
7/8/2015 9:00,10,4,6
7/8/2015 10:00,11,2,9
7/8/2015 11:00,7,6,1
7/8/2015 12:00,11,7,4
7/8/2015 13:00,7,2,5
7/8/2015 14:00,2,1,1
7/8/2015 15:00,8,6,2
7/8/2015 16:00,17,9,8
7/8/2015 17:00,21,12,9
7/8/2015 18:00,18,10,8
7/8/2015 19:00,13,6,7
7/8/2015 20:00,9,5,4
7/8/2015 21:00,6,4,2
7/8/2015 22:00,8,5,3
7/8/2015 23:00,1,1,0
7/9/2015 0:00,0,0,0
7/9/2015 1:00,0,0,0
7/9/2015 2:00,1,0,1
7/9/2015 3:00,1,0,1
7/9/2015 4:00,0,0,0
7/9/2015 5:00,2,2,0
7/9/2015 6:00,0,0,0
7/9/2015 7:00,8,1,7
7/9/2015 8:00,9,2,7
7/9/2015 9:00,9,2,7
7/9/2015 10:00,9,5,4
7/9/2015 11:00,7,5,2
7/9/2015 12:00,9,7,2
7/9/2015 13:00,8,2,6
7/9/2015 14:00,3,1,2
7/9/2015 15:00,10,6,4
7/9/2015 16:00,12,6,6
7/9/2015 17:00,14,10,4
7/9/2015 18:00,16,12,4
7/9/2015 19:00,18,10,8
7/9/2015 20:00,10,5,5
7/9/2015 21:00,5,3,2
7/9/2015 22:00,2,2,0
7/9/2015 23:00,2,0,2
7/10/2015 0:00,0,0,0
7/10/2015 1:00,0,0,0
7/10/2015 2:00,0,0,0
7/10/2015 3:00,0,0,0
7/10/2015 4:00,1,0,1
7/10/2015 5:00,1,1,0
7/10/2015 6:00,5,0,5
7/10/2015 7:00,4,2,2
7/10/2015 8:00,4,2,2
7/10/2015 9:00,5,3,2
7/10/2015 10:00,10,2,8
7/10/2015 11:00,7,2,5
7/10/2015 12:00,10,8,2
7/10/2015 13:00,6,4,2
7/10/2015 14:00,6,4,2
7/10/2015 15:00,9,6,3
7/10/2015 16:00,16,7,9
7/10/2015 17:00,11,9,2
7/10/2015 18:00,12,4,8
7/10/2015 19:00,1,1,0
7/10/2015 20:00,11,5,6
7/10/2015 21:00,4,4,0
7/10/2015 22:00,4,2,2
7/10/2015 23:00,1,1,0
7/11/2015 0:00,2,2,0
7/11/2015 1:00,0,0,0
7/11/2015 2:00,3,2,1
7/11/2015 3:00,1,0,1
7/11/2015 4:00,0,0,0
7/11/2015 5:00,1,1,0
7/11/2015 6:00,2,0,2
7/11/2015 7:00,6,2,4
7/11/2015 8:00,9,4,5
7/11/2015 9:00,16,7,9
7/11/2015 10:00,22,8,14
7/11/2015 11:00,11,2,9
7/11/2015 12:00,13,5,8
7/11/2015 13:00,19,4,15
7/11/2015 14:00,16,10,6
7/11/2015 15:00,22,10,12
7/11/2015 16:00,6,1,5
7/11/2015 17:00,23,11,12
7/11/2015 18:00,25,9,16
7/11/2015 19:00,10,6,4
7/11/2015 20:00,9,0,9
7/11/2015 21:00,10,5,5
7/11/2015 22:00,5,2,3
7/11/2015 23:00,3,3,0
7/12/2015 0:00,1,1,0
7/12/2015 1:00,1,1,0
7/12/2015 2:00,4,4,0
7/12/2015 3:00,4,3,1
7/12/2015 4:00,1,0,1
7/12/2015 5:00,0,0,0
7/12/2015 6:00,1,0,1
7/12/2015 7:00,3,1,2
7/12/2015 8:00,5,1,4
7/12/2015 9:00,10,7,3
7/12/2015 10:00,26,9,17
7/12/2015 11:00,26,6,20
7/12/2015 12:00,27,6,21
7/12/2015 13:00,22,11,11
7/12/2015 14:00,26,19,7
7/12/2015 15:00,16,4,12
7/12/2015 16:00,28,16,12
7/12/2015 17:00,22,12,10
7/12/2015 18:00,16,10,6
7/12/2015 19:00,26,17,9
7/12/2015 20:00,5,0,5
7/12/2015 21:00,6,4,2
7/12/2015 22:00,4,3,1
7/12/2015 23:00,2,0,2
7/13/2015 0:00,1,1,0
7/13/2015 1:00,0,0,0
7/13/2015 2:00,0,0,0
7/13/2015 3:00,0,0,0
7/13/2015 4:00,1,0,1
7/13/2015 5:00,0,0,0
7/13/2015 6:00,3,0,3
7/13/2015 7:00,8,5,3
7/13/2015 8:00,13,7,6
7/13/2015 9:00,6,1,5
7/13/2015 10:00,9,3,6
7/13/2015 11:00,5,1,4
7/13/2015 12:00,9,5,4
7/13/2015 13:00,8,4,4
7/13/2015 14:00,10,3,7
7/13/2015 15:00,7,1,6
7/13/2015 16:00,11,7,4
7/13/2015 17:00,19,10,9
7/13/2015 18:00,15,8,7
7/13/2015 19:00,16,10,6
7/13/2015 20:00,9,4,5
7/13/2015 21:00,9,2,7
7/13/2015 22:00,1,1,0
7/13/2015 23:00,2,2,0
7/14/2015 0:00,0,0,0
7/14/2015 1:00,0,0,0
7/14/2015 2:00,0,0,0
7/14/2015 3:00,1,1,0
7/14/2015 4:00,2,1,1
7/14/2015 5:00,2,2,0
7/14/2015 6:00,1,0,1
7/14/2015 7:00,7,2,5
7/14/2015 8:00,15,7,8
7/14/2015 9:00,16,5,11
7/14/2015 10:00,8,3,5
7/14/2015 11:00,7,3,4
7/14/2015 12:00,9,6,3
7/14/2015 13:00,3,3,0
7/14/2015 14:00,7,4,3
7/14/2015 15:00,12,9,3
7/14/2015 16:00,14,8,6
7/14/2015 17:00,31,18,13
7/14/2015 18:00,19,11,8
7/14/2015 19:00,18,9,9
7/14/2015 20:00,11,7,4
7/14/2015 21:00,10,6,4
7/14/2015 22:00,6,2,4
7/14/2015 23:00,6,5,1
7/15/2015 0:00,1,0,1
7/15/2015 1:00,0,0,0
7/15/2015 2:00,0,0,0
7/15/2015 3:00,1,1,0
7/15/2015 4:00,3,2,1
7/15/2015 5:00,0,0,0
7/15/2015 6:00,2,0,2
7/15/2015 7:00,11,6,5
7/15/2015 8:00,9,4,5
7/15/2015 9:00,13,5,8
7/15/2015 10:00,4,2,2
7/15/2015 11:00,4,2,2
7/15/2015 12:00,13,7,6
7/15/2015 13:00,6,3,3
7/15/2015 14:00,4,1,3
7/15/2015 15:00,20,11,9
7/15/2015 16:00,11,8,3
7/15/2015 17:00,17,10,7
7/15/2015 18:00,25,10,15
7/15/2015 19:00,16,6,10
7/15/2015 20:00,10,10,0
7/15/2015 21:00,2,1,1
7/15/2015 22:00,7,5,2
7/15/2015 23:00,0,0,0
7/16/2015 0:00,0,0,0
7/16/2015 1:00,0,0,0
7/16/2015 2:00,0,0,0
7/16/2015 3:00,0,0,0
7/16/2015 4:00,1,0,1
7/16/2015 5:00,0,0,0
7/16/2015 6:00,3,1,2
7/16/2015 7:00,5,2,3
7/16/2015 8:00,15,5,10
7/16/2015 9:00,11,5,6
7/16/2015 10:00,15,3,12
7/16/2015 11:00,12,7,5
7/16/2015 12:00,15,11,4
7/16/2015 13:00,4,2,2
7/16/2015 14:00,6,4,2
7/16/2015 15:00,8,1,7
7/16/2015 16:00,10,5,5
7/16/2015 17:00,13,8,5
7/16/2015 18:00,27,13,14
7/16/2015 19:00,19,9,10
7/16/2015 20:00,13,6,7
7/16/2015 21:00,10,4,6
7/16/2015 22:00,1,0,1
7/16/2015 23:00,6,6,0
7/17/2015 0:00,0,0,0
7/17/2015 1:00,0,0,0
7/17/2015 2:00,2,1,1
7/17/2015 3:00,0,0,0
7/17/2015 4:00,1,0,1
7/17/2015 5:00,1,1,0
7/17/2015 6:00,6,1,5
7/17/2015 7:00,6,2,4
7/17/2015 8:00,13,4,9
7/17/2015 9:00,11,3,8
7/17/2015 10:00,7,2,5
7/17/2015 11:00,6,4,2
7/17/2015 12:00,10,6,4
7/17/2015 13:00,14,9,5
7/17/2015 14:00,9,4,5
7/17/2015 15:00,11,4,7
7/17/2015 16:00,24,20,4
7/17/2015 17:00,16,9,7
7/17/2015 18:00,12,7,5
7/17/2015 19:00,19,13,6
7/17/2015 20:00,11,8,3
7/17/2015 21:00,4,2,2
7/17/2015 22:00,3,2,1
7/17/2015 23:00,4,4,0
7/18/2015 0:00,2,1,1
7/18/2015 1:00,0,0,0
7/18/2015 2:00,2,2,0
7/18/2015 3:00,0,0,0
7/18/2015 4:00,0,0,0
7/18/2015 5:00,0,0,0
7/18/2015 6:00,0,0,0
7/18/2015 7:00,0,0,0
7/18/2015 8:00,6,0,6
7/18/2015 9:00,10,8,2
7/18/2015 10:00,17,10,7
7/18/2015 11:00,16,8,8
7/18/2015 12:00,7,5,2
7/18/2015 13:00,26,14,12
7/18/2015 14:00,22,6,16
7/18/2015 15:00,11,6,5
7/18/2015 16:00,11,7,4
7/18/2015 17:00,12,8,4
7/18/2015 18:00,7,4,3
7/18/2015 19:00,7,4,3
7/18/2015 20:00,8,3,5
7/18/2015 21:00,11,11,0
7/18/2015 22:00,7,6,1
7/18/2015 23:00,0,0,0
7/19/2015 0:00,0,0,0
7/19/2015 1:00,2,2,0
7/19/2015 2:00,0,0,0
7/19/2015 3:00,0,0,0
7/19/2015 4:00,0,0,0
7/19/2015 5:00,0,0,0
7/19/2015 6:00,0,0,0
7/19/2015 7:00,2,1,1
7/19/2015 8:00,5,0,5
7/19/2015 9:00,11,6,5
7/19/2015 10:00,28,19,9
7/19/2015 11:00,26,13,13
7/19/2015 12:00,21,11,10
7/19/2015 13:00,10,3,7
7/19/2015 14:00,31,15,16
7/19/2015 15:00,16,9,7
7/19/2015 16:00,8,6,2
7/19/2015 17:00,19,14,5
7/19/2015 18:00,7,5,2
7/19/2015 19:00,8,3,5
7/19/2015 20:00,9,6,3
7/19/2015 21:00,8,7,1
7/19/2015 22:00,0,0,0
7/19/2015 23:00,1,0,1
7/20/2015 0:00,2,2,0
7/20/2015 1:00,1,1,0
7/20/2015 2:00,2,2,0
7/20/2015 3:00,0,0,0
7/20/2015 4:00,1,0,1
7/20/2015 5:00,1,1,0
7/20/2015 6:00,3,0,3
7/20/2015 7:00,7,3,4
7/20/2015 8:00,12,8,4
7/20/2015 9:00,20,6,14
7/20/2015 10:00,6,2,4
7/20/2015 11:00,7,4,3
7/20/2015 12:00,8,6,2
7/20/2015 13:00,6,2,4
7/20/2015 14:00,8,6,2
7/20/2015 15:00,8,2,6
7/20/2015 16:00,12,10,2
7/20/2015 17:00,23,13,10
7/20/2015 18:00,21,10,11
7/20/2015 19:00,15,8,7
7/20/2015 20:00,7,4,3
7/20/2015 21:00,4,2,2
7/20/2015 22:00,4,3,1
7/20/2015 23:00,2,2,0
7/21/2015 0:00,0,0,0
7/21/2015 1:00,1,1,0
7/21/2015 2:00,0,0,0
7/21/2015 3:00,0,0,0
7/21/2015 4:00,1,0,1
7/21/2015 5:00,1,1,0
7/21/2015 6:00,1,1,0
7/21/2015 7:00,6,3,3
7/21/2015 8:00,11,7,4
7/21/2015 9:00,11,3,8
7/21/2015 10:00,5,0,5
7/21/2015 11:00,7,1,6
7/21/2015 12:00,13,8,5
7/21/2015 13:00,9,4,5
7/21/2015 14:00,6,2,4
7/21/2015 15:00,8,7,1
7/21/2015 16:00,7,4,3
7/21/2015 17:00,18,13,5
7/21/2015 18:00,13,6,7
7/21/2015 19:00,32,9,23
7/21/2015 20:00,9,3,6
7/21/2015 21:00,6,3,3
7/21/2015 22:00,9,8,1
7/21/2015 23:00,2,2,0
7/22/2015 0:00,0,0,0
7/22/2015 1:00,0,0,0
7/22/2015 2:00,0,0,0
7/22/2015 3:00,1,1,0
7/22/2015 4:00,1,0,1
7/22/2015 5:00,1,1,0
7/22/2015 6:00,2,1,1
7/22/2015 7:00,7,4,3
7/22/2015 8:00,10,2,8
7/22/2015 9:00,12,3,9
7/22/2015 10:00,14,5,9
7/22/2015 11:00,11,8,3
7/22/2015 12:00,2,0,2
7/22/2015 13:00,5,3,2
7/22/2015 14:00,4,3,1
7/22/2015 15:00,6,5,1
7/22/2015 16:00,13,8,5
7/22/2015 17:00,19,8,11
7/22/2015 18:00,17,11,6
7/22/2015 19:00,11,6,5
7/22/2015 20:00,5,2,3
7/22/2015 21:00,11,7,4
7/22/2015 22:00,1,0,1
7/22/2015 23:00,0,0,0
7/23/2015 0:00,2,0,2
7/23/2015 1:00,1,0,1
7/23/2015 2:00,0,0,0
7/23/2015 3:00,0,0,0
7/23/2015 4:00,1,0,1
7/23/2015 5:00,1,1,0
7/23/2015 6:00,2,0,2
7/23/2015 7:00,7,3,4
7/23/2015 8:00,14,8,6
7/23/2015 9:00,10,4,6
7/23/2015 10:00,6,3,3
7/23/2015 11:00,9,4,5
7/23/2015 12:00,5,2,3
7/23/2015 13:00,12,7,5
7/23/2015 14:00,2,2,0
7/23/2015 15:00,7,2,5
7/23/2015 16:00,12,3,9
7/23/2015 17:00,17,13,4
7/23/2015 18:00,13,9,4
7/23/2015 19:00,14,8,6
7/23/2015 20:00,12,6,6
7/23/2015 21:00,7,5,2
7/23/2015 22:00,5,2,3
7/23/2015 23:00,4,4,0
7/24/2015 0:00,0,0,0
7/24/2015 1:00,1,0,1
7/24/2015 2:00,1,1,0
7/24/2015 3:00,0,0,0
7/24/2015 4:00,1,0,1
7/24/2015 5:00,0,0,0
7/24/2015 6:00,2,0,2
7/24/2015 7:00,11,4,7
7/24/2015 8:00,7,3,4
7/24/2015 9:00,12,6,6
7/24/2015 10:00,4,1,3
7/24/2015 11:00,6,5,1
7/24/2015 12:00,5,1,4
7/24/2015 13:00,12,6,6
7/24/2015 14:00,6,4,2
7/24/2015 15:00,11,7,4
7/24/2015 16:00,14,8,6
7/24/2015 17:00,21,13,8
7/24/2015 18:00,13,4,9
7/24/2015 19:00,3,3,0
7/24/2015 20:00,6,3,3
7/24/2015 21:00,8,5,3
7/24/2015 22:00,0,0,0
7/24/2015 23:00,9,1,8
7/25/2015 0:00,0,0,0
7/25/2015 1:00,2,2,0
7/25/2015 2:00,1,0,1
7/25/2015 3:00,0,0,0
7/25/2015 4:00,0,0,0
7/25/2015 5:00,0,0,0
7/25/2015 6:00,0,0,0
7/25/2015 7:00,1,0,1
7/25/2015 8:00,2,0,2
7/25/2015 9:00,7,3,4
7/25/2015 10:00,7,3,4
7/25/2015 11:00,3,1,2
7/25/2015 12:00,9,5,4
7/25/2015 13:00,9,1,8
7/25/2015 14:00,1,0,1
7/25/2015 15:00,4,4,0
7/25/2015 16:00,14,5,9
7/25/2015 17:00,14,7,7
7/25/2015 18:00,4,3,1
7/25/2015 19:00,4,0,4
7/25/2015 20:00,1,1,0
7/25/2015 21:00,6,4,2
7/25/2015 22:00,0,0,0
7/25/2015 23:00,1,1,0
7/26/2015 0:00,0,0,0
7/26/2015 1:00,2,0,2
7/26/2015 2:00,0,0,0
7/26/2015 3:00,0,0,0
7/26/2015 4:00,0,0,0
7/26/2015 5:00,1,0,1
7/26/2015 6:00,0,0,0
7/26/2015 7:00,1,1,0
7/26/2015 8:00,4,0,4
7/26/2015 9:00,12,8,4
7/26/2015 10:00,17,5,12
7/26/2015 11:00,12,4,8
7/26/2015 12:00,12,6,6
7/26/2015 13:00,17,9,8
7/26/2015 14:00,17,8,9
7/26/2015 15:00,14,10,4
7/26/2015 16:00,8,7,1
7/26/2015 17:00,4,0,4
7/26/2015 18:00,3,0,3
7/26/2015 19:00,5,4,1
7/26/2015 20:00,6,2,4
7/26/2015 21:00,0,0,0
7/26/2015 22:00,1,1,0
7/26/2015 23:00,0,0,0
7/27/2015 0:00,1,1,0
7/27/2015 1:00,0,0,0
7/27/2015 2:00,1,1,0
7/27/2015 3:00,0,0,0
7/27/2015 4:00,1,0,1
7/27/2015 5:00,1,1,0
7/27/2015 6:00,1,0,1
7/27/2015 7:00,4,2,2
7/27/2015 8:00,14,7,7
7/27/2015 9:00,8,4,4
7/27/2015 10:00,7,5,2
7/27/2015 11:00,3,0,3
7/27/2015 12:00,7,5,2
7/27/2015 13:00,10,3,7
7/27/2015 14:00,3,1,2
7/27/2015 15:00,8,3,5
7/27/2015 16:00,10,5,5
7/27/2015 17:00,23,13,10
7/27/2015 18:00,25,17,8
7/27/2015 19:00,8,7,1
7/27/2015 20:00,9,2,7
7/27/2015 21:00,4,3,1
7/27/2015 22:00,3,3,0
7/27/2015 23:00,2,2,0
7/28/2015 0:00,2,1,1
7/28/2015 1:00,1,0,1
7/28/2015 2:00,0,0,0
7/28/2015 3:00,0,0,0
7/28/2015 4:00,1,0,1
7/28/2015 5:00,1,1,0
7/28/2015 6:00,2,1,1
7/28/2015 7:00,7,2,5
7/28/2015 8:00,7,5,2
7/28/2015 9:00,10,3,7
7/28/2015 10:00,10,3,7
7/28/2015 11:00,6,2,4
7/28/2015 12:00,14,6,8
7/28/2015 13:00,14,6,8
7/28/2015 14:00,14,6,8
7/28/2015 15:00,17,13,4
7/28/2015 16:00,17,7,10
7/28/2015 17:00,24,10,14
7/28/2015 18:00,25,14,11
7/28/2015 19:00,20,5,15
7/28/2015 20:00,12,8,4
7/28/2015 21:00,12,7,5
7/28/2015 22:00,4,4,0
7/28/2015 23:00,2,1,1
7/29/2015 0:00,0,0,0
7/29/2015 1:00,0,0,0
7/29/2015 2:00,0,0,0
7/29/2015 3:00,1,0,1
7/29/2015 4:00,0,0,0
7/29/2015 5:00,1,1,0
7/29/2015 6:00,2,1,1
7/29/2015 7:00,4,1,3
7/29/2015 8:00,7,3,4
7/29/2015 9:00,6,4,2
7/29/2015 10:00,6,1,5
7/29/2015 11:00,7,6,1
7/29/2015 12:00,5,4,1
7/29/2015 13:00,3,1,2
7/29/2015 14:00,12,7,5
7/29/2015 15:00,14,9,5
7/29/2015 16:00,16,8,8
7/29/2015 17:00,18,12,6
7/29/2015 18:00,25,13,12
7/29/2015 19:00,13,7,6
7/29/2015 20:00,9,4,5
7/29/2015 21:00,9,4,5
7/29/2015 22:00,11,6,5
7/29/2015 23:00,0,0,0
7/30/2015 0:00,3,1,2
7/30/2015 1:00,1,1,0
7/30/2015 2:00,1,1,0
7/30/2015 3:00,0,0,0
7/30/2015 4:00,2,1,1
7/30/2015 5:00,1,1,0
7/30/2015 6:00,2,0,2
7/30/2015 7:00,7,2,5
7/30/2015 8:00,12,10,2
7/30/2015 9:00,13,8,5
7/30/2015 10:00,9,6,3
7/30/2015 11:00,12,10,2
7/30/2015 12:00,6,4,2
7/30/2015 13:00,14,3,11
7/30/2015 14:00,8,5,3
7/30/2015 15:00,9,7,2
7/30/2015 16:00,9,7,2
7/30/2015 17:00,21,10,11
7/30/2015 18:00,17,7,10
7/30/2015 19:00,22,12,10
7/30/2015 20:00,14,8,6
7/30/2015 21:00,4,4,0
7/30/2015 22:00,5,4,1
7/30/2015 23:00,5,5,0
7/31/2015 0:00,0,0,0
7/31/2015 1:00,0,0,0
7/31/2015 2:00,0,0,0
7/31/2015 3:00,0,0,0
7/31/2015 4:00,1,0,1
7/31/2015 5:00,2,1,1
7/31/2015 6:00,1,1,0
7/31/2015 7:00,7,4,3
7/31/2015 8:00,8,6,2
7/31/2015 9:00,11,3,8
7/31/2015 10:00,12,2,10
7/31/2015 11:00,7,2,5
7/31/2015 12:00,8,3,5
7/31/2015 13:00,8,6,2
7/31/2015 14:00,14,3,11
7/31/2015 15:00,8,5,3
7/31/2015 16:00,21,12,9
7/31/2015 17:00,23,11,12
7/31/2015 18:00,15,8,7
7/31/2015 19:00,14,7,7
7/31/2015 20:00,10,4,6
7/31/2015 21:00,10,6,4
7/31/2015 22:00,3,1,2
7/31/2015 23:00,2,2,0
8/1/2015 0:00,3,1,2
8/1/2015 1:00,2,2,0
8/1/2015 2:00,0,0,0
8/1/2015 3:00,1,0,1
8/1/2015 4:00,1,0,1
8/1/2015 5:00,0,0,0
8/1/2015 6:00,4,3,1
8/1/2015 7:00,3,2,1
8/1/2015 8:00,4,2,2
8/1/2015 9:00,8,5,3
8/1/2015 10:00,11,5,6
8/1/2015 11:00,7,2,5
8/1/2015 12:00,8,2,6
8/1/2015 13:00,12,4,8
8/1/2015 14:00,17,7,10
8/1/2015 15:00,14,9,5
8/1/2015 16:00,11,5,6
8/1/2015 17:00,5,0,5
8/1/2015 18:00,14,10,4
8/1/2015 19:00,7,2,5
8/1/2015 20:00,8,5,3
8/1/2015 21:00,5,2,3
8/1/2015 22:00,2,2,0
8/1/2015 23:00,4,3,1
8/2/2015 0:00,3,2,1
8/2/2015 1:00,1,0,1
8/2/2015 2:00,1,1,0
8/2/2015 3:00,1,1,0
8/2/2015 4:00,0,0,0
8/2/2015 5:00,0,0,0
8/2/2015 6:00,1,0,1
8/2/2015 7:00,0,0,0
8/2/2015 8:00,3,3,0
8/2/2015 9:00,18,5,13
8/2/2015 10:00,8,3,5
8/2/2015 11:00,28,4,24
8/2/2015 12:00,10,6,4
8/2/2015 13:00,11,7,4
8/2/2015 14:00,30,22,8
8/2/2015 15:00,26,17,9
8/2/2015 16:00,10,6,4
8/2/2015 17:00,9,1,8
8/2/2015 18:00,15,9,6
8/2/2015 19:00,7,7,0
8/2/2015 20:00,4,4,0
8/2/2015 21:00,1,0,1
8/2/2015 22:00,0,0,0
8/2/2015 23:00,3,3,0
8/3/2015 0:00,1,1,0
8/3/2015 1:00,0,0,0
8/3/2015 2:00,0,0,0
8/3/2015 3:00,1,0,1
8/3/2015 4:00,0,0,0
8/3/2015 5:00,2,1,1
8/3/2015 6:00,3,1,2
8/3/2015 7:00,6,4,2
8/3/2015 8:00,12,5,7
8/3/2015 9:00,13,7,6
8/3/2015 10:00,5,0,5
8/3/2015 11:00,11,5,6
8/3/2015 12:00,12,8,4
8/3/2015 13:00,10,4,6
8/3/2015 14:00,9,5,4
8/3/2015 15:00,10,4,6
8/3/2015 16:00,9,6,3
8/3/2015 17:00,19,14,5
8/3/2015 18:00,25,13,12
8/3/2015 19:00,19,9,10
8/3/2015 20:00,4,1,3
8/3/2015 21:00,11,9,2
8/3/2015 22:00,3,3,0
8/3/2015 23:00,4,3,1
8/4/2015 0:00,0,0,0
8/4/2015 1:00,0,0,0
8/4/2015 2:00,0,0,0
8/4/2015 3:00,1,0,1
8/4/2015 4:00,0,0,0
8/4/2015 5:00,1,1,0
8/4/2015 6:00,5,3,2
8/4/2015 7:00,8,2,6
8/4/2015 8:00,20,10,10
8/4/2015 9:00,5,2,3
8/4/2015 10:00,10,5,5
8/4/2015 11:00,10,5,5
8/4/2015 12:00,12,8,4
8/4/2015 13:00,17,8,9
8/4/2015 14:00,5,2,3
8/4/2015 15:00,10,5,5
8/4/2015 16:00,22,12,10
8/4/2015 17:00,26,11,15
8/4/2015 18:00,27,18,9
8/4/2015 19:00,21,10,11
8/4/2015 20:00,7,4,3
8/4/2015 21:00,9,8,1
8/4/2015 22:00,3,2,1
8/4/2015 23:00,0,0,0
8/5/2015 0:00,1,0,1
8/5/2015 1:00,2,2,0
8/5/2015 2:00,0,0,0
8/5/2015 3:00,0,0,0
8/5/2015 4:00,1,0,1
8/5/2015 5:00,2,2,0
8/5/2015 6:00,5,3,2
8/5/2015 7:00,11,5,6
8/5/2015 8:00,8,6,2
8/5/2015 9:00,9,1,8
8/5/2015 10:00,3,0,3
8/5/2015 11:00,18,12,6
8/5/2015 12:00,6,6,0
8/5/2015 13:00,7,4,3
8/5/2015 14:00,10,6,4
8/5/2015 15:00,6,4,2
8/5/2015 16:00,12,6,6
8/5/2015 17:00,11,6,5
8/5/2015 18:00,27,15,12
8/5/2015 19:00,10,3,7
8/5/2015 20:00,8,6,2
8/5/2015 21:00,4,2,2
8/5/2015 22:00,1,0,1
8/5/2015 23:00,1,0,1
8/6/2015 0:00,2,0,2
8/6/2015 1:00,0,0,0
8/6/2015 2:00,0,0,0
8/6/2015 3:00,2,1,1
8/6/2015 4:00,2,1,1
8/6/2015 5:00,2,1,1
8/6/2015 6:00,5,2,3
8/6/2015 7:00,2,0,2
8/6/2015 8:00,6,3,3
8/6/2015 9:00,9,5,4
8/6/2015 10:00,16,1,15
8/6/2015 11:00,6,3,3
8/6/2015 12:00,11,10,1
8/6/2015 13:00,8,3,5
8/6/2015 14:00,8,6,2
8/6/2015 15:00,11,6,5
8/6/2015 16:00,19,10,9
8/6/2015 17:00,11,8,3
8/6/2015 18:00,14,7,7
8/6/2015 19:00,23,15,8
8/6/2015 20:00,16,10,6
8/6/2015 21:00,8,5,3
8/6/2015 22:00,2,2,0
8/6/2015 23:00,2,2,0
8/7/2015 0:00,0,0,0
8/7/2015 1:00,1,1,0
8/7/2015 2:00,0,0,0
8/7/2015 3:00,0,0,0
8/7/2015 4:00,1,0,1
8/7/2015 5:00,0,0,0
8/7/2015 6:00,5,3,2
8/7/2015 7:00,13,5,8
8/7/2015 8:00,10,7,3
8/7/2015 9:00,12,7,5
8/7/2015 10:00,9,3,6
8/7/2015 11:00,4,1,3
8/7/2015 12:00,15,13,2
8/7/2015 13:00,12,4,8
8/7/2015 14:00,13,2,11
8/7/2015 15:00,17,7,10
8/7/2015 16:00,12,9,3
8/7/2015 17:00,17,10,7
8/7/2015 18:00,20,14,6
8/7/2015 19:00,13,9,4
8/7/2015 20:00,4,3,1
8/7/2015 21:00,9,6,3
8/7/2015 22:00,3,1,2
8/7/2015 23:00,1,1,0
8/8/2015 0:00,4,3,1
8/8/2015 1:00,2,2,0
8/8/2015 2:00,0,0,0
8/8/2015 3:00,0,0,0
8/8/2015 4:00,0,0,0
8/8/2015 5:00,0,0,0
8/8/2015 6:00,1,1,0
8/8/2015 7:00,4,3,1
8/8/2015 8:00,16,4,12
8/8/2015 9:00,7,4,3
8/8/2015 10:00,6,0,6
8/8/2015 11:00,12,3,9
8/8/2015 12:00,23,15,8
8/8/2015 13:00,11,5,6
8/8/2015 14:00,14,8,6
8/8/2015 15:00,13,11,2
8/8/2015 16:00,9,3,6
8/8/2015 17:00,15,5,10
8/8/2015 18:00,9,8,1
8/8/2015 19:00,0,0,0
8/8/2015 20:00,7,4,3
8/8/2015 21:00,2,2,0
8/8/2015 22:00,6,6,0
8/8/2015 23:00,0,0,0
8/9/2015 0:00,2,2,0
8/9/2015 1:00,1,1,0
8/9/2015 2:00,0,0,0
8/9/2015 3:00,0,0,0
8/9/2015 4:00,0,0,0
8/9/2015 5:00,0,0,0
8/9/2015 6:00,0,0,0
8/9/2015 7:00,2,0,2
8/9/2015 8:00,4,1,3
8/9/2015 9:00,7,5,2
8/9/2015 10:00,9,3,6
8/9/2015 11:00,22,7,15
8/9/2015 12:00,17,10,7
8/9/2015 13:00,49,24,25
8/9/2015 14:00,31,18,13
8/9/2015 15:00,10,3,7
8/9/2015 16:00,25,6,19
8/9/2015 17:00,9,4,5
8/9/2015 18:00,0,0,0
8/9/2015 19:00,0,0,0
8/9/2015 20:00,10,8,2
8/9/2015 21:00,3,3,0
8/9/2015 22:00,4,4,0
8/9/2015 23:00,2,0,2
8/10/2015 0:00,2,1,1
8/10/2015 1:00,0,0,0
8/10/2015 2:00,0,0,0
8/10/2015 3:00,0,0,0
8/10/2015 4:00,2,1,1
8/10/2015 5:00,0,0,0
8/10/2015 6:00,4,1,3
8/10/2015 7:00,4,1,3
8/10/2015 8:00,10,4,6
8/10/2015 9:00,8,2,6
8/10/2015 10:00,7,5,2
8/10/2015 11:00,6,2,4
8/10/2015 12:00,12,3,9
8/10/2015 13:00,8,5,3
8/10/2015 14:00,12,5,7
8/10/2015 15:00,9,2,7
8/10/2015 16:00,19,12,7
8/10/2015 17:00,15,5,10
8/10/2015 18:00,23,16,7
8/10/2015 19:00,24,13,11
8/10/2015 20:00,13,9,4
8/10/2015 21:00,6,3,3
8/10/2015 22:00,3,0,3
8/10/2015 23:00,0,0,0
8/11/2015 0:00,0,0,0
8/11/2015 1:00,0,0,0
8/11/2015 2:00,2,2,0
8/11/2015 3:00,0,0,0
8/11/2015 4:00,2,1,1
8/11/2015 5:00,1,0,1
8/11/2015 6:00,4,0,4
8/11/2015 7:00,16,5,11
8/11/2015 8:00,9,5,4
8/11/2015 9:00,8,4,4
8/11/2015 10:00,6,2,4
8/11/2015 11:00,7,3,4
8/11/2015 12:00,15,11,4
8/11/2015 13:00,10,3,7
8/11/2015 14:00,6,1,5
8/11/2015 15:00,8,2,6
8/11/2015 16:00,16,12,4
8/11/2015 17:00,19,9,10
8/11/2015 18:00,20,11,9
8/11/2015 19:00,11,5,6
8/11/2015 20:00,7,5,2
8/11/2015 21:00,4,0,4
8/11/2015 22:00,5,4,1
8/11/2015 23:00,5,4,1
8/12/2015 0:00,2,0,2
8/12/2015 1:00,1,1,0
8/12/2015 2:00,0,0,0
8/12/2015 3:00,0,0,0
8/12/2015 4:00,1,0,1
8/12/2015 5:00,0,0,0
8/12/2015 6:00,5,4,1
8/12/2015 7:00,8,3,5
8/12/2015 8:00,16,5,11
8/12/2015 9:00,6,2,4
8/12/2015 10:00,13,1,12
8/12/2015 11:00,6,2,4
8/12/2015 12:00,6,2,4
8/12/2015 13:00,12,6,6
8/12/2015 14:00,2,0,2
8/12/2015 15:00,4,3,1
8/12/2015 16:00,10,4,6
8/12/2015 17:00,22,11,11
8/12/2015 18:00,26,11,15
8/12/2015 19:00,9,4,5
8/12/2015 20:00,24,19,5
8/12/2015 21:00,7,5,2
8/12/2015 22:00,9,6,3
8/12/2015 23:00,1,0,1
8/13/2015 0:00,0,0,0
8/13/2015 1:00,0,0,0
8/13/2015 2:00,1,1,0
8/13/2015 3:00,0,0,0
8/13/2015 4:00,1,0,1
8/13/2015 5:00,3,2,1
8/13/2015 6:00,6,2,4
8/13/2015 7:00,5,3,2
8/13/2015 8:00,14,7,7
8/13/2015 9:00,9,4,5
8/13/2015 10:00,13,9,4
8/13/2015 11:00,7,3,4
8/13/2015 12:00,17,6,11
8/13/2015 13:00,9,4,5
8/13/2015 14:00,14,8,6
8/13/2015 15:00,8,5,3
8/13/2015 16:00,14,8,6
8/13/2015 17:00,18,13,5
8/13/2015 18:00,10,6,4
8/13/2015 19:00,23,10,13
8/13/2015 20:00,19,12,7
8/13/2015 21:00,4,3,1
8/13/2015 22:00,3,2,1
8/13/2015 23:00,2,1,1
8/14/2015 0:00,0,0,0
8/14/2015 1:00,0,0,0
8/14/2015 2:00,2,2,0
8/14/2015 3:00,0,0,0
8/14/2015 4:00,2,1,1
8/14/2015 5:00,1,0,1
8/14/2015 6:00,3,1,2
8/14/2015 7:00,4,1,3
8/14/2015 8:00,6,3,3
8/14/2015 9:00,8,3,5
8/14/2015 10:00,10,3,7
8/14/2015 11:00,4,3,1
8/14/2015 12:00,4,4,0
8/14/2015 13:00,5,1,4
8/14/2015 14:00,2,1,1
8/14/2015 15:00,1,1,0
8/14/2015 16:00,2,1,1
8/14/2015 17:00,8,4,4
8/14/2015 18:00,7,5,2
8/14/2015 19:00,2,2,0
8/14/2015 20:00,0,0,0
8/14/2015 21:00,2,0,2
8/14/2015 22:00,0,0,0
8/14/2015 23:00,1,1,0
8/15/2015 0:00,2,2,0
8/15/2015 1:00,0,0,0
8/15/2015 2:00,0,0,0
8/15/2015 3:00,0,0,0
8/15/2015 4:00,0,0,0
8/15/2015 5:00,1,1,0
8/15/2015 6:00,1,1,0
8/15/2015 7:00,2,1,1
8/15/2015 8:00,5,1,4
8/15/2015 9:00,5,5,0
8/15/2015 10:00,10,5,5
8/15/2015 11:00,16,9,7
8/15/2015 12:00,24,15,9
8/15/2015 13:00,17,3,14
8/15/2015 14:00,20,10,10
8/15/2015 15:00,16,8,8
8/15/2015 16:00,7,4,3
8/15/2015 17:00,13,7,6
8/15/2015 18:00,11,5,6
8/15/2015 19:00,6,3,3
8/15/2015 20:00,5,2,3
8/15/2015 21:00,4,4,0
8/15/2015 22:00,5,2,3
8/15/2015 23:00,0,0,0
8/16/2015 0:00,1,0,1
8/16/2015 1:00,2,1,1
8/16/2015 2:00,0,0,0
8/16/2015 3:00,0,0,0
8/16/2015 4:00,0,0,0
8/16/2015 5:00,2,1,1
8/16/2015 6:00,1,1,0
8/16/2015 7:00,3,2,1
8/16/2015 8:00,4,1,3
8/16/2015 9:00,11,6,5
8/16/2015 10:00,14,8,6
8/16/2015 11:00,16,5,11
8/16/2015 12:00,15,4,11
8/16/2015 13:00,21,8,13
8/16/2015 14:00,24,13,11
8/16/2015 15:00,18,11,7
8/16/2015 16:00,17,10,7
8/16/2015 17:00,20,12,8
8/16/2015 18:00,17,4,13
8/16/2015 19:00,7,3,4
8/16/2015 20:00,3,2,1
8/16/2015 21:00,10,6,4
8/16/2015 22:00,3,2,1
8/16/2015 23:00,0,0,0
8/17/2015 0:00,1,1,0
8/17/2015 1:00,2,2,0
8/17/2015 2:00,1,0,1
8/17/2015 3:00,0,0,0
8/17/2015 4:00,1,0,1
8/17/2015 5:00,1,1,0
8/17/2015 6:00,2,0,2
8/17/2015 7:00,10,6,4
8/17/2015 8:00,8,3,5
8/17/2015 9:00,11,2,9
8/17/2015 10:00,3,0,3
8/17/2015 11:00,6,2,4
8/17/2015 12:00,18,15,3
8/17/2015 13:00,13,7,6
8/17/2015 14:00,7,2,5
8/17/2015 15:00,9,7,2
8/17/2015 16:00,30,12,18
8/17/2015 17:00,17,11,6
8/17/2015 18:00,15,9,6
8/17/2015 19:00,17,10,7
8/17/2015 20:00,9,3,6
8/17/2015 21:00,3,3,0
8/17/2015 22:00,3,0,3
8/17/2015 23:00,0,0,0
8/18/2015 0:00,2,1,1
8/18/2015 1:00,3,1,2
8/18/2015 2:00,4,2,2
8/18/2015 3:00,1,0,1
8/18/2015 4:00,1,0,1
8/18/2015 5:00,0,0,0
8/18/2015 6:00,6,2,4
8/18/2015 7:00,14,9,5
8/18/2015 8:00,11,4,7
8/18/2015 9:00,9,2,7
8/18/2015 10:00,9,5,4
8/18/2015 11:00,10,3,7
8/18/2015 12:00,13,6,7
8/18/2015 13:00,9,5,4
8/18/2015 14:00,11,4,7
8/18/2015 15:00,12,7,5
8/18/2015 16:00,17,12,5
8/18/2015 17:00,23,11,12
8/18/2015 18:00,27,16,11
8/18/2015 19:00,21,9,12
8/18/2015 20:00,11,5,6
8/18/2015 21:00,9,8,1
8/18/2015 22:00,2,2,0
8/18/2015 23:00,3,2,1
8/19/2015 0:00,1,1,0
8/19/2015 1:00,0,0,0
8/19/2015 2:00,0,0,0
8/19/2015 3:00,0,0,0
8/19/2015 4:00,1,0,1
8/19/2015 5:00,1,0,1
8/19/2015 6:00,3,1,2
8/19/2015 7:00,13,10,3
8/19/2015 8:00,16,7,9
8/19/2015 9:00,13,7,6
8/19/2015 10:00,8,2,6
8/19/2015 11:00,11,7,4
8/19/2015 12:00,14,7,7
8/19/2015 13:00,10,6,4
8/19/2015 14:00,18,11,7
8/19/2015 15:00,11,7,4
8/19/2015 16:00,14,5,9
8/19/2015 17:00,19,14,5
8/19/2015 18:00,26,19,7
8/19/2015 19:00,23,13,10
8/19/2015 20:00,8,5,3
8/19/2015 21:00,4,0,4
8/19/2015 22:00,4,3,1
8/19/2015 23:00,1,1,0
8/20/2015 0:00,4,3,1
8/20/2015 1:00,1,1,0
8/20/2015 2:00,0,0,0
8/20/2015 3:00,0,0,0
8/20/2015 4:00,1,0,1
8/20/2015 5:00,1,0,1
8/20/2015 6:00,1,0,1
8/20/2015 7:00,6,5,1
8/20/2015 8:00,10,6,4
8/20/2015 9:00,8,4,4
8/20/2015 10:00,18,7,11
8/20/2015 11:00,7,6,1
8/20/2015 12:00,7,4,3
8/20/2015 13:00,9,5,4
8/20/2015 14:00,4,0,4
8/20/2015 15:00,9,2,7
8/20/2015 16:00,8,4,4
8/20/2015 17:00,13,9,4
8/20/2015 18:00,29,20,9
8/20/2015 19:00,15,5,10
8/20/2015 20:00,6,2,4
8/20/2015 21:00,5,5,0
8/20/2015 22:00,5,5,0
8/20/2015 23:00,6,5,1
8/21/2015 0:00,2,1,1
8/21/2015 1:00,0,0,0
8/21/2015 2:00,0,0,0
8/21/2015 3:00,1,0,1
8/21/2015 4:00,1,0,1
8/21/2015 5:00,0,0,0
8/21/2015 6:00,5,4,1
8/21/2015 7:00,2,1,1
8/21/2015 8:00,12,8,4
8/21/2015 9:00,7,1,6
8/21/2015 10:00,11,7,4
8/21/2015 11:00,14,5,9
8/21/2015 12:00,17,15,2
8/21/2015 13:00,12,5,7
8/21/2015 14:00,5,2,3
8/21/2015 15:00,15,7,8
8/21/2015 16:00,11,6,5
8/21/2015 17:00,21,15,6
8/21/2015 18:00,14,3,11
8/21/2015 19:00,12,7,5
8/21/2015 20:00,12,5,7
8/21/2015 21:00,2,2,0
8/21/2015 22:00,6,3,3
8/21/2015 23:00,3,3,0
8/22/2015 0:00,0,0,0
8/22/2015 1:00,0,0,0
8/22/2015 2:00,2,2,0
8/22/2015 3:00,0,0,0
8/22/2015 4:00,0,0,0
8/22/2015 5:00,0,0,0
8/22/2015 6:00,0,0,0
8/22/2015 7:00,3,2,1
8/22/2015 8:00,2,1,1
8/22/2015 9:00,10,5,5
8/22/2015 10:00,15,3,12
8/22/2015 11:00,16,9,7
8/22/2015 12:00,22,9,13
8/22/2015 13:00,21,7,14
8/22/2015 14:00,9,4,5
8/22/2015 15:00,10,4,6
8/22/2015 16:00,17,9,8
8/22/2015 17:00,11,8,3
8/22/2015 18:00,11,5,6
8/22/2015 19:00,14,9,5
8/22/2015 20:00,12,7,5
8/22/2015 21:00,5,4,1
8/22/2015 22:00,4,3,1
8/22/2015 23:00,2,2,0
8/23/2015 0:00,1,1,0
8/23/2015 1:00,0,0,0
8/23/2015 2:00,1,0,1
8/23/2015 3:00,0,0,0
8/23/2015 4:00,0,0,0
8/23/2015 5:00,0,0,0
8/23/2015 6:00,1,0,1
8/23/2015 7:00,1,1,0
8/23/2015 8:00,7,2,5
8/23/2015 9:00,10,4,6
8/23/2015 10:00,12,4,8
8/23/2015 11:00,21,7,14
8/23/2015 12:00,30,12,18
8/23/2015 13:00,16,7,9
8/23/2015 14:00,14,3,11
8/23/2015 15:00,19,11,8
8/23/2015 16:00,13,6,7
8/23/2015 17:00,12,10,2
8/23/2015 18:00,4,2,2
8/23/2015 19:00,9,5,4
8/23/2015 20:00,2,1,1
8/23/2015 21:00,3,2,1
8/23/2015 22:00,1,1,0
8/23/2015 23:00,2,0,2
8/24/2015 0:00,1,0,1
8/24/2015 1:00,0,0,0
8/24/2015 2:00,0,0,0
8/24/2015 3:00,1,1,0
8/24/2015 4:00,3,1,2
8/24/2015 5:00,1,0,1
8/24/2015 6:00,6,1,5
8/24/2015 7:00,7,6,1
8/24/2015 8:00,10,7,3
8/24/2015 9:00,10,3,7
8/24/2015 10:00,9,4,5
8/24/2015 11:00,9,6,3
8/24/2015 12:00,8,6,2
8/24/2015 13:00,6,5,1
8/24/2015 14:00,13,8,5
8/24/2015 15:00,6,1,5
8/24/2015 16:00,23,9,14
8/24/2015 17:00,20,9,11
8/24/2015 18:00,19,9,10
8/24/2015 19:00,5,2,3
8/24/2015 20:00,0,0,0
8/24/2015 21:00,0,0,0
8/24/2015 22:00,0,0,0
8/24/2015 23:00,0,0,0
8/25/2015 0:00,0,0,0
8/25/2015 1:00,0,0,0
8/25/2015 2:00,0,0,0
8/25/2015 3:00,0,0,0
8/25/2015 4:00,0,0,0
8/25/2015 5:00,0,0,0
8/25/2015 6:00,0,0,0
8/25/2015 7:00,6,4,2
8/25/2015 8:00,15,5,10
8/25/2015 9:00,9,5,4
8/25/2015 10:00,4,1,3
8/25/2015 11:00,9,5,4
8/25/2015 12:00,9,7,2
8/25/2015 13:00,15,10,5
8/25/2015 14:00,8,4,4
8/25/2015 15:00,6,5,1
8/25/2015 16:00,14,8,6
8/25/2015 17:00,22,14,8
8/25/2015 18:00,19,11,8
8/25/2015 19:00,9,5,4
8/25/2015 20:00,7,4,3
8/25/2015 21:00,4,2,2
8/25/2015 22:00,6,3,3
8/25/2015 23:00,2,0,2
8/26/2015 0:00,0,0,0
8/26/2015 1:00,1,0,1
8/26/2015 2:00,2,2,0
8/26/2015 3:00,0,0,0
8/26/2015 4:00,1,0,1
8/26/2015 5:00,1,0,1
8/26/2015 6:00,4,1,3
8/26/2015 7:00,10,3,7
8/26/2015 8:00,14,8,6
8/26/2015 9:00,8,3,5
8/26/2015 10:00,6,2,4
8/26/2015 11:00,4,0,4
8/26/2015 12:00,9,4,5
8/26/2015 13:00,4,0,4
8/26/2015 14:00,11,5,6
8/26/2015 15:00,3,1,2
8/26/2015 16:00,17,8,9
8/26/2015 17:00,22,9,13
8/26/2015 18:00,23,12,11
8/26/2015 19:00,23,13,10
8/26/2015 20:00,8,5,3
8/26/2015 21:00,5,4,1
8/26/2015 22:00,6,4,2
8/26/2015 23:00,2,1,1
8/27/2015 0:00,2,0,2
8/27/2015 1:00,0,0,0
8/27/2015 2:00,0,0,0
8/27/2015 3:00,0,0,0
8/27/2015 4:00,2,1,1
8/27/2015 5:00,1,0,1
8/27/2015 6:00,2,1,1
8/27/2015 7:00,9,5,4
8/27/2015 8:00,19,10,9
8/27/2015 9:00,9,3,6
8/27/2015 10:00,5,2,3
8/27/2015 11:00,6,2,4
8/27/2015 12:00,11,7,4
8/27/2015 13:00,9,4,5
8/27/2015 14:00,6,3,3
8/27/2015 15:00,8,4,4
8/27/2015 16:00,11,4,7
8/27/2015 17:00,23,12,11
8/27/2015 18:00,10,7,3
8/27/2015 19:00,18,8,10
8/27/2015 20:00,6,1,5
8/27/2015 21:00,3,3,0
8/27/2015 22:00,3,2,1
8/27/2015 23:00,3,3,0
8/28/2015 0:00,0,0,0
8/28/2015 1:00,0,0,0
8/28/2015 2:00,0,0,0
8/28/2015 3:00,0,0,0
8/28/2015 4:00,2,1,1
8/28/2015 5:00,0,0,0
8/28/2015 6:00,2,1,1
8/28/2015 7:00,6,4,2
8/28/2015 8:00,6,2,4
8/28/2015 9:00,6,0,6
8/28/2015 10:00,9,2,7
8/28/2015 11:00,8,1,7
8/28/2015 12:00,17,10,7
8/28/2015 13:00,9,7,2
8/28/2015 14:00,8,6,2
8/28/2015 15:00,10,5,5
8/28/2015 16:00,20,17,3
8/28/2015 17:00,18,9,9
8/28/2015 18:00,8,8,0
8/28/2015 19:00,8,7,1
8/28/2015 20:00,7,3,4
8/28/2015 21:00,6,2,4
8/28/2015 22:00,1,1,0
8/28/2015 23:00,0,0,0
8/29/2015 0:00,1,1,0
8/29/2015 1:00,5,5,0
8/29/2015 2:00,0,0,0
8/29/2015 3:00,0,0,0
8/29/2015 4:00,0,0,0
8/29/2015 5:00,1,1,0
8/29/2015 6:00,1,1,0
8/29/2015 7:00,0,0,0
8/29/2015 8:00,3,1,2
8/29/2015 9:00,7,4,3
8/29/2015 10:00,4,0,4
8/29/2015 11:00,2,1,1
8/29/2015 12:00,4,2,2
8/29/2015 13:00,5,2,3
8/29/2015 14:00,6,3,3
8/29/2015 15:00,5,4,1
8/29/2015 16:00,4,2,2
8/29/2015 17:00,3,2,1
8/29/2015 18:00,2,1,1
8/29/2015 19:00,3,0,3
8/29/2015 20:00,2,1,1
8/29/2015 21:00,5,3,2
8/29/2015 22:00,3,3,0
8/29/2015 23:00,1,1,0
8/30/2015 0:00,0,0,0
8/30/2015 1:00,0,0,0
8/30/2015 2:00,0,0,0
8/30/2015 3:00,0,0,0
8/30/2015 4:00,0,0,0
8/30/2015 5:00,0,0,0
8/30/2015 6:00,0,0,0
8/30/2015 7:00,1,0,1
8/30/2015 8:00,3,1,2
8/30/2015 9:00,6,1,5
8/30/2015 10:00,8,5,3
8/30/2015 11:00,16,11,5
8/30/2015 12:00,14,3,11
8/30/2015 13:00,15,5,10
8/30/2015 14:00,9,7,2
8/30/2015 15:00,12,10,2
8/30/2015 16:00,11,5,6
8/30/2015 17:00,8,5,3
8/30/2015 18:00,5,1,4
8/30/2015 19:00,5,4,1
8/30/2015 20:00,3,1,2
8/30/2015 21:00,5,3,2
8/30/2015 22:00,1,1,0
8/30/2015 23:00,1,1,0
8/31/2015 0:00,1,1,0
8/31/2015 1:00,1,0,1
8/31/2015 2:00,1,0,1
8/31/2015 3:00,0,0,0
8/31/2015 4:00,1,0,1
8/31/2015 5:00,1,0,1
8/31/2015 6:00,5,1,4
8/31/2015 7:00,9,6,3
8/31/2015 8:00,5,3,2
8/31/2015 9:00,8,2,6
8/31/2015 10:00,6,3,3
8/31/2015 11:00,1,0,1
8/31/2015 12:00,8,5,3
8/31/2015 13:00,4,1,3
8/31/2015 14:00,6,3,3
8/31/2015 15:00,10,6,4
8/31/2015 16:00,5,5,0
8/31/2015 17:00,9,7,2
8/31/2015 18:00,10,7,3
8/31/2015 19:00,8,4,4
8/31/2015 20:00,5,4,1
8/31/2015 21:00,5,0,5
8/31/2015 22:00,4,3,1
8/31/2015 23:00,0,0,0
9/1/2015 0:00,0,0,0
9/1/2015 1:00,1,0,1
9/1/2015 2:00,1,1,0
9/1/2015 3:00,1,1,0
9/1/2015 4:00,0,0,0
9/1/2015 5:00,1,0,1
9/1/2015 6:00,4,3,1
9/1/2015 7:00,7,4,3
9/1/2015 8:00,9,4,5
9/1/2015 9:00,9,2,7
9/1/2015 10:00,6,5,1
9/1/2015 11:00,5,1,4
9/1/2015 12:00,10,5,5
9/1/2015 13:00,5,1,4
9/1/2015 14:00,9,3,6
9/1/2015 15:00,4,2,2
9/1/2015 16:00,9,5,4
9/1/2015 17:00,14,8,6
9/1/2015 18:00,10,4,6
9/1/2015 19:00,11,5,6
9/1/2015 20:00,0,0,0
9/1/2015 21:00,3,1,2
9/1/2015 22:00,2,0,2
9/1/2015 23:00,0,0,0
9/2/2015 0:00,0,0,0
9/2/2015 1:00,1,0,1
9/2/2015 2:00,0,0,0
9/2/2015 3:00,0,0,0
9/2/2015 4:00,0,0,0
9/2/2015 5:00,1,0,1
9/2/2015 6:00,5,2,3
9/2/2015 7:00,13,6,7
9/2/2015 8:00,10,6,4
9/2/2015 9:00,12,6,6
9/2/2015 10:00,5,2,3
9/2/2015 11:00,0,0,0
9/2/2015 12:00,8,5,3
9/2/2015 13:00,6,4,2
9/2/2015 14:00,11,7,4
9/2/2015 15:00,8,4,4
9/2/2015 16:00,11,9,2
9/2/2015 17:00,9,4,5
9/2/2015 18:00,34,18,16
9/2/2015 19:00,13,8,5
9/2/2015 20:00,2,1,1
9/2/2015 21:00,3,1,2
9/2/2015 22:00,4,1,3
9/2/2015 23:00,1,0,1
9/3/2015 0:00,1,0,1
9/3/2015 1:00,2,2,0
9/3/2015 2:00,1,1,0
9/3/2015 3:00,0,0,0
9/3/2015 4:00,1,0,1
9/3/2015 5:00,1,0,1
9/3/2015 6:00,3,0,3
9/3/2015 7:00,7,5,2
9/3/2015 8:00,13,5,8
9/3/2015 9:00,6,4,2
9/3/2015 10:00,4,2,2
9/3/2015 11:00,10,5,5
9/3/2015 12:00,19,14,5
9/3/2015 13:00,11,3,8
9/3/2015 14:00,5,0,5
9/3/2015 15:00,17,13,4
9/3/2015 16:00,11,7,4
9/3/2015 17:00,11,9,2
9/3/2015 18:00,19,10,9
9/3/2015 19:00,6,3,3
9/3/2015 20:00,9,6,3
9/3/2015 21:00,1,1,0
9/3/2015 22:00,1,0,1
9/3/2015 23:00,4,2,2
9/4/2015 0:00,0,0,0
9/4/2015 1:00,0,0,0
9/4/2015 2:00,1,0,1
9/4/2015 3:00,0,0,0
9/4/2015 4:00,0,0,0
9/4/2015 5:00,1,0,1
9/4/2015 6:00,2,2,0
9/4/2015 7:00,4,1,3
9/4/2015 8:00,14,6,8
9/4/2015 9:00,7,3,4
9/4/2015 10:00,6,3,3
9/4/2015 11:00,10,5,5
9/4/2015 12:00,4,3,1
9/4/2015 13:00,9,6,3
9/4/2015 14:00,6,3,3
9/4/2015 15:00,6,3,3
9/4/2015 16:00,15,8,7
9/4/2015 17:00,14,8,6
9/4/2015 18:00,10,6,4
9/4/2015 19:00,8,4,4
9/4/2015 20:00,2,0,2
9/4/2015 21:00,5,2,3
9/4/2015 22:00,1,0,1
9/4/2015 23:00,2,1,1
9/5/2015 0:00,3,3,0
9/5/2015 1:00,1,1,0
9/5/2015 2:00,1,0,1
9/5/2015 3:00,0,0,0
9/5/2015 4:00,0,0,0
9/5/2015 5:00,0,0,0
9/5/2015 6:00,0,0,0
9/5/2015 7:00,4,1,3
9/5/2015 8:00,5,3,2
9/5/2015 9:00,3,1,2
9/5/2015 10:00,7,1,6
9/5/2015 11:00,15,10,5
9/5/2015 12:00,19,5,14
9/5/2015 13:00,4,1,3
9/5/2015 14:00,27,18,9
9/5/2015 15:00,6,2,4
9/5/2015 16:00,12,5,7
9/5/2015 17:00,6,3,3
9/5/2015 18:00,2,2,0
9/5/2015 19:00,0,0,0
9/5/2015 20:00,7,4,3
9/5/2015 21:00,4,2,2
9/5/2015 22:00,0,0,0
9/5/2015 23:00,1,1,0
9/6/2015 0:00,1,1,0
9/6/2015 1:00,0,0,0
9/6/2015 2:00,0,0,0
9/6/2015 3:00,0,0,0
9/6/2015 4:00,0,0,0
9/6/2015 5:00,1,1,0
9/6/2015 6:00,0,0,0
9/6/2015 7:00,2,1,1
9/6/2015 8:00,3,2,1
9/6/2015 9:00,4,2,2
9/6/2015 10:00,1,1,0
9/6/2015 11:00,4,2,2
9/6/2015 12:00,6,3,3
9/6/2015 13:00,4,3,1
9/6/2015 14:00,15,8,7
9/6/2015 15:00,11,5,6
9/6/2015 16:00,12,4,8
9/6/2015 17:00,4,4,0
9/6/2015 18:00,2,1,1
9/6/2015 19:00,4,3,1
9/6/2015 20:00,2,1,1
9/6/2015 21:00,0,0,0
9/6/2015 22:00,0,0,0
9/6/2015 23:00,1,0,1
9/7/2015 0:00,1,1,0
9/7/2015 1:00,1,0,1
9/7/2015 2:00,0,0,0
9/7/2015 3:00,0,0,0
9/7/2015 4:00,1,1,0
9/7/2015 5:00,0,0,0
9/7/2015 6:00,0,0,0
9/7/2015 7:00,2,0,2
9/7/2015 8:00,3,0,3
9/7/2015 9:00,16,7,9
9/7/2015 10:00,10,3,7
9/7/2015 11:00,4,3,1
9/7/2015 12:00,20,11,9
9/7/2015 13:00,15,13,2
9/7/2015 14:00,22,18,4
9/7/2015 15:00,17,9,8
9/7/2015 16:00,14,11,3
9/7/2015 17:00,20,8,12
9/7/2015 18:00,11,6,5
9/7/2015 19:00,8,5,3
9/7/2015 20:00,7,3,4
9/7/2015 21:00,6,4,2
9/7/2015 22:00,3,3,0
9/7/2015 23:00,0,0,0
9/8/2015 0:00,0,0,0
9/8/2015 1:00,1,0,1
9/8/2015 2:00,0,0,0
9/8/2015 3:00,0,0,0
9/8/2015 4:00,1,0,1
9/8/2015 5:00,0,0,0
9/8/2015 6:00,2,0,2
9/8/2015 7:00,7,5,2
9/8/2015 8:00,17,9,8
9/8/2015 9:00,6,3,3
9/8/2015 10:00,7,5,2
9/8/2015 11:00,8,4,4
9/8/2015 12:00,5,1,4
9/8/2015 13:00,8,4,4
9/8/2015 14:00,8,5,3
9/8/2015 15:00,5,3,2
9/8/2015 16:00,8,3,5
9/8/2015 17:00,2,2,0
9/8/2015 18:00,7,4,3
9/8/2015 19:00,4,0,4
9/8/2015 20:00,4,3,1
9/8/2015 21:00,6,2,4
9/8/2015 22:00,3,2,1
9/8/2015 23:00,0,0,0
9/9/2015 0:00,0,0,0
9/9/2015 1:00,0,0,0
9/9/2015 2:00,2,0,2
9/9/2015 3:00,0,0,0
9/9/2015 4:00,1,0,1
9/9/2015 5:00,3,1,2
9/9/2015 6:00,6,2,4
9/9/2015 7:00,10,2,8
9/9/2015 8:00,11,8,3
9/9/2015 9:00,5,0,5
9/9/2015 10:00,9,4,5
9/9/2015 11:00,10,4,6
9/9/2015 12:00,15,8,7
9/9/2015 13:00,8,4,4
9/9/2015 14:00,10,4,6
9/9/2015 15:00,11,7,4
9/9/2015 16:00,19,11,8
9/9/2015 17:00,16,11,5
9/9/2015 18:00,39,18,21
9/9/2015 19:00,18,10,8
9/9/2015 20:00,15,11,4
9/9/2015 21:00,5,4,1
9/9/2015 22:00,2,0,2
9/9/2015 23:00,1,1,0
9/10/2015 0:00,0,0,0
9/10/2015 1:00,1,0,1
9/10/2015 2:00,0,0,0
9/10/2015 3:00,0,0,0
9/10/2015 4:00,0,0,0
9/10/2015 5:00,0,0,0
9/10/2015 6:00,3,2,1
9/10/2015 7:00,11,5,6
9/10/2015 8:00,19,12,7
9/10/2015 9:00,8,2,6
9/10/2015 10:00,6,2,4
9/10/2015 11:00,8,3,5
9/10/2015 12:00,4,3,1
9/10/2015 13:00,8,3,5
9/10/2015 14:00,14,11,3
9/10/2015 15:00,7,4,3
9/10/2015 16:00,15,10,5
9/10/2015 17:00,16,6,10
9/10/2015 18:00,13,5,8
9/10/2015 19:00,14,4,10
9/10/2015 20:00,9,8,1
9/10/2015 21:00,1,1,0
9/10/2015 22:00,2,1,1
9/10/2015 23:00,2,2,0
9/11/2015 0:00,2,2,0
9/11/2015 1:00,0,0,0
9/11/2015 2:00,3,2,1
9/11/2015 3:00,0,0,0
9/11/2015 4:00,0,0,0
9/11/2015 5:00,0,0,0
9/11/2015 6:00,1,0,1
9/11/2015 7:00,2,1,1
9/11/2015 8:00,16,10,6
9/11/2015 9:00,7,2,5
9/11/2015 10:00,6,3,3
9/11/2015 11:00,8,2,6
9/11/2015 12:00,8,4,4
9/11/2015 13:00,9,4,5
9/11/2015 14:00,8,3,5
9/11/2015 15:00,6,2,4
9/11/2015 16:00,12,9,3
9/11/2015 17:00,16,6,10
9/11/2015 18:00,25,9,16
9/11/2015 19:00,16,8,8
9/11/2015 20:00,8,6,2
9/11/2015 21:00,6,3,3
9/11/2015 22:00,2,1,1
9/11/2015 23:00,0,0,0
9/12/2015 0:00,2,1,1
9/12/2015 1:00,0,0,0
9/12/2015 2:00,1,0,1
9/12/2015 3:00,1,0,1
9/12/2015 4:00,0,0,0
9/12/2015 5:00,0,0,0
9/12/2015 6:00,1,0,1
9/12/2015 7:00,1,0,1
9/12/2015 8:00,4,1,3
9/12/2015 9:00,11,5,6
9/12/2015 10:00,10,5,5
9/12/2015 11:00,9,3,6
9/12/2015 12:00,16,8,8
9/12/2015 13:00,20,7,13
9/12/2015 14:00,16,9,7
9/12/2015 15:00,16,12,4
9/12/2015 16:00,12,3,9
9/12/2015 17:00,24,12,12
9/12/2015 18:00,28,20,8
9/12/2015 19:00,9,6,3
9/12/2015 20:00,8,4,4
9/12/2015 21:00,3,0,3
9/12/2015 22:00,4,2,2
9/12/2015 23:00,0,0,0
9/13/2015 0:00,0,0,0
9/13/2015 1:00,1,0,1
9/13/2015 2:00,0,0,0
9/13/2015 3:00,0,0,0
9/13/2015 4:00,0,0,0
9/13/2015 5:00,0,0,0
9/13/2015 6:00,1,0,1
9/13/2015 7:00,0,0,0
9/13/2015 8:00,4,1,3
9/13/2015 9:00,9,5,4
9/13/2015 10:00,8,5,3
9/13/2015 11:00,3,2,1
9/13/2015 12:00,7,5,2
9/13/2015 13:00,9,3,6
9/13/2015 14:00,6,2,4
9/13/2015 15:00,5,3,2
9/13/2015 16:00,7,6,1
9/13/2015 17:00,6,2,4
9/13/2015 18:00,10,4,6
9/13/2015 19:00,7,5,2
9/13/2015 20:00,5,4,1
9/13/2015 21:00,2,2,0
9/13/2015 22:00,0,0,0
9/13/2015 23:00,1,0,1
9/14/2015 0:00,1,0,1
9/14/2015 1:00,0,0,0
9/14/2015 2:00,1,0,1
9/14/2015 3:00,1,0,1
9/14/2015 4:00,0,0,0
9/14/2015 5:00,1,0,1
9/14/2015 6:00,3,0,3
9/14/2015 7:00,8,6,2
9/14/2015 8:00,13,7,6
9/14/2015 9:00,6,1,5
9/14/2015 10:00,7,4,3
9/14/2015 11:00,3,2,1
9/14/2015 12:00,8,4,4
9/14/2015 13:00,7,5,2
9/14/2015 14:00,14,5,9
9/14/2015 15:00,7,5,2
9/14/2015 16:00,17,15,2
9/14/2015 17:00,15,8,7
9/14/2015 18:00,10,1,9
9/14/2015 19:00,14,7,7
9/14/2015 20:00,4,2,2
9/14/2015 21:00,0,0,0
9/14/2015 22:00,1,1,0
9/14/2015 23:00,2,0,2
9/15/2015 0:00,0,0,0
9/15/2015 1:00,0,0,0
9/15/2015 2:00,0,0,0
9/15/2015 3:00,1,0,1
9/15/2015 4:00,0,0,0
9/15/2015 5:00,1,0,1
9/15/2015 6:00,4,1,3
9/15/2015 7:00,9,6,3
9/15/2015 8:00,9,7,2
9/15/2015 9:00,8,2,6
9/15/2015 10:00,6,4,2
9/15/2015 11:00,6,3,3
9/15/2015 12:00,8,3,5
9/15/2015 13:00,8,7,1
9/15/2015 14:00,3,1,2
9/15/2015 15:00,14,9,5
9/15/2015 16:00,13,9,4
9/15/2015 17:00,13,7,6
9/15/2015 18:00,14,3,11
9/15/2015 19:00,6,2,4
9/15/2015 20:00,6,5,1
9/15/2015 21:00,5,4,1
9/15/2015 22:00,2,1,1
9/15/2015 23:00,2,1,1
9/16/2015 0:00,0,0,0
9/16/2015 1:00,3,3,0
9/16/2015 2:00,2,1,1
9/16/2015 3:00,1,0,1
9/16/2015 4:00,0,0,0
9/16/2015 5:00,0,0,0
9/16/2015 6:00,5,1,4
9/16/2015 7:00,9,3,6
9/16/2015 8:00,9,5,4
9/16/2015 9:00,13,4,9
9/16/2015 10:00,14,9,5
9/16/2015 11:00,0,0,0
9/16/2015 12:00,11,7,4
9/16/2015 13:00,10,8,2
9/16/2015 14:00,12,7,5
9/16/2015 15:00,9,0,9
9/16/2015 16:00,16,12,4
9/16/2015 17:00,28,16,12
9/16/2015 18:00,23,11,12
9/16/2015 19:00,13,10,3
9/16/2015 20:00,9,5,4
9/16/2015 21:00,4,3,1
9/16/2015 22:00,2,1,1
9/16/2015 23:00,1,1,0
9/17/2015 0:00,2,0,2
9/17/2015 1:00,1,0,1
9/17/2015 2:00,1,0,1
9/17/2015 3:00,0,0,0
9/17/2015 4:00,0,0,0
9/17/2015 5:00,2,0,2
9/17/2015 6:00,3,0,3
9/17/2015 7:00,1,1,0
9/17/2015 8:00,8,4,4
9/17/2015 9:00,6,4,2
9/17/2015 10:00,2,1,1
9/17/2015 11:00,2,1,1
9/17/2015 12:00,0,0,0
9/17/2015 13:00,6,4,2
9/17/2015 14:00,5,3,2
9/17/2015 15:00,11,8,3
9/17/2015 16:00,11,5,6
9/17/2015 17:00,7,2,5
9/17/2015 18:00,2,0,2
9/17/2015 19:00,4,3,1
9/17/2015 20:00,1,1,0
9/17/2015 21:00,5,3,2
9/17/2015 22:00,1,0,1
9/17/2015 23:00,1,0,1
9/18/2015 0:00,1,1,0
9/18/2015 1:00,0,0,0
9/18/2015 2:00,3,2,1
9/18/2015 3:00,0,0,0
9/18/2015 4:00,0,0,0
9/18/2015 5:00,0,0,0
9/18/2015 6:00,1,0,1
9/18/2015 7:00,6,3,3
9/18/2015 8:00,12,7,5
9/18/2015 9:00,17,5,12
9/18/2015 10:00,5,1,4
9/18/2015 11:00,8,4,4
9/18/2015 12:00,5,1,4
9/18/2015 13:00,8,6,2
9/18/2015 14:00,11,6,5
9/18/2015 15:00,7,3,4
9/18/2015 16:00,16,9,7
9/18/2015 17:00,14,11,3
9/18/2015 18:00,19,7,12
9/18/2015 19:00,10,4,6
9/18/2015 20:00,4,3,1
9/18/2015 21:00,3,2,1
9/18/2015 22:00,2,2,0
9/18/2015 23:00,2,1,1
9/19/2015 0:00,4,2,2
9/19/2015 1:00,0,0,0
9/19/2015 2:00,2,2,0
9/19/2015 3:00,0,0,0
9/19/2015 4:00,1,1,0
9/19/2015 5:00,1,0,1
9/19/2015 6:00,0,0,0
9/19/2015 7:00,4,1,3
9/19/2015 8:00,7,4,3
9/19/2015 9:00,52,9,43
9/19/2015 10:00,25,14,11
9/19/2015 11:00,76,14,62
9/19/2015 12:00,113,61,52
9/19/2015 13:00,179,116,63
9/19/2015 14:00,192,109,83
9/19/2015 15:00,82,50,32
9/19/2015 16:00,30,21,9
9/19/2015 17:00,27,9,18
9/19/2015 18:00,8,5,3
9/19/2015 19:00,18,15,3
9/19/2015 20:00,5,5,0
9/19/2015 21:00,1,1,0
9/19/2015 22:00,3,1,2
9/19/2015 23:00,6,2,4
9/20/2015 0:00,2,0,2
9/20/2015 1:00,0,0,0
9/20/2015 2:00,1,1,0
9/20/2015 3:00,1,0,1
9/20/2015 4:00,0,0,0
9/20/2015 5:00,0,0,0
9/20/2015 6:00,3,2,1
9/20/2015 7:00,1,0,1
9/20/2015 8:00,2,2,0
9/20/2015 9:00,11,5,6
9/20/2015 10:00,14,5,9
9/20/2015 11:00,23,13,10
9/20/2015 12:00,18,11,7
9/20/2015 13:00,16,6,10
9/20/2015 14:00,11,5,6
9/20/2015 15:00,22,14,8
9/20/2015 16:00,26,11,15
9/20/2015 17:00,18,7,11
9/20/2015 18:00,10,5,5
9/20/2015 19:00,2,0,2
9/20/2015 20:00,4,2,2
9/20/2015 21:00,6,5,1
9/20/2015 22:00,2,1,1
9/20/2015 23:00,1,1,0
9/21/2015 0:00,0,0,0
9/21/2015 1:00,2,1,1
9/21/2015 2:00,1,0,1
9/21/2015 3:00,0,0,0
9/21/2015 4:00,0,0,0
9/21/2015 5:00,1,0,1
9/21/2015 6:00,3,1,2
9/21/2015 7:00,7,5,2
9/21/2015 8:00,14,9,5
9/21/2015 9:00,10,4,6
9/21/2015 10:00,8,3,5
9/21/2015 11:00,13,5,8
9/21/2015 12:00,8,7,1
9/21/2015 13:00,12,5,7
9/21/2015 14:00,14,9,5
9/21/2015 15:00,7,2,5
9/21/2015 16:00,20,16,4
9/21/2015 17:00,22,12,10
9/21/2015 18:00,22,10,12
9/21/2015 19:00,10,6,4
9/21/2015 20:00,6,5,1
9/21/2015 21:00,3,2,1
9/21/2015 22:00,1,1,0
9/21/2015 23:00,0,0,0
9/22/2015 0:00,0,0,0
9/22/2015 1:00,0,0,0
9/22/2015 2:00,0,0,0
9/22/2015 3:00,2,2,0
9/22/2015 4:00,1,0,1
9/22/2015 5:00,2,1,1
9/22/2015 6:00,5,0,5
9/22/2015 7:00,6,5,1
9/22/2015 8:00,11,7,4
9/22/2015 9:00,11,6,5
9/22/2015 10:00,2,0,2
9/22/2015 11:00,10,8,2
9/22/2015 12:00,7,2,5
9/22/2015 13:00,10,5,5
9/22/2015 14:00,10,3,7
9/22/2015 15:00,10,8,2
9/22/2015 16:00,10,6,4
9/22/2015 17:00,30,15,15
9/22/2015 18:00,12,5,7
9/22/2015 19:00,16,10,6
9/22/2015 20:00,11,6,5
9/22/2015 21:00,10,7,3
9/22/2015 22:00,1,0,1
9/22/2015 23:00,2,2,0
9/23/2015 0:00,0,0,0
9/23/2015 1:00,0,0,0
9/23/2015 2:00,0,0,0
9/23/2015 3:00,0,0,0
9/23/2015 4:00,0,0,0
9/23/2015 5:00,2,0,2
9/23/2015 6:00,4,2,2
9/23/2015 7:00,9,5,4
9/23/2015 8:00,11,3,8
9/23/2015 9:00,5,3,2
9/23/2015 10:00,4,0,4
9/23/2015 11:00,5,0,5
9/23/2015 12:00,8,5,3
9/23/2015 13:00,5,2,3
9/23/2015 14:00,13,9,4
9/23/2015 15:00,12,8,4
9/23/2015 16:00,17,9,8
9/23/2015 17:00,24,16,8
9/23/2015 18:00,24,10,14
9/23/2015 19:00,19,11,8
9/23/2015 20:00,4,1,3
9/23/2015 21:00,4,4,0
9/23/2015 22:00,3,2,1
9/23/2015 23:00,2,2,0
9/24/2015 0:00,0,0,0
9/24/2015 1:00,0,0,0
9/24/2015 2:00,0,0,0
9/24/2015 3:00,2,1,1
9/24/2015 4:00,0,0,0
9/24/2015 5:00,1,0,1
9/24/2015 6:00,3,0,3
9/24/2015 7:00,8,7,1
9/24/2015 8:00,14,8,6
9/24/2015 9:00,8,5,3
9/24/2015 10:00,12,5,7
9/24/2015 11:00,5,2,3
9/24/2015 12:00,5,3,2
9/24/2015 13:00,9,2,7
9/24/2015 14:00,14,8,6
9/24/2015 15:00,10,7,3
9/24/2015 16:00,18,9,9
9/24/2015 17:00,14,9,5
9/24/2015 18:00,13,7,6
9/24/2015 19:00,19,11,8
9/24/2015 20:00,6,1,5
9/24/2015 21:00,8,7,1
9/24/2015 22:00,4,3,1
9/24/2015 23:00,0,0,0
9/25/2015 0:00,0,0,0
9/25/2015 1:00,0,0,0
9/25/2015 2:00,0,0,0
9/25/2015 3:00,2,2,0
9/25/2015 4:00,0,0,0
9/25/2015 5:00,0,0,0
9/25/2015 6:00,4,3,1
9/25/2015 7:00,7,4,3
9/25/2015 8:00,15,9,6
9/25/2015 9:00,6,3,3
9/25/2015 10:00,5,3,2
9/25/2015 11:00,3,1,2
9/25/2015 12:00,11,6,5
9/25/2015 13:00,8,6,2
9/25/2015 14:00,9,5,4
9/25/2015 15:00,10,6,4
9/25/2015 16:00,6,2,4
9/25/2015 17:00,22,13,9
9/25/2015 18:00,8,1,7
9/25/2015 19:00,11,7,4
9/25/2015 20:00,5,1,4
9/25/2015 21:00,2,2,0
9/25/2015 22:00,1,0,1
9/25/2015 23:00,0,0,0
9/26/2015 0:00,2,0,2
9/26/2015 1:00,5,3,2
9/26/2015 2:00,0,0,0
9/26/2015 3:00,0,0,0
9/26/2015 4:00,0,0,0
9/26/2015 5:00,0,0,0
9/26/2015 6:00,6,3,3
9/26/2015 7:00,2,1,1
9/26/2015 8:00,7,1,6
9/26/2015 9:00,6,1,5
9/26/2015 10:00,14,6,8
9/26/2015 11:00,33,25,8
9/26/2015 12:00,17,10,7
9/26/2015 13:00,16,11,5
9/26/2015 14:00,5,4,1
9/26/2015 15:00,11,4,7
9/26/2015 16:00,12,6,6
9/26/2015 17:00,9,7,2
9/26/2015 18:00,6,3,3
9/26/2015 19:00,6,2,4
9/26/2015 20:00,1,1,0
9/26/2015 21:00,0,0,0
9/26/2015 22:00,6,3,3
9/26/2015 23:00,1,1,0
9/27/2015 0:00,1,1,0
9/27/2015 1:00,2,1,1
9/27/2015 2:00,0,0,0
9/27/2015 3:00,0,0,0
9/27/2015 4:00,0,0,0
9/27/2015 5:00,0,0,0
9/27/2015 6:00,0,0,0
9/27/2015 7:00,3,0,3
9/27/2015 8:00,6,3,3
9/27/2015 9:00,11,4,7
9/27/2015 10:00,16,7,9
9/27/2015 11:00,16,9,7
9/27/2015 12:00,20,13,7
9/27/2015 13:00,15,9,6
9/27/2015 14:00,11,6,5
9/27/2015 15:00,15,12,3
9/27/2015 16:00,8,3,5
9/27/2015 17:00,7,3,4
9/27/2015 18:00,4,3,1
9/27/2015 19:00,3,1,2
9/27/2015 20:00,6,4,2
9/27/2015 21:00,0,0,0
9/27/2015 22:00,0,0,0
9/27/2015 23:00,1,1,0
9/28/2015 0:00,0,0,0
9/28/2015 1:00,0,0,0
9/28/2015 2:00,0,0,0
9/28/2015 3:00,0,0,0
9/28/2015 4:00,0,0,0
9/28/2015 5:00,1,0,1
9/28/2015 6:00,1,0,1
9/28/2015 7:00,7,4,3
9/28/2015 8:00,6,4,2
9/28/2015 9:00,13,5,8
9/28/2015 10:00,6,3,3
9/28/2015 11:00,7,4,3
9/28/2015 12:00,12,6,6
9/28/2015 13:00,8,4,4
9/28/2015 14:00,10,3,7
9/28/2015 15:00,7,1,6
9/28/2015 16:00,9,7,2
9/28/2015 17:00,15,8,7
9/28/2015 18:00,18,9,9
9/28/2015 19:00,13,6,7
9/28/2015 20:00,8,4,4
9/28/2015 21:00,6,6,0
9/28/2015 22:00,1,1,0
9/28/2015 23:00,2,2,0
9/29/2015 0:00,1,1,0
9/29/2015 1:00,0,0,0
9/29/2015 2:00,0,0,0
9/29/2015 3:00,0,0,0
9/29/2015 4:00,0,0,0
9/29/2015 5:00,3,2,1
9/29/2015 6:00,2,0,2
9/29/2015 7:00,8,5,3
9/29/2015 8:00,18,11,7
9/29/2015 9:00,10,4,6
9/29/2015 10:00,7,4,3
9/29/2015 11:00,6,2,4
9/29/2015 12:00,7,3,4
9/29/2015 13:00,7,1,6
9/29/2015 14:00,13,6,7
9/29/2015 15:00,12,5,7
9/29/2015 16:00,12,4,8
9/29/2015 17:00,24,15,9
9/29/2015 18:00,16,6,10
9/29/2015 19:00,20,6,14
9/29/2015 20:00,4,3,1
9/29/2015 21:00,7,7,0
9/29/2015 22:00,1,0,1
9/29/2015 23:00,3,1,2
9/30/2015 0:00,2,2,0
9/30/2015 1:00,0,0,0
9/30/2015 2:00,1,0,1
9/30/2015 3:00,0,0,0
9/30/2015 4:00,0,0,0
9/30/2015 5:00,3,2,1
9/30/2015 6:00,2,0,2
9/30/2015 7:00,12,7,5
9/30/2015 8:00,9,8,1
9/30/2015 9:00,13,5,8
9/30/2015 10:00,8,1,7
9/30/2015 11:00,2,0,2
9/30/2015 12:00,13,9,4
9/30/2015 13:00,9,5,4
9/30/2015 14:00,6,3,3
9/30/2015 15:00,10,4,6
9/30/2015 16:00,8,7,1
9/30/2015 17:00,17,6,11
9/30/2015 18:00,20,7,13
9/30/2015 19:00,9,5,4
9/30/2015 20:00,6,3,3
9/30/2015 21:00,2,1,1
9/30/2015 22:00,3,2,1
9/30/2015 23:00,1,1,0
10/1/2015 0:00,0,0,0
10/1/2015 1:00,0,0,0
10/1/2015 2:00,0,0,0
10/1/2015 3:00,0,0,0
10/1/2015 4:00,2,0,2
10/1/2015 5:00,1,0,1
10/1/2015 6:00,6,1,5
10/1/2015 7:00,7,5,2
10/1/2015 8:00,13,8,5
10/1/2015 9:00,5,3,2
10/1/2015 10:00,6,3,3
10/1/2015 11:00,4,3,1
10/1/2015 12:00,3,1,2
10/1/2015 13:00,16,9,7
10/1/2015 14:00,9,5,4
10/1/2015 15:00,8,2,6
10/1/2015 16:00,14,6,8
10/1/2015 17:00,15,10,5
10/1/2015 18:00,13,8,5
10/1/2015 19:00,7,2,5
10/1/2015 20:00,5,2,3
10/1/2015 21:00,2,1,1
10/1/2015 22:00,0,0,0
10/1/2015 23:00,2,2,0
10/2/2015 0:00,1,0,1
10/2/2015 1:00,0,0,0
10/2/2015 2:00,4,3,1
10/2/2015 3:00,0,0,0
10/2/2015 4:00,0,0,0
10/2/2015 5:00,0,0,0
10/2/2015 6:00,2,1,1
10/2/2015 7:00,7,4,3
10/2/2015 8:00,6,4,2
10/2/2015 9:00,8,3,5
10/2/2015 10:00,3,2,1
10/2/2015 11:00,5,3,2
10/2/2015 12:00,11,5,6
10/2/2015 13:00,3,1,2
10/2/2015 14:00,3,0,3
10/2/2015 15:00,10,4,6
10/2/2015 16:00,14,4,10
10/2/2015 17:00,18,8,10
10/2/2015 18:00,19,9,10
10/2/2015 19:00,11,3,8
10/2/2015 20:00,5,2,3
10/2/2015 21:00,3,3,0
10/2/2015 22:00,3,3,0
10/2/2015 23:00,0,0,0
10/3/2015 0:00,1,0,1
10/3/2015 1:00,0,0,0
10/3/2015 2:00,0,0,0
10/3/2015 3:00,1,0,1
10/3/2015 4:00,0,0,0
10/3/2015 5:00,0,0,0
10/3/2015 6:00,1,1,0
10/3/2015 7:00,3,3,0
10/3/2015 8:00,2,1,1
10/3/2015 9:00,6,1,5
10/3/2015 10:00,10,5,5
10/3/2015 11:00,8,2,6
10/3/2015 12:00,14,6,8
10/3/2015 13:00,12,5,7
10/3/2015 14:00,7,3,4
10/3/2015 15:00,9,5,4
10/3/2015 16:00,17,12,5
10/3/2015 17:00,9,3,6
10/3/2015 18:00,8,4,4
10/3/2015 19:00,12,8,4
10/3/2015 20:00,1,0,1
10/3/2015 21:00,3,2,1
10/3/2015 22:00,0,0,0
10/3/2015 23:00,2,1,1
10/4/2015 0:00,3,3,0
10/4/2015 1:00,0,0,0
10/4/2015 2:00,1,0,1
10/4/2015 3:00,0,0,0
10/4/2015 4:00,1,1,0
10/4/2015 5:00,1,0,1
10/4/2015 6:00,3,0,3
10/4/2015 7:00,1,1,0
10/4/2015 8:00,3,0,3
10/4/2015 9:00,7,4,3
10/4/2015 10:00,22,9,13
10/4/2015 11:00,27,15,12
10/4/2015 12:00,25,13,12
10/4/2015 13:00,15,8,7
10/4/2015 14:00,18,7,11
10/4/2015 15:00,20,7,13
10/4/2015 16:00,18,14,4
10/4/2015 17:00,16,9,7
10/4/2015 18:00,7,4,3
10/4/2015 19:00,6,4,2
10/4/2015 20:00,3,3,0
10/4/2015 21:00,1,1,0
10/4/2015 22:00,2,0,2
10/4/2015 23:00,0,0,0
10/5/2015 0:00,0,0,0
10/5/2015 1:00,1,0,1
10/5/2015 2:00,1,0,1
10/5/2015 3:00,0,0,0
10/5/2015 4:00,0,0,0
10/5/2015 5:00,0,0,0
10/5/2015 6:00,2,0,2
10/5/2015 7:00,7,5,2
10/5/2015 8:00,9,6,3
10/5/2015 9:00,8,5,3
10/5/2015 10:00,8,5,3
10/5/2015 11:00,6,2,4
10/5/2015 12:00,6,2,4
10/5/2015 13:00,12,7,5
10/5/2015 14:00,20,12,8
10/5/2015 15:00,18,7,11
10/5/2015 16:00,20,11,9
10/5/2015 17:00,26,15,11
10/5/2015 18:00,12,5,7
10/5/2015 19:00,10,3,7
10/5/2015 20:00,10,8,2
10/5/2015 21:00,5,3,2
10/5/2015 22:00,9,3,6
10/5/2015 23:00,2,1,1
10/6/2015 0:00,0,0,0
10/6/2015 1:00,0,0,0
10/6/2015 2:00,2,2,0
10/6/2015 3:00,0,0,0
10/6/2015 4:00,0,0,0
10/6/2015 5:00,1,0,1
10/6/2015 6:00,2,0,2
10/6/2015 7:00,12,8,4
10/6/2015 8:00,11,5,6
10/6/2015 9:00,9,4,5
10/6/2015 10:00,8,6,2
10/6/2015 11:00,5,2,3
10/6/2015 12:00,5,3,2
10/6/2015 13:00,8,4,4
10/6/2015 14:00,6,3,3
10/6/2015 15:00,5,1,4
10/6/2015 16:00,13,10,3
10/6/2015 17:00,14,8,6
10/6/2015 18:00,12,5,7
10/6/2015 19:00,14,8,6
10/6/2015 20:00,12,7,5
10/6/2015 21:00,5,5,0
10/6/2015 22:00,2,0,2
10/6/2015 23:00,0,0,0
10/7/2015 0:00,1,0,1
10/7/2015 1:00,1,1,0
10/7/2015 2:00,0,0,0
10/7/2015 3:00,0,0,0
10/7/2015 4:00,0,0,0
10/7/2015 5:00,1,0,1
10/7/2015 6:00,2,0,2
10/7/2015 7:00,5,4,1
10/7/2015 8:00,9,8,1
10/7/2015 9:00,4,3,1
10/7/2015 10:00,1,0,1
10/7/2015 11:00,6,4,2
10/7/2015 12:00,1,0,1
10/7/2015 13:00,0,0,0
10/7/2015 14:00,1,1,0
10/7/2015 15:00,3,2,1
10/7/2015 16:00,3,2,1
10/7/2015 17:00,11,6,5
10/7/2015 18:00,9,1,8
10/7/2015 19:00,12,7,5
10/7/2015 20:00,3,2,1
10/7/2015 21:00,3,2,1
10/7/2015 22:00,0,0,0
10/7/2015 23:00,0,0,0
10/8/2015 0:00,0,0,0
10/8/2015 1:00,0,0,0
10/8/2015 2:00,0,0,0
10/8/2015 3:00,1,0,1
10/8/2015 4:00,0,0,0
10/8/2015 5:00,2,0,2
10/8/2015 6:00,3,1,2
10/8/2015 7:00,3,3,0
10/8/2015 8:00,7,5,2
10/8/2015 9:00,6,3,3
10/8/2015 10:00,5,3,2
10/8/2015 11:00,4,2,2
10/8/2015 12:00,11,4,7
10/8/2015 13:00,2,2,0
10/8/2015 14:00,8,2,6
10/8/2015 15:00,5,3,2
10/8/2015 16:00,12,5,7
10/8/2015 17:00,18,10,8
10/8/2015 18:00,17,13,4
10/8/2015 19:00,12,12,0
10/8/2015 20:00,7,7,0
10/8/2015 21:00,8,8,0
10/8/2015 22:00,3,3,0
10/8/2015 23:00,1,1,0
10/9/2015 0:00,1,1,0
10/9/2015 1:00,0,0,0
10/9/2015 2:00,1,1,0
10/9/2015 3:00,0,0,0
10/9/2015 4:00,0,0,0
10/9/2015 5:00,0,0,0
10/9/2015 6:00,3,3,0
10/9/2015 7:00,6,6,0
10/9/2015 8:00,10,4,6
10/9/2015 9:00,8,5,3
10/9/2015 10:00,7,3,4
10/9/2015 11:00,6,6,0
10/9/2015 12:00,3,2,1
10/9/2015 13:00,5,3,2
10/9/2015 14:00,4,1,3
10/9/2015 15:00,6,3,3
10/9/2015 16:00,12,7,5
10/9/2015 17:00,15,8,7
10/9/2015 18:00,15,6,9
10/9/2015 19:00,5,1,4
10/9/2015 20:00,4,2,2
10/9/2015 21:00,4,2,2
10/9/2015 22:00,2,1,1
10/9/2015 23:00,1,1,0
10/10/2015 0:00,2,2,0
10/10/2015 1:00,1,0,1
10/10/2015 2:00,0,0,0
10/10/2015 3:00,0,0,0
10/10/2015 4:00,0,0,0
10/10/2015 5:00,0,0,0
10/10/2015 6:00,0,0,0
10/10/2015 7:00,1,1,0
10/10/2015 8:00,4,2,2
10/10/2015 9:00,7,3,4
10/10/2015 10:00,2,2,0
10/10/2015 11:00,5,2,3
10/10/2015 12:00,6,4,2
10/10/2015 13:00,1,1,0
10/10/2015 14:00,5,1,4
10/10/2015 15:00,3,2,1
10/10/2015 16:00,5,3,2
10/10/2015 17:00,3,1,2
10/10/2015 18:00,10,5,5
10/10/2015 19:00,1,1,0
10/10/2015 20:00,2,2,0
10/10/2015 21:00,2,2,0
10/10/2015 22:00,1,1,0
10/10/2015 23:00,2,2,0
10/11/2015 0:00,4,4,0
10/11/2015 1:00,1,0,1
10/11/2015 2:00,1,0,1
10/11/2015 3:00,1,0,1
10/11/2015 4:00,0,0,0
10/11/2015 5:00,0,0,0
10/11/2015 6:00,0,0,0
10/11/2015 7:00,1,0,1
10/11/2015 8:00,5,1,4
10/11/2015 9:00,10,2,8
10/11/2015 10:00,15,8,7
10/11/2015 11:00,4,3,1
10/11/2015 12:00,14,7,7
10/11/2015 13:00,23,10,13
10/11/2015 14:00,17,9,8
10/11/2015 15:00,22,15,7
10/11/2015 16:00,19,12,7
10/11/2015 17:00,6,1,5
10/11/2015 18:00,10,6,4
10/11/2015 19:00,3,1,2
10/11/2015 20:00,5,2,3
10/11/2015 21:00,1,0,1
10/11/2015 22:00,1,0,1
10/11/2015 23:00,0,0,0
10/12/2015 0:00,0,0,0
10/12/2015 1:00,0,0,0
10/12/2015 2:00,0,0,0
10/12/2015 3:00,0,0,0
10/12/2015 4:00,0,0,0
10/12/2015 5:00,0,0,0
10/12/2015 6:00,1,0,1
10/12/2015 7:00,4,2,2
10/12/2015 8:00,8,5,3
10/12/2015 9:00,8,5,3
10/12/2015 10:00,6,2,4
10/12/2015 11:00,3,0,3
10/12/2015 12:00,5,3,2
10/12/2015 13:00,3,1,2
10/12/2015 14:00,12,6,6
10/12/2015 15:00,5,3,2
10/12/2015 16:00,6,3,3
10/12/2015 17:00,9,5,4
10/12/2015 18:00,7,4,3
10/12/2015 19:00,3,0,3
10/12/2015 20:00,5,4,1
10/12/2015 21:00,0,0,0
10/12/2015 22:00,3,1,2
10/12/2015 23:00,1,0,1
10/13/2015 0:00,0,0,0
10/13/2015 1:00,0,0,0
10/13/2015 2:00,0,0,0
10/13/2015 3:00,0,0,0
10/13/2015 4:00,0,0,0
10/13/2015 5:00,1,0,1
10/13/2015 6:00,2,2,0
10/13/2015 7:00,10,6,4
10/13/2015 8:00,11,6,5
10/13/2015 9:00,8,3,5
10/13/2015 10:00,4,3,1
10/13/2015 11:00,8,4,4
10/13/2015 12:00,19,12,7
10/13/2015 13:00,6,4,2
10/13/2015 14:00,7,2,5
10/13/2015 15:00,8,3,5
10/13/2015 16:00,8,5,3
10/13/2015 17:00,25,10,15
10/13/2015 18:00,13,7,6
10/13/2015 19:00,12,6,6
10/13/2015 20:00,3,3,0
10/13/2015 21:00,6,4,2
10/13/2015 22:00,5,5,0
10/13/2015 23:00,2,1,1
10/14/2015 0:00,0,0,0
10/14/2015 1:00,0,0,0
10/14/2015 2:00,0,0,0
10/14/2015 3:00,0,0,0
10/14/2015 4:00,0,0,0
10/14/2015 5:00,1,0,1
10/14/2015 6:00,1,0,1
10/14/2015 7:00,10,7,3
10/14/2015 8:00,14,9,5
10/14/2015 9:00,11,8,3
10/14/2015 10:00,7,2,5
10/14/2015 11:00,4,2,2
10/14/2015 12:00,9,4,5
10/14/2015 13:00,1,1,0
10/14/2015 14:00,11,6,5
10/14/2015 15:00,8,2,6
10/14/2015 16:00,3,2,1
10/14/2015 17:00,13,8,5
10/14/2015 18:00,19,5,14
10/14/2015 19:00,7,3,4
10/14/2015 20:00,8,7,1
10/14/2015 21:00,3,3,0
10/14/2015 22:00,2,0,2
10/14/2015 23:00,3,1,2
10/15/2015 0:00,0,0,0
10/15/2015 1:00,0,0,0
10/15/2015 2:00,0,0,0
10/15/2015 3:00,0,0,0
10/15/2015 4:00,0,0,0
10/15/2015 5:00,1,0,1
10/15/2015 6:00,1,0,1
10/15/2015 7:00,13,7,6
10/15/2015 8:00,10,6,4
10/15/2015 9:00,7,5,2
10/15/2015 10:00,9,7,2
10/15/2015 11:00,8,5,3
10/15/2015 12:00,10,5,5
10/15/2015 13:00,15,9,6
10/15/2015 14:00,7,4,3
10/15/2015 15:00,7,3,4
10/15/2015 16:00,17,8,9
10/15/2015 17:00,16,7,9
10/15/2015 18:00,12,6,6
10/15/2015 19:00,15,8,7
10/15/2015 20:00,4,1,3
10/15/2015 21:00,4,3,1
10/15/2015 22:00,2,2,0
10/15/2015 23:00,0,0,0
10/16/2015 0:00,0,0,0
10/16/2015 1:00,1,1,0
10/16/2015 2:00,0,0,0
10/16/2015 3:00,0,0,0
10/16/2015 4:00,0,0,0
10/16/2015 5:00,1,0,1
10/16/2015 6:00,0,0,0
10/16/2015 7:00,4,4,0
10/16/2015 8:00,11,4,7
10/16/2015 9:00,13,10,3
10/16/2015 10:00,13,6,7
10/16/2015 11:00,7,6,1
10/16/2015 12:00,3,1,2
10/16/2015 13:00,6,3,3
10/16/2015 14:00,10,4,6
10/16/2015 15:00,11,5,6
10/16/2015 16:00,16,10,6
10/16/2015 17:00,24,11,13
10/16/2015 18:00,16,9,7
10/16/2015 19:00,10,4,6
10/16/2015 20:00,8,6,2
10/16/2015 21:00,1,1,0
10/16/2015 22:00,5,4,1
10/16/2015 23:00,2,2,0
10/17/2015 0:00,1,0,1
10/17/2015 1:00,0,0,0
10/17/2015 2:00,0,0,0
10/17/2015 3:00,0,0,0
10/17/2015 4:00,3,2,1
10/17/2015 5:00,0,0,0
10/17/2015 6:00,1,0,1
10/17/2015 7:00,0,0,0
10/17/2015 8:00,5,2,3
10/17/2015 9:00,9,7,2
10/17/2015 10:00,20,13,7
10/17/2015 11:00,18,5,13
10/17/2015 12:00,18,9,9
10/17/2015 13:00,22,10,12
10/17/2015 14:00,15,9,6
10/17/2015 15:00,10,8,2
10/17/2015 16:00,11,4,7
10/17/2015 17:00,12,9,3
10/17/2015 18:00,5,1,4
10/17/2015 19:00,1,1,0
10/17/2015 20:00,2,1,1
10/17/2015 21:00,3,1,2
10/17/2015 22:00,2,1,1
10/17/2015 23:00,0,0,0
10/18/2015 0:00,0,0,0
10/18/2015 1:00,0,0,0
10/18/2015 2:00,1,0,1
10/18/2015 3:00,3,0,3
10/18/2015 4:00,1,0,1
10/18/2015 5:00,1,0,1
10/18/2015 6:00,0,0,0
10/18/2015 7:00,0,0,0
10/18/2015 8:00,1,1,0
10/18/2015 9:00,7,3,4
10/18/2015 10:00,6,3,3
10/18/2015 11:00,7,2,5
10/18/2015 12:00,13,9,4
10/18/2015 13:00,8,1,7
10/18/2015 14:00,8,3,5
10/18/2015 15:00,3,2,1
10/18/2015 16:00,13,5,8
10/18/2015 17:00,3,0,3
10/18/2015 18:00,8,5,3
10/18/2015 19:00,8,4,4
10/18/2015 20:00,3,0,3
10/18/2015 21:00,1,1,0
10/18/2015 22:00,0,0,0
10/18/2015 23:00,2,0,2
10/19/2015 0:00,0,0,0
10/19/2015 1:00,0,0,0
10/19/2015 2:00,0,0,0
10/19/2015 3:00,2,0,2
10/19/2015 4:00,0,0,0
10/19/2015 5:00,2,1,1
10/19/2015 6:00,4,1,3
10/19/2015 7:00,7,5,2
10/19/2015 8:00,6,4,2
10/19/2015 9:00,10,7,3
10/19/2015 10:00,10,5,5
10/19/2015 11:00,8,3,5
10/19/2015 12:00,10,5,5
10/19/2015 13:00,5,4,1
10/19/2015 14:00,9,4,5
10/19/2015 15:00,3,0,3
10/19/2015 16:00,17,13,4
10/19/2015 17:00,5,3,2
10/19/2015 18:00,9,3,6
10/19/2015 19:00,6,2,4
10/19/2015 20:00,1,1,0
10/19/2015 21:00,4,4,0
10/19/2015 22:00,1,0,1
10/19/2015 23:00,0,0,0
10/20/2015 0:00,0,0,0
10/20/2015 1:00,1,0,1
10/20/2015 2:00,0,0,0
10/20/2015 3:00,0,0,0
10/20/2015 4:00,0,0,0
10/20/2015 5:00,1,0,1
10/20/2015 6:00,4,1,3
10/20/2015 7:00,8,7,1
10/20/2015 8:00,18,10,8
10/20/2015 9:00,11,5,6
10/20/2015 10:00,3,0,3
10/20/2015 11:00,14,7,7
10/20/2015 12:00,9,5,4
10/20/2015 13:00,12,6,6
10/20/2015 14:00,4,2,2
10/20/2015 15:00,5,3,2
10/20/2015 16:00,18,14,4
10/20/2015 17:00,22,13,9
10/20/2015 18:00,13,3,10
10/20/2015 19:00,18,9,9
10/20/2015 20:00,2,1,1
10/20/2015 21:00,3,3,0
10/20/2015 22:00,2,1,1
10/20/2015 23:00,0,0,0
10/21/2015 0:00,0,0,0
10/21/2015 1:00,0,0,0
10/21/2015 2:00,0,0,0
10/21/2015 3:00,0,0,0
10/21/2015 4:00,0,0,0
10/21/2015 5:00,0,0,0
10/21/2015 6:00,2,0,2
10/21/2015 7:00,8,6,2
10/21/2015 8:00,7,3,4
10/21/2015 9:00,8,3,5
10/21/2015 10:00,6,2,4
10/21/2015 11:00,5,3,2
10/21/2015 12:00,6,3,3
10/21/2015 13:00,6,5,1
10/21/2015 14:00,11,9,2
10/21/2015 15:00,10,7,3
10/21/2015 16:00,5,4,1
10/21/2015 17:00,14,5,9
10/21/2015 18:00,14,6,8
10/21/2015 19:00,8,5,3
10/21/2015 20:00,2,1,1
10/21/2015 21:00,2,0,2
10/21/2015 22:00,1,0,1
10/21/2015 23:00,3,0,3
10/22/2015 0:00,0,0,0
10/22/2015 1:00,0,0,0
10/22/2015 2:00,0,0,0
10/22/2015 3:00,0,0,0
10/22/2015 4:00,1,1,0
10/22/2015 5:00,0,0,0
10/22/2015 6:00,6,1,5
10/22/2015 7:00,6,4,2
10/22/2015 8:00,13,6,7
10/22/2015 9:00,6,5,1
10/22/2015 10:00,7,6,1
10/22/2015 11:00,3,1,2
10/22/2015 12:00,7,3,4
10/22/2015 13:00,4,2,2
10/22/2015 14:00,10,5,5
10/22/2015 15:00,10,7,3
10/22/2015 16:00,10,3,7
10/22/2015 17:00,20,7,13
10/22/2015 18:00,10,6,4
10/22/2015 19:00,4,3,1
10/22/2015 20:00,8,4,4
10/22/2015 21:00,3,2,1
10/22/2015 22:00,2,2,0
10/22/2015 23:00,1,0,1
10/23/2015 0:00,1,1,0
10/23/2015 1:00,1,1,0
10/23/2015 2:00,1,0,1
10/23/2015 3:00,1,0,1
10/23/2015 4:00,2,1,1
10/23/2015 5:00,0,0,0
10/23/2015 6:00,4,2,2
10/23/2015 7:00,6,4,2
10/23/2015 8:00,11,7,4
10/23/2015 9:00,8,4,4
10/23/2015 10:00,5,2,3
10/23/2015 11:00,9,7,2
10/23/2015 12:00,5,2,3
10/23/2015 13:00,6,3,3
10/23/2015 14:00,8,3,5
10/23/2015 15:00,4,2,2
10/23/2015 16:00,6,3,3
10/23/2015 17:00,18,10,8
10/23/2015 18:00,10,7,3
10/23/2015 19:00,6,3,3
10/23/2015 20:00,6,6,0
10/23/2015 21:00,1,1,0
10/23/2015 22:00,7,4,3
10/23/2015 23:00,0,0,0
10/24/2015 0:00,2,1,1
10/24/2015 1:00,1,1,0
10/24/2015 2:00,1,0,1
10/24/2015 3:00,1,0,1
10/24/2015 4:00,0,0,0
10/24/2015 5:00,1,1,0
10/24/2015 6:00,0,0,0
10/24/2015 7:00,0,0,0
10/24/2015 8:00,2,1,1
10/24/2015 9:00,51,0,51
10/24/2015 10:00,18,10,8
10/24/2015 11:00,7,5,2
10/24/2015 12:00,10,5,5
10/24/2015 13:00,10,3,7
10/24/2015 14:00,11,5,6
10/24/2015 15:00,16,7,9
10/24/2015 16:00,16,10,6
10/24/2015 17:00,10,3,7
10/24/2015 18:00,8,4,4
10/24/2015 19:00,2,1,1
10/24/2015 20:00,3,3,0
10/24/2015 21:00,2,2,0
10/24/2015 22:00,0,0,0
10/24/2015 23:00,2,1,1
10/25/2015 0:00,0,0,0
10/25/2015 1:00,0,0,0
10/25/2015 2:00,0,0,0
10/25/2015 3:00,0,0,0
10/25/2015 4:00,0,0,0
10/25/2015 5:00,0,0,0
10/25/2015 6:00,1,0,1
10/25/2015 7:00,0,0,0
10/25/2015 8:00,5,3,2
10/25/2015 9:00,3,2,1
10/25/2015 10:00,13,3,10
10/25/2015 11:00,11,6,5
10/25/2015 12:00,17,8,9
10/25/2015 13:00,13,9,4
10/25/2015 14:00,19,6,13
10/25/2015 15:00,16,11,5
10/25/2015 16:00,7,4,3
10/25/2015 17:00,6,0,6
10/25/2015 18:00,4,2,2
10/25/2015 19:00,1,1,0
10/25/2015 20:00,3,3,0
10/25/2015 21:00,1,0,1
10/25/2015 22:00,0,0,0
10/25/2015 23:00,0,0,0
10/26/2015 0:00,0,0,0
10/26/2015 1:00,0,0,0
10/26/2015 2:00,0,0,0
10/26/2015 3:00,0,0,0
10/26/2015 4:00,0,0,0
10/26/2015 5:00,1,0,1
10/26/2015 6:00,2,0,2
10/26/2015 7:00,8,6,2
10/26/2015 8:00,10,4,6
10/26/2015 9:00,3,1,2
10/26/2015 10:00,5,0,5
10/26/2015 11:00,0,0,0
10/26/2015 12:00,3,0,3
10/26/2015 13:00,3,2,1
10/26/2015 14:00,6,2,4
10/26/2015 15:00,7,5,2
10/26/2015 16:00,6,4,2
10/26/2015 17:00,17,8,9
10/26/2015 18:00,5,4,1
10/26/2015 19:00,4,3,1
10/26/2015 20:00,2,1,1
10/26/2015 21:00,0,0,0
10/26/2015 22:00,3,2,1
10/26/2015 23:00,0,0,0
10/27/2015 0:00,0,0,0
10/27/2015 1:00,0,0,0
10/27/2015 2:00,1,0,1
10/27/2015 3:00,0,0,0
10/27/2015 4:00,1,0,1
10/27/2015 5:00,0,0,0
10/27/2015 6:00,3,0,3
10/27/2015 7:00,9,5,4
10/27/2015 8:00,10,5,5
10/27/2015 9:00,8,5,3
10/27/2015 10:00,7,0,7
10/27/2015 11:00,6,5,1
10/27/2015 12:00,9,5,4
10/27/2015 13:00,9,4,5
10/27/2015 14:00,4,0,4
10/27/2015 15:00,11,7,4
10/27/2015 16:00,12,8,4
10/27/2015 17:00,16,7,9
10/27/2015 18:00,15,7,8
10/27/2015 19:00,7,2,5
10/27/2015 20:00,8,6,2
10/27/2015 21:00,5,3,2
10/27/2015 22:00,2,2,0
10/27/2015 23:00,2,1,1
10/28/2015 0:00,2,0,2
10/28/2015 1:00,0,0,0
10/28/2015 2:00,2,0,2
10/28/2015 3:00,1,1,0
10/28/2015 4:00,2,1,1
10/28/2015 5:00,0,0,0
10/28/2015 6:00,2,0,2
10/28/2015 7:00,5,2,3
10/28/2015 8:00,4,1,3
10/28/2015 9:00,6,3,3
10/28/2015 10:00,4,3,1
10/28/2015 11:00,6,1,5
10/28/2015 12:00,5,3,2
10/28/2015 13:00,8,6,2
10/28/2015 14:00,1,0,1
10/28/2015 15:00,5,4,1
10/28/2015 16:00,5,2,3
10/28/2015 17:00,22,10,12
10/28/2015 18:00,8,2,6
10/28/2015 19:00,9,7,2
10/28/2015 20:00,4,3,1
10/28/2015 21:00,3,2,1
10/28/2015 22:00,0,0,0
10/28/2015 23:00,4,2,2
10/29/2015 0:00,0,0,0
10/29/2015 1:00,2,1,1
10/29/2015 2:00,0,0,0
10/29/2015 3:00,0,0,0
10/29/2015 4:00,3,2,1
10/29/2015 5:00,1,0,1
10/29/2015 6:00,4,0,4
10/29/2015 7:00,5,3,2
10/29/2015 8:00,5,3,2
10/29/2015 9:00,5,4,1
10/29/2015 10:00,3,3,0
10/29/2015 11:00,4,0,4
10/29/2015 12:00,4,2,2
10/29/2015 13:00,2,1,1
10/29/2015 14:00,4,1,3
10/29/2015 15:00,4,2,2
10/29/2015 16:00,5,3,2
10/29/2015 17:00,9,4,5
10/29/2015 18:00,8,2,6
10/29/2015 19:00,9,2,7
10/29/2015 20:00,5,2,3
10/29/2015 21:00,4,4,0
10/29/2015 22:00,4,1,3
10/29/2015 23:00,2,2,0
10/30/2015 0:00,1,0,1
10/30/2015 1:00,0,0,0
10/30/2015 2:00,0,0,0
10/30/2015 3:00,0,0,0
10/30/2015 4:00,0,0,0
10/30/2015 5:00,0,0,0
10/30/2015 6:00,0,0,0
10/30/2015 7:00,6,3,3
10/30/2015 8:00,4,2,2
10/30/2015 9:00,4,1,3
10/30/2015 10:00,5,1,4
10/30/2015 11:00,2,2,0
10/30/2015 12:00,5,2,3
10/30/2015 13:00,8,4,4
10/30/2015 14:00,8,2,6
10/30/2015 15:00,5,2,3
10/30/2015 16:00,9,4,5
10/30/2015 17:00,5,3,2
10/30/2015 18:00,2,1,1
10/30/2015 19:00,2,1,1
10/30/2015 20:00,2,2,0
10/30/2015 21:00,1,1,0
10/30/2015 22:00,1,0,1
10/30/2015 23:00,1,0,1
10/31/2015 0:00,0,0,0
10/31/2015 1:00,0,0,0
10/31/2015 2:00,0,0,0
10/31/2015 3:00,0,0,0
10/31/2015 4:00,3,1,2
10/31/2015 5:00,3,2,1
10/31/2015 6:00,0,0,0
10/31/2015 7:00,0,0,0
10/31/2015 8:00,1,1,0
10/31/2015 9:00,4,0,4
10/31/2015 10:00,0,0,0
10/31/2015 11:00,3,1,2
10/31/2015 12:00,1,1,0
10/31/2015 13:00,2,0,2
10/31/2015 14:00,10,2,8
10/31/2015 15:00,8,4,4
10/31/2015 16:00,4,2,2
10/31/2015 17:00,3,0,3
10/31/2015 18:00,1,0,1
10/31/2015 19:00,2,2,0
10/31/2015 20:00,1,1,0
10/31/2015 21:00,0,0,0
10/31/2015 22:00,2,2,0
10/31/2015 23:00,2,0,2
11/1/2015 0:00,1,0,1
11/1/2015 1:00,0,0,0
11/1/2015 2:00,0,0,0
11/1/2015 3:00,0,0,0
11/1/2015 4:00,1,0,1
11/1/2015 5:00,0,0,0
11/1/2015 6:00,1,1,0
11/1/2015 7:00,3,1,2
11/1/2015 8:00,5,2,3
11/1/2015 9:00,9,2,7
11/1/2015 10:00,5,2,3
11/1/2015 11:00,6,2,4
11/1/2015 12:00,6,2,4
11/1/2015 13:00,5,3,2
11/1/2015 14:00,8,6,2
11/1/2015 15:00,3,2,1
11/1/2015 16:00,2,0,2
11/1/2015 17:00,1,0,1
11/1/2015 18:00,9,5,4
11/1/2015 19:00,1,1,0
11/1/2015 20:00,1,1,0
11/1/2015 21:00,0,0,0
11/1/2015 22:00,0,0,0
11/1/2015 23:00,3,0,3
11/2/2015 0:00,0,0,0
11/2/2015 1:00,1,1,0
11/2/2015 2:00,1,0,1
11/2/2015 3:00,1,0,1
11/2/2015 4:00,1,0,1
11/2/2015 5:00,1,0,1
11/2/2015 6:00,2,0,2
11/2/2015 7:00,9,7,2
11/2/2015 8:00,13,7,6
11/2/2015 9:00,5,1,4
11/2/2015 10:00,2,1,1
11/2/2015 11:00,7,3,4
11/2/2015 12:00,6,3,3
11/2/2015 13:00,12,6,6
11/2/2015 14:00,12,8,4
11/2/2015 15:00,10,6,4
11/2/2015 16:00,19,6,13
11/2/2015 17:00,21,11,10
11/2/2015 18:00,5,2,3
11/2/2015 19:00,6,3,3
11/2/2015 20:00,3,1,2
11/2/2015 21:00,10,5,5
11/2/2015 22:00,0,0,0
11/2/2015 23:00,0,0,0
11/3/2015 0:00,0,0,0
11/3/2015 1:00,1,0,1
11/3/2015 2:00,0,0,0
11/3/2015 3:00,1,0,1
11/3/2015 4:00,1,1,0
11/3/2015 5:00,1,0,1
11/3/2015 6:00,3,1,2
11/3/2015 7:00,17,7,10
11/3/2015 8:00,15,5,10
11/3/2015 9:00,10,2,8
11/3/2015 10:00,6,2,4
11/3/2015 11:00,6,3,3
11/3/2015 12:00,8,5,3
11/3/2015 13:00,11,3,8
11/3/2015 14:00,15,7,8
11/3/2015 15:00,9,3,6
11/3/2015 16:00,13,3,10
11/3/2015 17:00,25,14,11
11/3/2015 18:00,18,8,10
11/3/2015 19:00,24,9,15
11/3/2015 20:00,8,4,4
11/3/2015 21:00,3,3,0
11/3/2015 22:00,1,1,0
11/3/2015 23:00,0,0,0
11/4/2015 0:00,3,2,1
11/4/2015 1:00,0,0,0
11/4/2015 2:00,0,0,0
11/4/2015 3:00,1,0,1
11/4/2015 4:00,0,0,0
11/4/2015 5:00,1,0,1
11/4/2015 6:00,6,2,4
11/4/2015 7:00,6,4,2
11/4/2015 8:00,5,1,4
11/4/2015 9:00,9,4,5
11/4/2015 10:00,4,1,3
11/4/2015 11:00,5,2,3
11/4/2015 12:00,13,4,9
11/4/2015 13:00,12,7,5
11/4/2015 14:00,7,7,0
11/4/2015 15:00,11,4,7
11/4/2015 16:00,14,8,6
11/4/2015 17:00,24,9,15
11/4/2015 18:00,13,5,8
11/4/2015 19:00,5,3,2
11/4/2015 20:00,6,3,3
11/4/2015 21:00,2,2,0
11/4/2015 22:00,3,2,1
11/4/2015 23:00,3,1,2
11/5/2015 0:00,0,0,0
11/5/2015 1:00,0,0,0
11/5/2015 2:00,0,0,0
11/5/2015 3:00,1,0,1
11/5/2015 4:00,2,1,1
11/5/2015 5:00,0,0,0
11/5/2015 6:00,2,0,2
11/5/2015 7:00,9,9,0
11/5/2015 8:00,10,5,5
11/5/2015 9:00,7,5,2
11/5/2015 10:00,6,3,3
11/5/2015 11:00,3,3,0
11/5/2015 12:00,5,5,0
11/5/2015 13:00,4,1,3
11/5/2015 14:00,3,1,2
11/5/2015 15:00,11,5,6
11/5/2015 16:00,9,5,4
11/5/2015 17:00,11,3,8
11/5/2015 18:00,15,5,10
11/5/2015 19:00,7,4,3
11/5/2015 20:00,3,0,3
11/5/2015 21:00,6,5,1
11/5/2015 22:00,2,2,0
11/5/2015 23:00,1,1,0
11/6/2015 0:00,0,0,0
11/6/2015 1:00,0,0,0
11/6/2015 2:00,1,1,0
11/6/2015 3:00,0,0,0
11/6/2015 4:00,0,0,0
11/6/2015 5:00,0,0,0
11/6/2015 6:00,5,1,4
11/6/2015 7:00,3,3,0
11/6/2015 8:00,5,5,0
11/6/2015 9:00,11,6,5
11/6/2015 10:00,6,4,2
11/6/2015 11:00,5,4,1
11/6/2015 12:00,9,2,7
11/6/2015 13:00,15,4,11
11/6/2015 14:00,2,2,0
11/6/2015 15:00,1,1,0
11/6/2015 16:00,8,6,2
11/6/2015 17:00,10,3,7
11/6/2015 18:00,9,6,3
11/6/2015 19:00,5,5,0
11/6/2015 20:00,2,0,2
11/6/2015 21:00,0,0,0
11/6/2015 22:00,1,0,1
11/6/2015 23:00,1,0,1
11/7/2015 0:00,1,0,1
11/7/2015 1:00,0,0,0
11/7/2015 2:00,0,0,0
11/7/2015 3:00,1,0,1
11/7/2015 4:00,0,0,0
11/7/2015 5:00,0,0,0
11/7/2015 6:00,1,0,1
11/7/2015 7:00,0,0,0
11/7/2015 8:00,2,2,0
11/7/2015 9:00,0,0,0
11/7/2015 10:00,1,0,1
11/7/2015 11:00,1,0,1
11/7/2015 12:00,3,0,3
11/7/2015 13:00,4,2,2
11/7/2015 14:00,2,2,0
11/7/2015 15:00,1,1,0
11/7/2015 16:00,5,1,4
11/7/2015 17:00,4,3,1
11/7/2015 18:00,1,1,0
11/7/2015 19:00,3,2,1
11/7/2015 20:00,1,0,1
11/7/2015 21:00,0,0,0
11/7/2015 22:00,0,0,0
11/7/2015 23:00,1,1,0
11/8/2015 0:00,0,0,0
11/8/2015 1:00,1,0,1
11/8/2015 2:00,0,0,0
11/8/2015 3:00,0,0,0
11/8/2015 4:00,0,0,0
11/8/2015 5:00,0,0,0
11/8/2015 6:00,0,0,0
11/8/2015 7:00,1,1,0
11/8/2015 8:00,2,1,1
11/8/2015 9:00,3,0,3
11/8/2015 10:00,3,2,1
11/8/2015 11:00,5,3,2
11/8/2015 12:00,8,4,4
11/8/2015 13:00,8,4,4
11/8/2015 14:00,15,6,9
11/8/2015 15:00,7,4,3
11/8/2015 16:00,14,7,7
11/8/2015 17:00,2,2,0
11/8/2015 18:00,3,2,1
11/8/2015 19:00,1,1,0
11/8/2015 20:00,3,3,0
11/8/2015 21:00,2,0,2
11/8/2015 22:00,2,2,0
11/8/2015 23:00,0,0,0
11/9/2015 0:00,0,0,0
11/9/2015 1:00,1,0,1
11/9/2015 2:00,0,0,0
11/9/2015 3:00,0,0,0
11/9/2015 4:00,0,0,0
11/9/2015 5:00,2,0,2
11/9/2015 6:00,5,3,2
11/9/2015 7:00,4,4,0
11/9/2015 8:00,8,4,4
11/9/2015 9:00,8,4,4
11/9/2015 10:00,1,0,1
11/9/2015 11:00,2,1,1
11/9/2015 12:00,6,4,2
11/9/2015 13:00,4,0,4
11/9/2015 14:00,7,4,3
11/9/2015 15:00,3,2,1
11/9/2015 16:00,5,1,4
11/9/2015 17:00,8,3,5
11/9/2015 18:00,4,1,3
11/9/2015 19:00,7,2,5
11/9/2015 20:00,9,7,2
11/9/2015 21:00,3,1,2
11/9/2015 22:00,2,2,0
11/9/2015 23:00,1,0,1
11/10/2015 0:00,0,0,0
11/10/2015 1:00,1,0,1
11/10/2015 2:00,0,0,0
11/10/2015 3:00,0,0,0
11/10/2015 4:00,0,0,0
11/10/2015 5:00,2,0,2
11/10/2015 6:00,1,0,1
11/10/2015 7:00,8,6,2
11/10/2015 8:00,8,2,6
11/10/2015 9:00,16,6,10
11/10/2015 10:00,3,1,2
11/10/2015 11:00,5,1,4
11/10/2015 12:00,10,4,6
11/10/2015 13:00,6,1,5
11/10/2015 14:00,8,6,2
11/10/2015 15:00,5,2,3
11/10/2015 16:00,11,5,6
11/10/2015 17:00,8,5,3
11/10/2015 18:00,8,2,6
11/10/2015 19:00,7,3,4
11/10/2015 20:00,5,3,2
11/10/2015 21:00,3,1,2
11/10/2015 22:00,2,2,0
11/10/2015 23:00,0,0,0
11/11/2015 0:00,0,0,0
11/11/2015 1:00,0,0,0
11/11/2015 2:00,0,0,0
11/11/2015 3:00,0,0,0
11/11/2015 4:00,0,0,0
11/11/2015 5:00,0,0,0
11/11/2015 6:00,3,0,3
11/11/2015 7:00,7,4,3
11/11/2015 8:00,2,1,1
11/11/2015 9:00,7,5,2
11/11/2015 10:00,15,5,10
11/11/2015 11:00,10,4,6
11/11/2015 12:00,15,10,5
11/11/2015 13:00,10,6,4
11/11/2015 14:00,4,2,2
11/11/2015 15:00,11,8,3
11/11/2015 16:00,3,2,1
11/11/2015 17:00,14,10,4
11/11/2015 18:00,9,5,4
11/11/2015 19:00,3,2,1
11/11/2015 20:00,2,0,2
11/11/2015 21:00,6,3,3
11/11/2015 22:00,0,0,0
11/11/2015 23:00,2,1,1
11/12/2015 0:00,0,0,0
11/12/2015 1:00,1,1,0
11/12/2015 2:00,0,0,0
11/12/2015 3:00,1,0,1
11/12/2015 4:00,0,0,0
11/12/2015 5:00,0,0,0
11/12/2015 6:00,2,0,2
11/12/2015 7:00,4,2,2
11/12/2015 8:00,13,6,7
11/12/2015 9:00,4,2,2
11/12/2015 10:00,5,1,4
11/12/2015 11:00,12,5,7
11/12/2015 12:00,12,9,3
11/12/2015 13:00,5,4,1
11/12/2015 14:00,4,2,2
11/12/2015 15:00,4,3,1
11/12/2015 16:00,4,3,1
11/12/2015 17:00,3,2,1
11/12/2015 18:00,4,1,3
11/12/2015 19:00,6,3,3
11/12/2015 20:00,2,2,0
11/12/2015 21:00,1,1,0
11/12/2015 22:00,2,2,0
11/12/2015 23:00,2,1,1
11/13/2015 0:00,0,0,0
11/13/2015 1:00,0,0,0
11/13/2015 2:00,1,1,0
11/13/2015 3:00,0,0,0
11/13/2015 4:00,0,0,0
11/13/2015 5:00,1,0,1
11/13/2015 6:00,2,0,2
11/13/2015 7:00,2,1,1
11/13/2015 8:00,7,2,5
11/13/2015 9:00,1,1,0
11/13/2015 10:00,3,1,2
11/13/2015 11:00,2,2,0
11/13/2015 12:00,0,0,0
11/13/2015 13:00,1,1,0
11/13/2015 14:00,1,1,0
11/13/2015 15:00,0,0,0
11/13/2015 16:00,3,3,0
11/13/2015 17:00,1,1,0
11/13/2015 18:00,7,1,6
11/13/2015 19:00,3,1,2
11/13/2015 20:00,0,0,0
11/13/2015 21:00,4,2,2
11/13/2015 22:00,3,3,0
11/13/2015 23:00,1,1,0
11/14/2015 0:00,0,0,0
11/14/2015 1:00,2,1,1
11/14/2015 2:00,0,0,0
11/14/2015 3:00,0,0,0
11/14/2015 4:00,0,0,0
11/14/2015 5:00,0,0,0
11/14/2015 6:00,4,2,2
11/14/2015 7:00,5,1,4
11/14/2015 8:00,0,0,0
11/14/2015 9:00,4,2,2
11/14/2015 10:00,5,2,3
11/14/2015 11:00,5,1,4
11/14/2015 12:00,6,1,5
11/14/2015 13:00,4,4,0
11/14/2015 14:00,3,3,0
11/14/2015 15:00,2,1,1
11/14/2015 16:00,2,1,1
11/14/2015 17:00,5,3,2
11/14/2015 18:00,1,1,0
11/14/2015 19:00,3,0,3
11/14/2015 20:00,2,2,0
11/14/2015 21:00,1,1,0
11/14/2015 22:00,0,0,0
11/14/2015 23:00,2,1,1
11/15/2015 0:00,0,0,0
11/15/2015 1:00,2,1,1
11/15/2015 2:00,0,0,0
11/15/2015 3:00,0,0,0
11/15/2015 4:00,0,0,0
11/15/2015 5:00,0,0,0
11/15/2015 6:00,1,0,1
11/15/2015 7:00,0,0,0
11/15/2015 8:00,0,0,0
11/15/2015 9:00,5,2,3
11/15/2015 10:00,5,4,1
11/15/2015 11:00,9,1,8
11/15/2015 12:00,9,4,5
11/15/2015 13:00,11,7,4
11/15/2015 14:00,9,7,2
11/15/2015 15:00,10,4,6
11/15/2015 16:00,7,2,5
11/15/2015 17:00,8,5,3
11/15/2015 18:00,6,3,3
11/15/2015 19:00,5,4,1
11/15/2015 20:00,4,3,1
11/15/2015 21:00,2,1,1
11/15/2015 22:00,2,0,2
11/15/2015 23:00,0,0,0
11/16/2015 0:00,0,0,0
11/16/2015 1:00,0,0,0
11/16/2015 2:00,0,0,0
11/16/2015 3:00,0,0,0
11/16/2015 4:00,0,0,0
11/16/2015 5:00,0,0,0
11/16/2015 6:00,2,0,2
11/16/2015 7:00,6,3,3
11/16/2015 8:00,6,2,4
11/16/2015 9:00,6,2,4
11/16/2015 10:00,3,2,1
11/16/2015 11:00,2,1,1
11/16/2015 12:00,1,0,1
11/16/2015 13:00,3,1,2
11/16/2015 14:00,1,1,0
11/16/2015 15:00,1,1,0
11/16/2015 16:00,4,3,1
11/16/2015 17:00,8,4,4
11/16/2015 18:00,8,2,6
11/16/2015 19:00,3,2,1
11/16/2015 20:00,4,1,3
11/16/2015 21:00,1,1,0
11/16/2015 22:00,1,1,0
11/16/2015 23:00,1,0,1
11/17/2015 0:00,0,0,0
11/17/2015 1:00,0,0,0
11/17/2015 2:00,0,0,0
11/17/2015 3:00,2,2,0
11/17/2015 4:00,0,0,0
11/17/2015 5:00,0,0,0
11/17/2015 6:00,1,0,1
11/17/2015 7:00,3,2,1
11/17/2015 8:00,6,2,4
11/17/2015 9:00,5,1,4
11/17/2015 10:00,1,1,0
11/17/2015 11:00,4,1,3
11/17/2015 12:00,2,1,1
11/17/2015 13:00,4,3,1
11/17/2015 14:00,4,2,2
11/17/2015 15:00,6,1,5
11/17/2015 16:00,1,1,0
11/17/2015 17:00,4,3,1
11/17/2015 18:00,7,1,6
11/17/2015 19:00,4,4,0
11/17/2015 20:00,3,2,1
11/17/2015 21:00,0,0,0
11/17/2015 22:00,2,1,1
11/17/2015 23:00,0,0,0
11/18/2015 0:00,0,0,0
11/18/2015 1:00,0,0,0
11/18/2015 2:00,0,0,0
11/18/2015 3:00,0,0,0
11/18/2015 4:00,0,0,0
11/18/2015 5:00,0,0,0
11/18/2015 6:00,6,0,6
11/18/2015 7:00,15,7,8
11/18/2015 8:00,6,4,2
11/18/2015 9:00,4,1,3
11/18/2015 10:00,7,3,4
11/18/2015 11:00,3,2,1
11/18/2015 12:00,8,5,3
11/18/2015 13:00,7,2,5
11/18/2015 14:00,4,2,2
11/18/2015 15:00,2,2,0
11/18/2015 16:00,8,6,2
11/18/2015 17:00,15,7,8
11/18/2015 18:00,19,8,11
11/18/2015 19:00,6,4,2
11/18/2015 20:00,2,2,0
11/18/2015 21:00,0,0,0
11/18/2015 22:00,1,0,1
11/18/2015 23:00,2,1,1
11/19/2015 0:00,1,0,1
11/19/2015 1:00,0,0,0
11/19/2015 2:00,0,0,0
11/19/2015 3:00,0,0,0
11/19/2015 4:00,1,0,1
11/19/2015 5:00,0,0,0
11/19/2015 6:00,4,0,4
11/19/2015 7:00,3,2,1
11/19/2015 8:00,10,8,2
11/19/2015 9:00,5,2,3
11/19/2015 10:00,6,3,3
11/19/2015 11:00,7,3,4
11/19/2015 12:00,10,6,4
11/19/2015 13:00,4,2,2
11/19/2015 14:00,3,1,2
11/19/2015 15:00,9,4,5
11/19/2015 16:00,11,5,6
11/19/2015 17:00,10,9,1
11/19/2015 18:00,7,1,6
11/19/2015 19:00,6,3,3
11/19/2015 20:00,3,1,2
11/19/2015 21:00,2,2,0
11/19/2015 22:00,1,1,0
11/19/2015 23:00,0,0,0
11/20/2015 0:00,1,0,1
11/20/2015 1:00,0,0,0
11/20/2015 2:00,0,0,0
11/20/2015 3:00,0,0,0
11/20/2015 4:00,1,1,0
11/20/2015 5:00,1,0,1
11/20/2015 6:00,2,0,2
11/20/2015 7:00,4,2,2
11/20/2015 8:00,7,4,3
11/20/2015 9:00,5,2,3
11/20/2015 10:00,8,5,3
11/20/2015 11:00,5,2,3
11/20/2015 12:00,7,2,5
11/20/2015 13:00,18,7,11
11/20/2015 14:00,7,2,5
11/20/2015 15:00,6,5,1
11/20/2015 16:00,11,7,4
11/20/2015 17:00,12,8,4
11/20/2015 18:00,7,2,5
11/20/2015 19:00,5,3,2
11/20/2015 20:00,0,0,0
11/20/2015 21:00,9,6,3
11/20/2015 22:00,1,0,1
11/20/2015 23:00,1,0,1
11/21/2015 0:00,2,1,1
11/21/2015 1:00,1,1,0
11/21/2015 2:00,0,0,0
11/21/2015 3:00,0,0,0
11/21/2015 4:00,2,1,1
11/21/2015 5:00,0,0,0
11/21/2015 6:00,0,0,0
11/21/2015 7:00,0,0,0
11/21/2015 8:00,1,1,0
11/21/2015 9:00,9,2,7
11/21/2015 10:00,4,1,3
11/21/2015 11:00,15,0,15
11/21/2015 12:00,15,9,6
11/21/2015 13:00,13,5,8
11/21/2015 14:00,13,7,6
11/21/2015 15:00,15,8,7
11/21/2015 16:00,14,7,7
11/21/2015 17:00,7,1,6
11/21/2015 18:00,1,1,0
11/21/2015 19:00,1,1,0
11/21/2015 20:00,4,1,3
11/21/2015 21:00,0,0,0
11/21/2015 22:00,2,0,2
11/21/2015 23:00,3,3,0
11/22/2015 0:00,2,0,2
11/22/2015 1:00,1,0,1
11/22/2015 2:00,0,0,0
11/22/2015 3:00,0,0,0
11/22/2015 4:00,0,0,0
11/22/2015 5:00,0,0,0
11/22/2015 6:00,0,0,0
11/22/2015 7:00,2,1,1
11/22/2015 8:00,0,0,0
11/22/2015 9:00,9,4,5
11/22/2015 10:00,2,1,1
11/22/2015 11:00,22,3,19
11/22/2015 12:00,21,16,5
11/22/2015 13:00,12,5,7
11/22/2015 14:00,14,8,6
11/22/2015 15:00,10,5,5
11/22/2015 16:00,12,6,6
11/22/2015 17:00,4,0,4
11/22/2015 18:00,1,1,0
11/22/2015 19:00,4,2,2
11/22/2015 20:00,6,4,2
11/22/2015 21:00,1,0,1
11/22/2015 22:00,0,0,0
11/22/2015 23:00,1,0,1
11/23/2015 0:00,0,0,0
11/23/2015 1:00,0,0,0
11/23/2015 2:00,0,0,0
11/23/2015 3:00,0,0,0
11/23/2015 4:00,2,1,1
11/23/2015 5:00,1,0,1
11/23/2015 6:00,2,0,2
11/23/2015 7:00,4,2,2
11/23/2015 8:00,11,6,5
11/23/2015 9:00,3,0,3
11/23/2015 10:00,8,2,6
11/23/2015 11:00,3,0,3
11/23/2015 12:00,4,3,1
11/23/2015 13:00,1,0,1
11/23/2015 14:00,6,6,0
11/23/2015 15:00,0,0,0
11/23/2015 16:00,6,4,2
11/23/2015 17:00,9,6,3
11/23/2015 18:00,7,3,4
11/23/2015 19:00,3,1,2
11/23/2015 20:00,4,2,2
11/23/2015 21:00,0,0,0
11/23/2015 22:00,2,1,1
11/23/2015 23:00,1,1,0
11/24/2015 0:00,0,0,0
11/24/2015 1:00,0,0,0
11/24/2015 2:00,0,0,0
11/24/2015 3:00,0,0,0
11/24/2015 4:00,1,0,1
11/24/2015 5:00,5,1,4
11/24/2015 6:00,5,4,1
11/24/2015 7:00,4,4,0
11/24/2015 8:00,2,1,1
11/24/2015 9:00,6,2,4
11/24/2015 10:00,5,2,3
11/24/2015 11:00,4,2,2
11/24/2015 12:00,11,8,3
11/24/2015 13:00,6,3,3
11/24/2015 14:00,6,1,5
11/24/2015 15:00,4,2,2
11/24/2015 16:00,3,1,2
11/24/2015 17:00,5,2,3
11/24/2015 18:00,7,1,6
11/24/2015 19:00,7,6,1
11/24/2015 20:00,4,1,3
11/24/2015 21:00,1,1,0
11/24/2015 22:00,1,1,0
11/24/2015 23:00,0,0,0
11/25/2015 0:00,1,0,1
11/25/2015 1:00,0,0,0
11/25/2015 2:00,0,0,0
11/25/2015 3:00,0,0,0
11/25/2015 4:00,1,0,1
11/25/2015 5:00,1,0,1
11/25/2015 6:00,2,1,1
11/25/2015 7:00,11,6,5
11/25/2015 8:00,5,1,4
11/25/2015 9:00,4,3,1
11/25/2015 10:00,9,4,5
11/25/2015 11:00,7,3,4
11/25/2015 12:00,6,3,3
11/25/2015 13:00,6,1,5
11/25/2015 14:00,5,2,3
11/25/2015 15:00,7,5,2
11/25/2015 16:00,14,6,8
11/25/2015 17:00,7,2,5
11/25/2015 18:00,9,6,3
11/25/2015 19:00,1,0,1
11/25/2015 20:00,1,1,0
11/25/2015 21:00,0,0,0
11/25/2015 22:00,2,0,2
11/25/2015 23:00,0,0,0
11/26/2015 0:00,0,0,0
11/26/2015 1:00,0,0,0
11/26/2015 2:00,2,1,1
11/26/2015 3:00,1,0,1
11/26/2015 4:00,0,0,0
11/26/2015 5:00,0,0,0
11/26/2015 6:00,0,0,0
11/26/2015 7:00,0,0,0
11/26/2015 8:00,1,1,0
11/26/2015 9:00,0,0,0
11/26/2015 10:00,2,1,1
11/26/2015 11:00,8,1,7
11/26/2015 12:00,4,2,2
11/26/2015 13:00,4,2,2
11/26/2015 14:00,6,3,3
11/26/2015 15:00,1,0,1
11/26/2015 16:00,0,0,0
11/26/2015 17:00,4,0,4
11/26/2015 18:00,5,4,1
11/26/2015 19:00,0,0,0
11/26/2015 20:00,2,2,0
11/26/2015 21:00,0,0,0
11/26/2015 22:00,1,1,0
11/26/2015 23:00,0,0,0
11/27/2015 0:00,3,0,3
11/27/2015 1:00,0,0,0
11/27/2015 2:00,0,0,0
11/27/2015 3:00,0,0,0
11/27/2015 4:00,0,0,0
11/27/2015 5:00,0,0,0
11/27/2015 6:00,0,0,0
11/27/2015 7:00,0,0,0
11/27/2015 8:00,0,0,0
11/27/2015 9:00,4,2,2
11/27/2015 10:00,2,1,1
11/27/2015 11:00,3,1,2
11/27/2015 12:00,11,4,7
11/27/2015 13:00,10,5,5
11/27/2015 14:00,1,1,0
11/27/2015 15:00,4,2,2
11/27/2015 16:00,7,3,4
11/27/2015 17:00,3,1,2
11/27/2015 18:00,1,1,0
11/27/2015 19:00,0,0,0
11/27/2015 20:00,4,3,1
11/27/2015 21:00,0,0,0
11/27/2015 22:00,2,0,2
11/27/2015 23:00,1,1,0
11/28/2015 0:00,0,0,0
11/28/2015 1:00,1,0,1
11/28/2015 2:00,0,0,0
11/28/2015 3:00,0,0,0
11/28/2015 4:00,1,0,1
11/28/2015 5:00,0,0,0
11/28/2015 6:00,0,0,0
11/28/2015 7:00,0,0,0
11/28/2015 8:00,4,1,3
11/28/2015 9:00,4,1,3
11/28/2015 10:00,7,5,2
11/28/2015 11:00,7,4,3
11/28/2015 12:00,3,2,1
11/28/2015 13:00,5,3,2
11/28/2015 14:00,10,6,4
11/28/2015 15:00,4,2,2
11/28/2015 16:00,9,4,5
11/28/2015 17:00,7,4,3
11/28/2015 18:00,2,0,2
11/28/2015 19:00,1,0,1
11/28/2015 20:00,0,0,0
11/28/2015 21:00,3,3,0
11/28/2015 22:00,2,2,0
11/28/2015 23:00,4,1,3
11/29/2015 0:00,0,0,0
11/29/2015 1:00,2,0,2
11/29/2015 2:00,0,0,0
11/29/2015 3:00,1,1,0
11/29/2015 4:00,0,0,0
11/29/2015 5:00,0,0,0
11/29/2015 6:00,0,0,0
11/29/2015 7:00,1,1,0
11/29/2015 8:00,1,0,1
11/29/2015 9:00,9,2,7
11/29/2015 10:00,5,4,1
11/29/2015 11:00,22,1,21
11/29/2015 12:00,4,3,1
11/29/2015 13:00,7,2,5
11/29/2015 14:00,6,3,3
11/29/2015 15:00,10,8,2
11/29/2015 16:00,8,3,5
11/29/2015 17:00,2,0,2
11/29/2015 18:00,4,2,2
11/29/2015 19:00,3,2,1
11/29/2015 20:00,2,1,1
11/29/2015 21:00,0,0,0
11/29/2015 22:00,0,0,0
11/29/2015 23:00,1,0,1
11/30/2015 0:00,0,0,0
11/30/2015 1:00,0,0,0
11/30/2015 2:00,0,0,0
11/30/2015 3:00,0,0,0
11/30/2015 4:00,0,0,0
11/30/2015 5:00,0,0,0
11/30/2015 6:00,2,0,2
11/30/2015 7:00,6,4,2
11/30/2015 8:00,8,5,3
11/30/2015 9:00,4,2,2
11/30/2015 10:00,4,3,1
11/30/2015 11:00,2,1,1
11/30/2015 12:00,8,3,5
11/30/2015 13:00,5,1,4
11/30/2015 14:00,8,4,4
11/30/2015 15:00,6,3,3
11/30/2015 16:00,5,2,3
11/30/2015 17:00,7,6,1
11/30/2015 18:00,9,1,8
11/30/2015 19:00,2,2,0
11/30/2015 20:00,3,1,2
11/30/2015 21:00,2,2,0
11/30/2015 22:00,2,1,1
11/30/2015 23:00,1,0,1
12/1/2015 0:00,1,0,1
12/1/2015 1:00,0,0,0
12/1/2015 2:00,1,0,1
12/1/2015 3:00,1,1,0
12/1/2015 4:00,1,0,1
12/1/2015 5:00,1,0,1
12/1/2015 6:00,2,0,2
12/1/2015 7:00,5,5,0
12/1/2015 8:00,6,3,3
12/1/2015 9:00,14,6,8
12/1/2015 10:00,3,1,2
12/1/2015 11:00,5,1,4
12/1/2015 12:00,6,4,2
12/1/2015 13:00,1,0,1
12/1/2015 14:00,2,1,1
12/1/2015 15:00,7,5,2
12/1/2015 16:00,7,3,4
12/1/2015 17:00,8,4,4
12/1/2015 18:00,12,4,8
12/1/2015 19:00,8,4,4
12/1/2015 20:00,1,0,1
12/1/2015 21:00,1,1,0
12/1/2015 22:00,2,1,1
12/1/2015 23:00,2,0,2
12/2/2015 0:00,1,1,0
12/2/2015 1:00,0,0,0
12/2/2015 2:00,0,0,0
12/2/2015 3:00,1,1,0
12/2/2015 4:00,1,0,1
12/2/2015 5:00,0,0,0
12/2/2015 6:00,2,0,2
12/2/2015 7:00,9,7,2
12/2/2015 8:00,2,2,0
12/2/2015 9:00,10,5,5
12/2/2015 10:00,7,4,3
12/2/2015 11:00,7,3,4
12/2/2015 12:00,2,1,1
12/2/2015 13:00,5,4,1
12/2/2015 14:00,5,3,2
12/2/2015 15:00,3,2,1
12/2/2015 16:00,9,7,2
12/2/2015 17:00,7,7,0
12/2/2015 18:00,6,0,6
12/2/2015 19:00,6,3,3
12/2/2015 20:00,1,0,1
12/2/2015 21:00,5,2,3
12/2/2015 22:00,5,3,2
12/2/2015 23:00,2,1,1
12/3/2015 0:00,0,0,0
12/3/2015 1:00,2,2,0
12/3/2015 2:00,0,0,0
12/3/2015 3:00,2,1,1
12/3/2015 4:00,0,0,0
12/3/2015 5:00,0,0,0
12/3/2015 6:00,4,2,2
12/3/2015 7:00,8,5,3
12/3/2015 8:00,3,2,1
12/3/2015 9:00,3,1,2
12/3/2015 10:00,1,1,0
12/3/2015 11:00,6,2,4
12/3/2015 12:00,4,3,1
12/3/2015 13:00,5,0,5
12/3/2015 14:00,6,3,3
12/3/2015 15:00,6,4,2
12/3/2015 16:00,3,3,0
12/3/2015 17:00,8,2,6
12/3/2015 18:00,3,2,1
12/3/2015 19:00,4,2,2
12/3/2015 20:00,3,3,0
12/3/2015 21:00,1,1,0
12/3/2015 22:00,0,0,0
12/3/2015 23:00,0,0,0
12/4/2015 0:00,0,0,0
12/4/2015 1:00,0,0,0
12/4/2015 2:00,1,0,1
12/4/2015 3:00,0,0,0
12/4/2015 4:00,0,0,0
12/4/2015 5:00,1,1,0
12/4/2015 6:00,2,0,2
12/4/2015 7:00,2,2,0
12/4/2015 8:00,9,4,5
12/4/2015 9:00,5,3,2
12/4/2015 10:00,3,3,0
12/4/2015 11:00,3,2,1
12/4/2015 12:00,2,2,0
12/4/2015 13:00,11,7,4
12/4/2015 14:00,2,1,1
12/4/2015 15:00,5,3,2
12/4/2015 16:00,7,4,3
12/4/2015 17:00,16,10,6
12/4/2015 18:00,5,0,5
12/4/2015 19:00,2,0,2
12/4/2015 20:00,2,0,2
12/4/2015 21:00,0,0,0
12/4/2015 22:00,2,0,2
12/4/2015 23:00,2,1,1
12/5/2015 0:00,2,0,2
12/5/2015 1:00,0,0,0
12/5/2015 2:00,0,0,0
12/5/2015 3:00,0,0,0
12/5/2015 4:00,0,0,0
12/5/2015 5:00,0,0,0
12/5/2015 6:00,2,2,0
12/5/2015 7:00,0,0,0
12/5/2015 8:00,2,1,1
12/5/2015 9:00,3,2,1
12/5/2015 10:00,0,0,0
12/5/2015 11:00,3,0,3
12/5/2015 12:00,1,0,1
12/5/2015 13:00,1,0,1
12/5/2015 14:00,0,0,0
12/5/2015 15:00,1,0,1
12/5/2015 16:00,6,4,2
12/5/2015 17:00,4,2,2
12/5/2015 18:00,4,3,1
12/5/2015 19:00,2,1,1
12/5/2015 20:00,0,0,0
12/5/2015 21:00,0,0,0
12/5/2015 22:00,0,0,0
12/5/2015 23:00,0,0,0
12/6/2015 0:00,1,0,1
12/6/2015 1:00,0,0,0
12/6/2015 2:00,0,0,0
12/6/2015 3:00,0,0,0
12/6/2015 4:00,0,0,0
12/6/2015 5:00,0,0,0
12/6/2015 6:00,1,0,1
12/6/2015 7:00,2,2,0
12/6/2015 8:00,3,2,1
12/6/2015 9:00,4,1,3
12/6/2015 10:00,5,2,3
12/6/2015 11:00,5,3,2
12/6/2015 12:00,5,3,2
12/6/2015 13:00,5,1,4
12/6/2015 14:00,6,2,4
12/6/2015 15:00,12,7,5
12/6/2015 16:00,6,2,4
12/6/2015 17:00,2,2,0
12/6/2015 18:00,5,4,1
12/6/2015 19:00,2,1,1
12/6/2015 20:00,1,0,1
12/6/2015 21:00,0,0,0
12/6/2015 22:00,0,0,0
12/6/2015 23:00,0,0,0
12/7/2015 0:00,0,0,0
12/7/2015 1:00,0,0,0
12/7/2015 2:00,1,1,0
12/7/2015 3:00,0,0,0
12/7/2015 4:00,0,0,0
12/7/2015 5:00,1,0,1
12/7/2015 6:00,4,1,3
12/7/2015 7:00,5,5,0
12/7/2015 8:00,7,3,4
12/7/2015 9:00,11,7,4
12/7/2015 10:00,1,1,0
12/7/2015 11:00,3,1,2
12/7/2015 12:00,7,7,0
12/7/2015 13:00,1,0,1
12/7/2015 14:00,6,3,3
12/7/2015 15:00,1,1,0
12/7/2015 16:00,9,6,3
12/7/2015 17:00,9,7,2
12/7/2015 18:00,5,2,3
12/7/2015 19:00,4,1,3
12/7/2015 20:00,4,1,3
12/7/2015 21:00,4,3,1
12/7/2015 22:00,0,0,0
12/7/2015 23:00,0,0,0
12/8/2015 0:00,0,0,0
12/8/2015 1:00,1,0,1
12/8/2015 2:00,1,0,1
12/8/2015 3:00,0,0,0
12/8/2015 4:00,0,0,0
12/8/2015 5:00,0,0,0
12/8/2015 6:00,4,0,4
12/8/2015 7:00,2,2,0
12/8/2015 8:00,5,2,3
12/8/2015 9:00,7,2,5
12/8/2015 10:00,5,3,2
12/8/2015 11:00,4,2,2
12/8/2015 12:00,0,0,0
12/8/2015 13:00,0,0,0
12/8/2015 14:00,1,0,1
12/8/2015 15:00,4,2,2
12/8/2015 16:00,5,4,1
12/8/2015 17:00,2,2,0
12/8/2015 18:00,6,1,5
12/8/2015 19:00,1,1,0
12/8/2015 20:00,1,1,0
12/8/2015 21:00,2,1,1
12/8/2015 22:00,0,0,0
12/8/2015 23:00,0,0,0
12/9/2015 0:00,2,2,0
12/9/2015 1:00,1,1,0
12/9/2015 2:00,1,0,1
12/9/2015 3:00,0,0,0
12/9/2015 4:00,0,0,0
12/9/2015 5:00,0,0,0
12/9/2015 6:00,3,0,3
12/9/2015 7:00,4,3,1
12/9/2015 8:00,5,4,1
12/9/2015 9:00,11,9,2
12/9/2015 10:00,3,2,1
12/9/2015 11:00,4,0,4
12/9/2015 12:00,9,6,3
12/9/2015 13:00,6,1,5
12/9/2015 14:00,9,3,6
12/9/2015 15:00,2,1,1
12/9/2015 16:00,3,2,1
12/9/2015 17:00,7,4,3
12/9/2015 18:00,4,3,1
12/9/2015 19:00,10,7,3
12/9/2015 20:00,5,2,3
12/9/2015 21:00,4,3,1
12/9/2015 22:00,2,1,1
12/9/2015 23:00,0,0,0
12/10/2015 0:00,1,0,1
12/10/2015 1:00,0,0,0
12/10/2015 2:00,0,0,0
12/10/2015 3:00,1,0,1
12/10/2015 4:00,0,0,0
12/10/2015 5:00,0,0,0
12/10/2015 6:00,3,1,2
12/10/2015 7:00,3,1,2
12/10/2015 8:00,3,1,2
12/10/2015 9:00,5,5,0
12/10/2015 10:00,0,0,0
12/10/2015 11:00,3,2,1
12/10/2015 12:00,2,2,0
12/10/2015 13:00,1,1,0
12/10/2015 14:00,1,1,0
12/10/2015 15:00,4,2,2
12/10/2015 16:00,2,1,1
12/10/2015 17:00,4,2,2
12/10/2015 18:00,6,4,2
12/10/2015 19:00,4,2,2
12/10/2015 20:00,0,0,0
12/10/2015 21:00,1,1,0
12/10/2015 22:00,1,1,0
12/10/2015 23:00,0,0,0
12/11/2015 0:00,1,0,1
12/11/2015 1:00,0,0,0
12/11/2015 2:00,3,1,2
12/11/2015 3:00,0,0,0
12/11/2015 4:00,0,0,0
12/11/2015 5:00,0,0,0
12/11/2015 6:00,2,0,2
12/11/2015 7:00,6,6,0
12/11/2015 8:00,9,4,5
12/11/2015 9:00,5,2,3
12/11/2015 10:00,6,4,2
12/11/2015 11:00,8,4,4
12/11/2015 12:00,3,2,1
12/11/2015 13:00,3,0,3
12/11/2015 14:00,12,7,5
12/11/2015 15:00,6,4,2
12/11/2015 16:00,12,6,6
12/11/2015 17:00,7,4,3
12/11/2015 18:00,12,7,5
12/11/2015 19:00,5,3,2
12/11/2015 20:00,1,0,1
12/11/2015 21:00,0,0,0
12/11/2015 22:00,0,0,0
12/11/2015 23:00,4,3,1
12/12/2015 0:00,3,0,3
12/12/2015 1:00,0,0,0
12/12/2015 2:00,0,0,0
12/12/2015 3:00,0,0,0
12/12/2015 4:00,0,0,0
12/12/2015 5:00,0,0,0
12/12/2015 6:00,1,0,1
12/12/2015 7:00,0,0,0
12/12/2015 8:00,0,0,0
12/12/2015 9:00,1,0,1
12/12/2015 10:00,3,2,1
12/12/2015 11:00,3,1,2
12/12/2015 12:00,6,5,1
12/12/2015 13:00,3,1,2
12/12/2015 14:00,4,2,2
12/12/2015 15:00,3,3,0
12/12/2015 16:00,1,1,0
12/12/2015 17:00,5,3,2
12/12/2015 18:00,4,1,3
12/12/2015 19:00,2,1,1
12/12/2015 20:00,2,1,1
12/12/2015 21:00,0,0,0
12/12/2015 22:00,0,0,0
12/12/2015 23:00,2,2,0
12/13/2015 0:00,1,0,1
12/13/2015 1:00,0,0,0
12/13/2015 2:00,0,0,0
12/13/2015 3:00,0,0,0
12/13/2015 4:00,0,0,0
12/13/2015 5:00,0,0,0
12/13/2015 6:00,0,0,0
12/13/2015 7:00,0,0,0
12/13/2015 8:00,2,1,1
12/13/2015 9:00,2,1,1
12/13/2015 10:00,4,1,3
12/13/2015 11:00,2,0,2
12/13/2015 12:00,3,3,0
12/13/2015 13:00,4,2,2
12/13/2015 14:00,8,3,5
12/13/2015 15:00,4,3,1
12/13/2015 16:00,2,2,0
12/13/2015 17:00,6,2,4
12/13/2015 18:00,0,0,0
12/13/2015 19:00,0,0,0
12/13/2015 20:00,0,0,0
12/13/2015 21:00,0,0,0
12/13/2015 22:00,1,0,1
12/13/2015 23:00,0,0,0
12/14/2015 0:00,0,0,0
12/14/2015 1:00,0,0,0
12/14/2015 2:00,0,0,0
12/14/2015 3:00,0,0,0
12/14/2015 4:00,0,0,0
12/14/2015 5:00,1,0,1
12/14/2015 6:00,2,0,2
12/14/2015 7:00,6,0,6
12/14/2015 8:00,13,7,6
12/14/2015 9:00,11,7,4
12/14/2015 10:00,0,0,0
12/14/2015 11:00,4,2,2
12/14/2015 12:00,5,1,4
12/14/2015 13:00,7,3,4
12/14/2015 14:00,9,6,3
12/14/2015 15:00,7,6,1
12/14/2015 16:00,6,4,2
12/14/2015 17:00,4,2,2
12/14/2015 18:00,7,3,4
12/14/2015 19:00,6,3,3
12/14/2015 20:00,5,4,1
12/14/2015 21:00,1,1,0
12/14/2015 22:00,0,0,0
12/14/2015 23:00,0,0,0
12/15/2015 0:00,1,0,1
12/15/2015 1:00,1,0,1
12/15/2015 2:00,1,0,1
12/15/2015 3:00,1,0,1
12/15/2015 4:00,0,0,0
12/15/2015 5:00,1,0,1
12/15/2015 6:00,2,0,2
12/15/2015 7:00,2,2,0
12/15/2015 8:00,7,4,3
12/15/2015 9:00,10,5,5
12/15/2015 10:00,5,2,3
12/15/2015 11:00,8,3,5
12/15/2015 12:00,3,2,1
12/15/2015 13:00,5,4,1
12/15/2015 14:00,6,5,1
12/15/2015 15:00,3,3,0
12/15/2015 16:00,5,4,1
12/15/2015 17:00,8,4,4
12/15/2015 18:00,4,0,4
12/15/2015 19:00,3,2,1
12/15/2015 20:00,5,2,3
12/15/2015 21:00,1,1,0
12/15/2015 22:00,1,0,1
12/15/2015 23:00,0,0,0
12/16/2015 0:00,3,2,1
12/16/2015 1:00,0,0,0
12/16/2015 2:00,0,0,0
12/16/2015 3:00,0,0,0
12/16/2015 4:00,0,0,0
12/16/2015 5:00,1,0,1
12/16/2015 6:00,2,0,2
12/16/2015 7:00,5,3,2
12/16/2015 8:00,9,5,4
12/16/2015 9:00,4,1,3
12/16/2015 10:00,4,2,2
12/16/2015 11:00,3,3,0
12/16/2015 12:00,4,2,2
12/16/2015 13:00,4,2,2
12/16/2015 14:00,6,3,3
12/16/2015 15:00,6,5,1
12/16/2015 16:00,4,3,1
12/16/2015 17:00,10,7,3
12/16/2015 18:00,5,1,4
12/16/2015 19:00,9,3,6
12/16/2015 20:00,2,1,1
12/16/2015 21:00,3,2,1
12/16/2015 22:00,1,1,0
12/16/2015 23:00,3,0,3
12/17/2015 0:00,0,0,0
12/17/2015 1:00,0,0,0
12/17/2015 2:00,0,0,0
12/17/2015 3:00,0,0,0
12/17/2015 4:00,0,0,0
12/17/2015 5:00,1,0,1
12/17/2015 6:00,3,0,3
12/17/2015 7:00,4,3,1
12/17/2015 8:00,9,7,2
12/17/2015 9:00,1,1,0
12/17/2015 10:00,4,1,3
12/17/2015 11:00,1,0,1
12/17/2015 12:00,0,0,0
12/17/2015 13:00,0,0,0
12/17/2015 14:00,4,3,1
12/17/2015 15:00,3,2,1
12/17/2015 16:00,3,2,1
12/17/2015 17:00,8,4,4
12/17/2015 18:00,3,0,3
12/17/2015 19:00,5,5,0
12/17/2015 20:00,2,2,0
12/17/2015 21:00,0,0,0
12/17/2015 22:00,2,1,1
12/17/2015 23:00,0,0,0
12/18/2015 0:00,0,0,0
12/18/2015 1:00,0,0,0
12/18/2015 2:00,0,0,0
12/18/2015 3:00,0,0,0
12/18/2015 4:00,0,0,0
12/18/2015 5:00,1,0,1
12/18/2015 6:00,2,0,2
12/18/2015 7:00,3,1,2
12/18/2015 8:00,3,3,0
12/18/2015 9:00,5,2,3
12/18/2015 10:00,3,2,1
12/18/2015 11:00,9,4,5
12/18/2015 12:00,7,4,3
12/18/2015 13:00,9,3,6
12/18/2015 14:00,3,1,2
12/18/2015 15:00,8,4,4
12/18/2015 16:00,8,5,3
12/18/2015 17:00,10,6,4
12/18/2015 18:00,5,2,3
12/18/2015 19:00,2,1,1
12/18/2015 20:00,0,0,0
12/18/2015 21:00,4,4,0
12/18/2015 22:00,3,3,0
12/18/2015 23:00,0,0,0
12/19/2015 0:00,0,0,0
12/19/2015 1:00,0,0,0
12/19/2015 2:00,0,0,0
12/19/2015 3:00,0,0,0
12/19/2015 4:00,0,0,0
12/19/2015 5:00,0,0,0
12/19/2015 6:00,1,1,0
12/19/2015 7:00,0,0,0
12/19/2015 8:00,2,1,1
12/19/2015 9:00,1,0,1
12/19/2015 10:00,6,4,2
12/19/2015 11:00,5,0,5
12/19/2015 12:00,5,3,2
12/19/2015 13:00,1,1,0
12/19/2015 14:00,3,1,2
12/19/2015 15:00,3,2,1
12/19/2015 16:00,7,5,2
12/19/2015 17:00,9,6,3
12/19/2015 18:00,13,7,6
12/19/2015 19:00,1,1,0
12/19/2015 20:00,2,0,2
12/19/2015 21:00,1,1,0
12/19/2015 22:00,2,1,1
12/19/2015 23:00,2,2,0
12/20/2015 0:00,1,1,0
12/20/2015 1:00,0,0,0
12/20/2015 2:00,0,0,0
12/20/2015 3:00,0,0,0
12/20/2015 4:00,0,0,0
12/20/2015 5:00,0,0,0
12/20/2015 6:00,1,0,1
12/20/2015 7:00,0,0,0
12/20/2015 8:00,0,0,0
12/20/2015 9:00,2,1,1
12/20/2015 10:00,2,1,1
12/20/2015 11:00,5,5,0
12/20/2015 12:00,6,3,3
12/20/2015 13:00,9,6,3
12/20/2015 14:00,13,3,10
12/20/2015 15:00,8,7,1
12/20/2015 16:00,8,4,4
12/20/2015 17:00,1,0,1
12/20/2015 18:00,3,2,1
12/20/2015 19:00,2,2,0
12/20/2015 20:00,5,5,0
12/20/2015 21:00,1,1,0
12/20/2015 22:00,1,1,0
12/20/2015 23:00,1,0,1
12/21/2015 0:00,0,0,0
12/21/2015 1:00,0,0,0
12/21/2015 2:00,0,0,0
12/21/2015 3:00,0,0,0
12/21/2015 4:00,0,0,0
12/21/2015 5:00,1,0,1
12/21/2015 6:00,0,0,0
12/21/2015 7:00,3,2,1
12/21/2015 8:00,5,3,2
12/21/2015 9:00,3,1,2
12/21/2015 10:00,0,0,0
12/21/2015 11:00,1,0,1
12/21/2015 12:00,1,0,1
12/21/2015 13:00,4,1,3
12/21/2015 14:00,1,1,0
12/21/2015 15:00,2,2,0
12/21/2015 16:00,3,1,2
12/21/2015 17:00,6,3,3
12/21/2015 18:00,2,2,0
12/21/2015 19:00,4,3,1
12/21/2015 20:00,0,0,0
12/21/2015 21:00,0,0,0
12/21/2015 22:00,0,0,0
12/21/2015 23:00,0,0,0
12/22/2015 0:00,0,0,0
12/22/2015 1:00,0,0,0
12/22/2015 2:00,0,0,0
12/22/2015 3:00,1,0,1
12/22/2015 4:00,0,0,0
12/22/2015 5:00,1,0,1
12/22/2015 6:00,1,0,1
12/22/2015 7:00,4,3,1
12/22/2015 8:00,5,1,4
12/22/2015 9:00,7,4,3
12/22/2015 10:00,5,1,4
12/22/2015 11:00,11,4,7
12/22/2015 12:00,5,2,3
12/22/2015 13:00,5,3,2
12/22/2015 14:00,3,1,2
12/22/2015 15:00,4,2,2
12/22/2015 16:00,6,4,2
12/22/2015 17:00,5,4,1
12/22/2015 18:00,3,1,2
12/22/2015 19:00,0,0,0
12/22/2015 20:00,1,1,0
12/22/2015 21:00,2,2,0
12/22/2015 22:00,1,1,0
12/22/2015 23:00,0,0,0
12/23/2015 0:00,0,0,0
12/23/2015 1:00,0,0,0
12/23/2015 2:00,0,0,0
12/23/2015 3:00,0,0,0
12/23/2015 4:00,0,0,0
12/23/2015 5:00,2,0,2
12/23/2015 6:00,1,0,1
12/23/2015 7:00,2,2,0
12/23/2015 8:00,4,1,3
12/23/2015 9:00,2,1,1
12/23/2015 10:00,0,0,0
12/23/2015 11:00,5,4,1
12/23/2015 12:00,6,1,5
12/23/2015 13:00,5,5,0
12/23/2015 14:00,1,0,1
12/23/2015 15:00,6,3,3
12/23/2015 16:00,11,7,4
12/23/2015 17:00,6,3,3
12/23/2015 18:00,3,3,0
12/23/2015 19:00,5,2,3
12/23/2015 20:00,3,2,1
12/23/2015 21:00,0,0,0
12/23/2015 22:00,0,0,0
12/23/2015 23:00,0,0,0
12/24/2015 0:00,0,0,0
12/24/2015 1:00,1,0,1
12/24/2015 2:00,0,0,0
12/24/2015 3:00,0,0,0
12/24/2015 4:00,0,0,0
12/24/2015 5:00,0,0,0
12/24/2015 6:00,1,0,1
12/24/2015 7:00,0,0,0
12/24/2015 8:00,2,2,0
12/24/2015 9:00,2,1,1
12/24/2015 10:00,3,0,3
12/24/2015 11:00,8,3,5
12/24/2015 12:00,9,5,4
12/24/2015 13:00,2,2,0
12/24/2015 14:00,7,4,3
12/24/2015 15:00,2,0,2
12/24/2015 16:00,3,2,1
12/24/2015 17:00,3,3,0
12/24/2015 18:00,0,0,0
12/24/2015 19:00,2,0,2
12/24/2015 20:00,2,2,0
12/24/2015 21:00,0,0,0
12/24/2015 22:00,0,0,0
12/24/2015 23:00,0,0,0
12/25/2015 0:00,0,0,0
12/25/2015 1:00,0,0,0
12/25/2015 2:00,0,0,0
12/25/2015 3:00,0,0,0
12/25/2015 4:00,0,0,0
12/25/2015 5:00,0,0,0
12/25/2015 6:00,0,0,0
12/25/2015 7:00,2,0,2
12/25/2015 8:00,0,0,0
12/25/2015 9:00,0,0,0
12/25/2015 10:00,1,0,1
12/25/2015 11:00,0,0,0
12/25/2015 12:00,2,2,0
12/25/2015 13:00,2,1,1
12/25/2015 14:00,2,2,0
12/25/2015 15:00,1,0,1
12/25/2015 16:00,2,0,2
12/25/2015 17:00,0,0,0
12/25/2015 18:00,0,0,0
12/25/2015 19:00,0,0,0
12/25/2015 20:00,0,0,0
12/25/2015 21:00,0,0,0
12/25/2015 22:00,0,0,0
12/25/2015 23:00,0,0,0
12/26/2015 0:00,0,0,0
12/26/2015 1:00,0,0,0
12/26/2015 2:00,0,0,0
12/26/2015 3:00,0,0,0
12/26/2015 4:00,0,0,0
12/26/2015 5:00,0,0,0
12/26/2015 6:00,0,0,0
12/26/2015 7:00,0,0,0
12/26/2015 8:00,0,0,0
12/26/2015 9:00,0,0,0
12/26/2015 10:00,4,4,0
12/26/2015 11:00,0,0,0
12/26/2015 12:00,5,1,4
12/26/2015 13:00,11,5,6
12/26/2015 14:00,9,6,3
12/26/2015 15:00,2,0,2
12/26/2015 16:00,0,0,0
12/26/2015 17:00,12,7,5
12/26/2015 18:00,3,3,0
12/26/2015 19:00,1,0,1
12/26/2015 20:00,1,0,1
12/26/2015 21:00,1,0,1
12/26/2015 22:00,0,0,0
12/26/2015 23:00,2,1,1
12/27/2015 0:00,0,0,0
12/27/2015 1:00,0,0,0
12/27/2015 2:00,0,0,0
12/27/2015 3:00,0,0,0
12/27/2015 4:00,0,0,0
12/27/2015 5:00,0,0,0
12/27/2015 6:00,0,0,0
12/27/2015 7:00,0,0,0
12/27/2015 8:00,1,1,0
12/27/2015 9:00,2,0,2
12/27/2015 10:00,1,1,0
12/27/2015 11:00,3,2,1
12/27/2015 12:00,3,2,1
12/27/2015 13:00,0,0,0
12/27/2015 14:00,0,0,0
12/27/2015 15:00,0,0,0
12/27/2015 16:00,1,1,0
12/27/2015 17:00,2,1,1
12/27/2015 18:00,1,1,0
12/27/2015 19:00,0,0,0
12/27/2015 20:00,0,0,0
12/27/2015 21:00,0,0,0
12/27/2015 22:00,1,0,1
12/27/2015 23:00,0,0,0
12/28/2015 0:00,0,0,0
12/28/2015 1:00,0,0,0
12/28/2015 2:00,0,0,0
12/28/2015 3:00,0,0,0
12/28/2015 4:00,0,0,0
12/28/2015 5:00,2,0,2
12/28/2015 6:00,1,0,1
12/28/2015 7:00,2,1,1
12/28/2015 8:00,4,3,1
12/28/2015 9:00,8,5,3
12/28/2015 10:00,3,1,2
12/28/2015 11:00,11,4,7
12/28/2015 12:00,6,6,0
12/28/2015 13:00,10,5,5
12/28/2015 14:00,7,6,1
12/28/2015 15:00,9,5,4
12/28/2015 16:00,8,3,5
12/28/2015 17:00,2,0,2
12/28/2015 18:00,8,5,3
12/28/2015 19:00,3,1,2
12/28/2015 20:00,2,2,0
12/28/2015 21:00,1,1,0
12/28/2015 22:00,0,0,0
12/28/2015 23:00,1,1,0
12/29/2015 0:00,0,0,0
12/29/2015 1:00,0,0,0
12/29/2015 2:00,0,0,0
12/29/2015 3:00,0,0,0
12/29/2015 4:00,0,0,0
12/29/2015 5:00,1,0,1
12/29/2015 6:00,3,0,3
12/29/2015 7:00,1,1,0
12/29/2015 8:00,3,1,2
12/29/2015 9:00,6,3,3
12/29/2015 10:00,3,2,1
12/29/2015 11:00,6,1,5
12/29/2015 12:00,6,4,2
12/29/2015 13:00,6,4,2
12/29/2015 14:00,1,0,1
12/29/2015 15:00,2,2,0
12/29/2015 16:00,7,4,3
12/29/2015 17:00,13,6,7
12/29/2015 18:00,8,4,4
12/29/2015 19:00,5,4,1
12/29/2015 20:00,4,2,2
12/29/2015 21:00,1,1,0
12/29/2015 22:00,4,0,4
12/29/2015 23:00,0,0,0
12/30/2015 0:00,0,0,0
12/30/2015 1:00,0,0,0
12/30/2015 2:00,0,0,0
12/30/2015 3:00,0,0,0
12/30/2015 4:00,0,0,0
12/30/2015 5:00,0,0,0
12/30/2015 6:00,2,0,2
12/30/2015 7:00,1,0,1
12/30/2015 8:00,6,5,1
12/30/2015 9:00,4,3,1
12/30/2015 10:00,2,2,0
12/30/2015 11:00,4,1,3
12/30/2015 12:00,3,2,1
12/30/2015 13:00,3,2,1
12/30/2015 14:00,9,6,3
12/30/2015 15:00,4,2,2
12/30/2015 16:00,4,2,2
12/30/2015 17:00,11,7,4
12/30/2015 18:00,9,6,3
12/30/2015 19:00,3,1,2
12/30/2015 20:00,3,2,1
12/30/2015 21:00,1,1,0
12/30/2015 22:00,0,0,0
12/30/2015 23:00,2,1,1
12/31/2015 0:00,1,0,1
12/31/2015 1:00,0,0,0
12/31/2015 2:00,0,0,0
12/31/2015 3:00,0,0,0
12/31/2015 4:00,0,0,0
12/31/2015 5:00,0,0,0
12/31/2015 6:00,2,0,2
12/31/2015 7:00,2,0,2
12/31/2015 8:00,4,4,0
12/31/2015 9:00,2,1,1
12/31/2015 10:00,0,0,0
12/31/2015 11:00,5,1,4
12/31/2015 12:00,4,3,1
12/31/2015 13:00,7,3,4
12/31/2015 14:00,8,5,3
12/31/2015 15:00,6,4,2
12/31/2015 16:00,7,4,3
12/31/2015 17:00,1,0,1
12/31/2015 18:00,0,0,0
12/31/2015 19:00,2,2,0
12/31/2015 20:00,0,0,0
12/31/2015 21:00,3,0,3
12/31/2015 22:00,2,2,0
12/31/2015 23:00,0,0,0
1/1/2016 0:00,0,0,0
1/1/2016 1:00,0,0,0
1/1/2016 2:00,1,0,1
1/1/2016 3:00,0,0,0
1/1/2016 4:00,0,0,0
1/1/2016 5:00,0,0,0
1/1/2016 6:00,0,0,0
1/1/2016 7:00,1,0,1
1/1/2016 8:00,0,0,0
1/1/2016 9:00,0,0,0
1/1/2016 10:00,2,0,2
1/1/2016 11:00,7,0,7
1/1/2016 12:00,1,0,1
1/1/2016 13:00,14,7,7
1/1/2016 14:00,9,2,7
1/1/2016 15:00,12,5,7
1/1/2016 16:00,4,4,0
1/1/2016 17:00,4,1,3
1/1/2016 18:00,3,0,3
1/1/2016 19:00,2,0,2
1/1/2016 20:00,0,0,0
1/1/2016 21:00,1,0,1
1/1/2016 22:00,0,0,0
1/1/2016 23:00,1,0,1
1/2/2016 0:00,0,0,0
1/2/2016 1:00,0,0,0
1/2/2016 2:00,0,0,0
1/2/2016 3:00,0,0,0
1/2/2016 4:00,0,0,0
1/2/2016 5:00,0,0,0
1/2/2016 6:00,1,0,1
1/2/2016 7:00,0,0,0
1/2/2016 8:00,1,0,1
1/2/2016 9:00,4,1,3
1/2/2016 10:00,1,0,1
1/2/2016 11:00,5,2,3
1/2/2016 12:00,8,4,4
1/2/2016 13:00,8,4,4
1/2/2016 14:00,9,3,6
1/2/2016 15:00,10,5,5
1/2/2016 16:00,7,6,1
1/2/2016 17:00,2,2,0
1/2/2016 18:00,2,1,1
1/2/2016 19:00,3,1,2
1/2/2016 20:00,2,1,1
1/2/2016 21:00,1,1,0
1/2/2016 22:00,0,0,0
1/2/2016 23:00,0,0,0
1/3/2016 0:00,1,0,1
1/3/2016 1:00,0,0,0
1/3/2016 2:00,0,0,0
1/3/2016 3:00,0,0,0
1/3/2016 4:00,0,0,0
1/3/2016 5:00,1,0,1
1/3/2016 6:00,1,1,0
1/3/2016 7:00,1,0,1
1/3/2016 8:00,0,0,0
1/3/2016 9:00,0,0,0
1/3/2016 10:00,8,4,4
1/3/2016 11:00,11,10,1
1/3/2016 12:00,9,3,6
1/3/2016 13:00,2,2,0
1/3/2016 14:00,3,0,3
1/3/2016 15:00,3,1,2
1/3/2016 16:00,8,4,4
1/3/2016 17:00,2,0,2
1/3/2016 18:00,0,0,0
1/3/2016 19:00,0,0,0
1/3/2016 20:00,0,0,0
1/3/2016 21:00,0,0,0
1/3/2016 22:00,0,0,0
1/3/2016 23:00,0,0,0
1/4/2016 0:00,0,0,0
1/4/2016 1:00,1,0,1
1/4/2016 2:00,0,0,0
1/4/2016 3:00,0,0,0
1/4/2016 4:00,0,0,0
1/4/2016 5:00,1,0,1
1/4/2016 6:00,4,1,3
1/4/2016 7:00,2,1,1
1/4/2016 8:00,7,4,3
1/4/2016 9:00,7,5,2
1/4/2016 10:00,1,0,1
1/4/2016 11:00,4,1,3
1/4/2016 12:00,0,0,0
1/4/2016 13:00,5,3,2
1/4/2016 14:00,1,0,1
1/4/2016 15:00,1,1,0
1/4/2016 16:00,10,6,4
1/4/2016 17:00,8,4,4
1/4/2016 18:00,2,1,1
1/4/2016 19:00,4,1,3
1/4/2016 20:00,3,3,0
1/4/2016 21:00,0,0,0
1/4/2016 22:00,2,0,2
1/4/2016 23:00,0,0,0
1/5/2016 0:00,0,0,0
1/5/2016 1:00,3,1,2
1/5/2016 2:00,0,0,0
1/5/2016 3:00,0,0,0
1/5/2016 4:00,0,0,0
1/5/2016 5:00,2,0,2
1/5/2016 6:00,3,1,2
1/5/2016 7:00,6,4,2
1/5/2016 8:00,2,0,2
1/5/2016 9:00,7,4,3
1/5/2016 10:00,5,1,4
1/5/2016 11:00,4,1,3
1/5/2016 12:00,5,3,2
1/5/2016 13:00,5,3,2
1/5/2016 14:00,3,3,0
1/5/2016 15:00,1,0,1
1/5/2016 16:00,10,5,5
1/5/2016 17:00,4,2,2
1/5/2016 18:00,5,1,4
1/5/2016 19:00,4,2,2
1/5/2016 20:00,2,1,1
1/5/2016 21:00,2,1,1
1/5/2016 22:00,4,1,3
1/5/2016 23:00,2,1,1
1/6/2016 0:00,0,0,0
1/6/2016 1:00,0,0,0
1/6/2016 2:00,0,0,0
1/6/2016 3:00,0,0,0
1/6/2016 4:00,0,0,0
1/6/2016 5:00,1,0,1
1/6/2016 6:00,4,1,3
1/6/2016 7:00,7,4,3
1/6/2016 8:00,4,3,1
1/6/2016 9:00,10,5,5
1/6/2016 10:00,6,1,5
1/6/2016 11:00,6,4,2
1/6/2016 12:00,4,2,2
1/6/2016 13:00,11,7,4
1/6/2016 14:00,10,5,5
1/6/2016 15:00,6,4,2
1/6/2016 16:00,6,4,2
1/6/2016 17:00,7,6,1
1/6/2016 18:00,9,3,6
1/6/2016 19:00,2,0,2
1/6/2016 20:00,2,1,1
1/6/2016 21:00,3,3,0
1/6/2016 22:00,1,0,1
1/6/2016 23:00,3,1,2
1/7/2016 0:00,1,1,0
1/7/2016 1:00,0,0,0
1/7/2016 2:00,0,0,0
1/7/2016 3:00,0,0,0
1/7/2016 4:00,0,0,0
1/7/2016 5:00,0,0,0
1/7/2016 6:00,3,0,3
1/7/2016 7:00,4,3,1
1/7/2016 8:00,2,0,2
1/7/2016 9:00,6,3,3
1/7/2016 10:00,1,0,1
1/7/2016 11:00,5,3,2
1/7/2016 12:00,1,1,0
1/7/2016 13:00,1,0,1
1/7/2016 14:00,7,5,2
1/7/2016 15:00,6,5,1
1/7/2016 16:00,6,4,2
1/7/2016 17:00,9,3,6
1/7/2016 18:00,10,6,4
1/7/2016 19:00,2,0,2
1/7/2016 20:00,4,4,0
1/7/2016 21:00,4,1,3
1/7/2016 22:00,3,2,1
1/7/2016 23:00,3,2,1
1/8/2016 0:00,1,1,0
1/8/2016 1:00,0,0,0
1/8/2016 2:00,1,1,0
1/8/2016 3:00,1,0,1
1/8/2016 4:00,2,2,0
1/8/2016 5:00,0,0,0
1/8/2016 6:00,0,0,0
1/8/2016 7:00,3,2,1
1/8/2016 8:00,10,6,4
1/8/2016 9:00,7,5,2
1/8/2016 10:00,7,3,4
1/8/2016 11:00,6,2,4
1/8/2016 12:00,6,2,4
1/8/2016 13:00,3,2,1
1/8/2016 14:00,4,2,2
1/8/2016 15:00,6,3,3
1/8/2016 16:00,3,3,0
1/8/2016 17:00,9,4,5
1/8/2016 18:00,3,1,2
1/8/2016 19:00,10,2,8
1/8/2016 20:00,2,2,0
1/8/2016 21:00,2,2,0
1/8/2016 22:00,1,0,1
1/8/2016 23:00,1,0,1
1/9/2016 0:00,3,2,1
1/9/2016 1:00,0,0,0
1/9/2016 2:00,0,0,0
1/9/2016 3:00,2,1,1
1/9/2016 4:00,0,0,0
1/9/2016 5:00,0,0,0
1/9/2016 6:00,4,2,2
1/9/2016 7:00,1,1,0
1/9/2016 8:00,1,0,1
1/9/2016 9:00,8,7,1
1/9/2016 10:00,7,1,6
1/9/2016 11:00,11,7,4
1/9/2016 12:00,7,4,3
1/9/2016 13:00,9,1,8
1/9/2016 14:00,3,0,3
1/9/2016 15:00,8,6,2
1/9/2016 16:00,7,5,2
1/9/2016 17:00,3,3,0
1/9/2016 18:00,1,0,1
1/9/2016 19:00,0,0,0
1/9/2016 20:00,1,0,1
1/9/2016 21:00,0,0,0
1/9/2016 22:00,0,0,0
1/9/2016 23:00,0,0,0
1/10/2016 0:00,0,0,0
1/10/2016 1:00,0,0,0
1/10/2016 2:00,0,0,0
1/10/2016 3:00,0,0,0
1/10/2016 4:00,0,0,0
1/10/2016 5:00,1,1,0
1/10/2016 6:00,1,0,1
1/10/2016 7:00,0,0,0
1/10/2016 8:00,4,2,2
1/10/2016 9:00,5,0,5
1/10/2016 10:00,6,2,4
1/10/2016 11:00,6,5,1
1/10/2016 12:00,16,6,10
1/10/2016 13:00,2,1,1
1/10/2016 14:00,12,7,5
1/10/2016 15:00,13,5,8
1/10/2016 16:00,4,2,2
1/10/2016 17:00,2,2,0
1/10/2016 18:00,4,1,3
1/10/2016 19:00,1,1,0
1/10/2016 20:00,1,1,0
1/10/2016 21:00,0,0,0
1/10/2016 22:00,0,0,0
1/10/2016 23:00,0,0,0
1/11/2016 0:00,0,0,0
1/11/2016 1:00,0,0,0
1/11/2016 2:00,0,0,0
1/11/2016 3:00,2,1,1
1/11/2016 4:00,0,0,0
1/11/2016 5:00,0,0,0
1/11/2016 6:00,1,0,1
1/11/2016 7:00,4,3,1
1/11/2016 8:00,9,2,7
1/11/2016 9:00,11,5,6
1/11/2016 10:00,2,0,2
1/11/2016 11:00,0,0,0
1/11/2016 12:00,2,0,2
1/11/2016 13:00,1,0,1
1/11/2016 14:00,5,3,2
1/11/2016 15:00,5,3,2
1/11/2016 16:00,12,9,3
1/11/2016 17:00,16,10,6
1/11/2016 18:00,10,4,6
1/11/2016 19:00,6,3,3
1/11/2016 20:00,2,2,0
1/11/2016 21:00,2,1,1
1/11/2016 22:00,3,2,1
1/11/2016 23:00,1,0,1
1/12/2016 0:00,0,0,0
1/12/2016 1:00,0,0,0
1/12/2016 2:00,0,0,0
1/12/2016 3:00,2,1,1
1/12/2016 4:00,0,0,0
1/12/2016 5:00,2,0,2
1/12/2016 6:00,2,1,1
1/12/2016 7:00,8,5,3
1/12/2016 8:00,11,6,5
1/12/2016 9:00,7,4,3
1/12/2016 10:00,3,0,3
1/12/2016 11:00,5,2,3
1/12/2016 12:00,1,0,1
1/12/2016 13:00,6,3,3
1/12/2016 14:00,3,0,3
1/12/2016 15:00,3,1,2
1/12/2016 16:00,4,2,2
1/12/2016 17:00,7,3,4
1/12/2016 18:00,11,6,5
1/12/2016 19:00,5,3,2
1/12/2016 20:00,3,1,2
1/12/2016 21:00,2,1,1
1/12/2016 22:00,1,1,0
1/12/2016 23:00,0,0,0
1/13/2016 0:00,0,0,0
1/13/2016 1:00,0,0,0
1/13/2016 2:00,0,0,0
1/13/2016 3:00,0,0,0
1/13/2016 4:00,0,0,0
1/13/2016 5:00,0,0,0
1/13/2016 6:00,2,0,2
1/13/2016 7:00,3,3,0
1/13/2016 8:00,4,3,1
1/13/2016 9:00,4,2,2
1/13/2016 10:00,5,2,3
1/13/2016 11:00,2,0,2
1/13/2016 12:00,3,1,2
1/13/2016 13:00,0,0,0
1/13/2016 14:00,3,1,2
1/13/2016 15:00,6,6,0
1/13/2016 16:00,4,4,0
1/13/2016 17:00,1,1,0
1/13/2016 18:00,4,1,3
1/13/2016 19:00,5,1,4
1/13/2016 20:00,2,0,2
1/13/2016 21:00,3,1,2
1/13/2016 22:00,1,1,0
1/13/2016 23:00,2,0,2
1/14/2016 0:00,1,0,1
1/14/2016 1:00,0,0,0
1/14/2016 2:00,0,0,0
1/14/2016 3:00,0,0,0
1/14/2016 4:00,0,0,0
1/14/2016 5:00,2,1,1
1/14/2016 6:00,3,0,3
1/14/2016 7:00,3,2,1
1/14/2016 8:00,6,3,3
1/14/2016 9:00,9,9,0
1/14/2016 10:00,3,1,2
1/14/2016 11:00,6,1,5
1/14/2016 12:00,9,6,3
1/14/2016 13:00,10,4,6
1/14/2016 14:00,5,4,1
1/14/2016 15:00,3,2,1
1/14/2016 16:00,8,4,4
1/14/2016 17:00,10,5,5
1/14/2016 18:00,12,3,9
1/14/2016 19:00,10,8,2
1/14/2016 20:00,1,0,1
1/14/2016 21:00,4,3,1
1/14/2016 22:00,1,0,1
1/14/2016 23:00,2,1,1
1/15/2016 0:00,0,0,0
1/15/2016 1:00,0,0,0
1/15/2016 2:00,0,0,0
1/15/2016 3:00,2,1,1
1/15/2016 4:00,0,0,0
1/15/2016 5:00,0,0,0
1/15/2016 6:00,3,0,3
1/15/2016 7:00,2,0,2
1/15/2016 8:00,5,5,0
1/15/2016 9:00,5,4,1
1/15/2016 10:00,1,0,1
1/15/2016 11:00,4,2,2
1/15/2016 12:00,3,2,1
1/15/2016 13:00,8,3,5
1/15/2016 14:00,5,3,2
1/15/2016 15:00,10,3,7
1/15/2016 16:00,9,6,3
1/15/2016 17:00,8,4,4
1/15/2016 18:00,11,6,5
1/15/2016 19:00,3,1,2
1/15/2016 20:00,5,2,3
1/15/2016 21:00,1,1,0
1/15/2016 22:00,1,0,1
1/15/2016 23:00,3,1,2
1/16/2016 0:00,0,0,0
1/16/2016 1:00,0,0,0
1/16/2016 2:00,0,0,0
1/16/2016 3:00,0,0,0
1/16/2016 4:00,0,0,0
1/16/2016 5:00,0,0,0
1/16/2016 6:00,0,0,0
1/16/2016 7:00,1,1,0
1/16/2016 8:00,2,1,1
1/16/2016 9:00,2,0,2
1/16/2016 10:00,2,1,1
1/16/2016 11:00,3,1,2
1/16/2016 12:00,5,2,3
1/16/2016 13:00,12,8,4
1/16/2016 14:00,9,5,4
1/16/2016 15:00,3,2,1
1/16/2016 16:00,1,1,0
1/16/2016 17:00,2,2,0
1/16/2016 18:00,5,3,2
1/16/2016 19:00,0,0,0
1/16/2016 20:00,0,0,0
1/16/2016 21:00,1,1,0
1/16/2016 22:00,2,1,1
1/16/2016 23:00,0,0,0
1/17/2016 0:00,2,2,0
1/17/2016 1:00,2,0,2
1/17/2016 2:00,1,1,0
1/17/2016 3:00,0,0,0
1/17/2016 4:00,0,0,0
1/17/2016 5:00,0,0,0
1/17/2016 6:00,1,0,1
1/17/2016 7:00,0,0,0
1/17/2016 8:00,0,0,0
1/17/2016 9:00,3,1,2
1/17/2016 10:00,3,2,1
1/17/2016 11:00,1,1,0
1/17/2016 12:00,1,1,0
1/17/2016 13:00,2,0,2
1/17/2016 14:00,2,0,2
1/17/2016 15:00,3,3,0
1/17/2016 16:00,3,0,3
1/17/2016 17:00,1,1,0
1/17/2016 18:00,3,2,1
1/17/2016 19:00,1,1,0
1/17/2016 20:00,0,0,0
1/17/2016 21:00,3,2,1
1/17/2016 22:00,0,0,0
1/17/2016 23:00,2,1,1
1/18/2016 0:00,0,0,0
1/18/2016 1:00,0,0,0
1/18/2016 2:00,1,0,1
1/18/2016 3:00,0,0,0
1/18/2016 4:00,1,0,1
1/18/2016 5:00,0,0,0
1/18/2016 6:00,1,0,1
1/18/2016 7:00,7,4,3
1/18/2016 8:00,9,5,4
1/18/2016 9:00,4,1,3
1/18/2016 10:00,12,5,7
1/18/2016 11:00,9,2,7
1/18/2016 12:00,5,3,2
1/18/2016 13:00,13,5,8
1/18/2016 14:00,6,4,2
1/18/2016 15:00,15,12,3
1/18/2016 16:00,5,4,1
1/18/2016 17:00,5,5,0
1/18/2016 18:00,7,2,5
1/18/2016 19:00,5,4,1
1/18/2016 20:00,0,0,0
1/18/2016 21:00,2,1,1
1/18/2016 22:00,0,0,0
1/18/2016 23:00,2,1,1
1/19/2016 0:00,0,0,0
1/19/2016 1:00,1,0,1
1/19/2016 2:00,0,0,0
1/19/2016 3:00,2,1,1
1/19/2016 4:00,0,0,0
1/19/2016 5:00,0,0,0
1/19/2016 6:00,4,1,3
1/19/2016 7:00,5,5,0
1/19/2016 8:00,6,3,3
1/19/2016 9:00,8,3,5
1/19/2016 10:00,5,1,4
1/19/2016 11:00,2,1,1
1/19/2016 12:00,11,6,5
1/19/2016 13:00,4,2,2
1/19/2016 14:00,4,4,0
1/19/2016 15:00,2,1,1
1/19/2016 16:00,3,2,1
1/19/2016 17:00,6,4,2
1/19/2016 18:00,9,6,3
1/19/2016 19:00,7,3,4
1/19/2016 20:00,1,0,1
1/19/2016 21:00,3,3,0
1/19/2016 22:00,0,0,0
1/19/2016 23:00,1,0,1
1/20/2016 0:00,0,0,0
1/20/2016 1:00,1,1,0
1/20/2016 2:00,0,0,0
1/20/2016 3:00,0,0,0
1/20/2016 4:00,0,0,0
1/20/2016 5:00,1,0,1
1/20/2016 6:00,3,1,2
1/20/2016 7:00,7,6,1
1/20/2016 8:00,6,4,2
1/20/2016 9:00,9,3,6
1/20/2016 10:00,2,1,1
1/20/2016 11:00,7,1,6
1/20/2016 12:00,8,5,3
1/20/2016 13:00,8,6,2
1/20/2016 14:00,6,3,3
1/20/2016 15:00,6,4,2
1/20/2016 16:00,7,6,1
1/20/2016 17:00,4,4,0
1/20/2016 18:00,5,1,4
1/20/2016 19:00,8,3,5
1/20/2016 20:00,4,2,2
1/20/2016 21:00,2,1,1
1/20/2016 22:00,3,3,0
1/20/2016 23:00,0,0,0
1/21/2016 0:00,0,0,0
1/21/2016 1:00,2,2,0
1/21/2016 2:00,0,0,0
1/21/2016 3:00,0,0,0
1/21/2016 4:00,0,0,0
1/21/2016 5:00,2,1,1
1/21/2016 6:00,2,0,2
1/21/2016 7:00,5,4,1
1/21/2016 8:00,3,2,1
1/21/2016 9:00,2,1,1
1/21/2016 10:00,0,0,0
1/21/2016 11:00,2,0,2
1/21/2016 12:00,0,0,0
1/21/2016 13:00,4,2,2
1/21/2016 14:00,2,2,0
1/21/2016 15:00,9,5,4
1/21/2016 16:00,2,1,1
1/21/2016 17:00,2,1,1
1/21/2016 18:00,5,1,4
1/21/2016 19:00,1,1,0
1/21/2016 20:00,0,0,0
1/21/2016 21:00,2,2,0
1/21/2016 22:00,1,0,1
1/21/2016 23:00,1,0,1
1/22/2016 0:00,2,1,1
1/22/2016 1:00,0,0,0
1/22/2016 2:00,1,0,1
1/22/2016 3:00,0,0,0
1/22/2016 4:00,3,2,1
1/22/2016 5:00,1,0,1
1/22/2016 6:00,2,1,1
1/22/2016 7:00,6,4,2
1/22/2016 8:00,4,0,4
1/22/2016 9:00,4,3,1
1/22/2016 10:00,2,1,1
1/22/2016 11:00,12,3,9
1/22/2016 12:00,10,6,4
1/22/2016 13:00,7,4,3
1/22/2016 14:00,6,3,3
1/22/2016 15:00,8,4,4
1/22/2016 16:00,9,3,6
1/22/2016 17:00,12,8,4
1/22/2016 18:00,10,4,6
1/22/2016 19:00,2,1,1
1/22/2016 20:00,1,0,1
1/22/2016 21:00,3,2,1
1/22/2016 22:00,2,0,2
1/22/2016 23:00,1,0,1
1/23/2016 0:00,1,1,0
1/23/2016 1:00,0,0,0
1/23/2016 2:00,1,0,1
1/23/2016 3:00,2,1,1
1/23/2016 4:00,0,0,0
1/23/2016 5:00,0,0,0
1/23/2016 6:00,0,0,0
1/23/2016 7:00,1,1,0
1/23/2016 8:00,1,0,1
1/23/2016 9:00,1,0,1
1/23/2016 10:00,4,1,3
1/23/2016 11:00,4,0,4
1/23/2016 12:00,6,3,3
1/23/2016 13:00,3,2,1
1/23/2016 14:00,1,1,0
1/23/2016 15:00,6,1,5
1/23/2016 16:00,4,2,2
1/23/2016 17:00,0,0,0
1/23/2016 18:00,1,0,1
1/23/2016 19:00,1,1,0
1/23/2016 20:00,0,0,0
1/23/2016 21:00,3,1,2
1/23/2016 22:00,1,1,0
1/23/2016 23:00,1,0,1
1/24/2016 0:00,2,1,1
1/24/2016 1:00,0,0,0
1/24/2016 2:00,0,0,0
1/24/2016 3:00,1,1,0
1/24/2016 4:00,2,1,1
1/24/2016 5:00,0,0,0
1/24/2016 6:00,1,0,1
1/24/2016 7:00,1,1,0
1/24/2016 8:00,2,0,2
1/24/2016 9:00,6,3,3
1/24/2016 10:00,11,4,7
1/24/2016 11:00,14,6,8
1/24/2016 12:00,15,11,4
1/24/2016 13:00,17,9,8
1/24/2016 14:00,11,5,6
1/24/2016 15:00,5,1,4
1/24/2016 16:00,21,12,9
1/24/2016 17:00,5,5,0
1/24/2016 18:00,5,3,2
1/24/2016 19:00,1,1,0
1/24/2016 20:00,1,1,0
1/24/2016 21:00,0,0,0
1/24/2016 22:00,2,0,2
1/24/2016 23:00,1,0,1
1/25/2016 0:00,0,0,0
1/25/2016 1:00,0,0,0
1/25/2016 2:00,0,0,0
1/25/2016 3:00,0,0,0
1/25/2016 4:00,2,1,1
1/25/2016 5:00,1,0,1
1/25/2016 6:00,5,2,3
1/25/2016 7:00,7,5,2
1/25/2016 8:00,9,5,4
1/25/2016 9:00,5,3,2
1/25/2016 10:00,3,1,2
1/25/2016 11:00,3,0,3
1/25/2016 12:00,12,8,4
1/25/2016 13:00,5,3,2
1/25/2016 14:00,8,3,5
1/25/2016 15:00,8,5,3
1/25/2016 16:00,19,16,3
1/25/2016 17:00,7,5,2
1/25/2016 18:00,12,4,8
1/25/2016 19:00,3,3,0
1/25/2016 20:00,3,3,0
1/25/2016 21:00,3,2,1
1/25/2016 22:00,4,2,2
1/25/2016 23:00,2,0,2
1/26/2016 0:00,2,0,2
1/26/2016 1:00,1,1,0
1/26/2016 2:00,0,0,0
1/26/2016 3:00,0,0,0
1/26/2016 4:00,1,1,0
1/26/2016 5:00,1,0,1
1/26/2016 6:00,2,0,2
1/26/2016 7:00,7,6,1
1/26/2016 8:00,7,3,4
1/26/2016 9:00,5,3,2
1/26/2016 10:00,4,1,3
1/26/2016 11:00,5,3,2
1/26/2016 12:00,5,0,5
1/26/2016 13:00,2,1,1
1/26/2016 14:00,3,3,0
1/26/2016 15:00,5,1,4
1/26/2016 16:00,5,2,3
1/26/2016 17:00,8,6,2
1/26/2016 18:00,8,5,3
1/26/2016 19:00,4,2,2
1/26/2016 20:00,0,0,0
1/26/2016 21:00,1,0,1
1/26/2016 22:00,3,3,0
1/26/2016 23:00,1,1,0
1/27/2016 0:00,0,0,0
1/27/2016 1:00,0,0,0
1/27/2016 2:00,1,0,1
1/27/2016 3:00,0,0,0
1/27/2016 4:00,1,0,1
1/27/2016 5:00,1,0,1
1/27/2016 6:00,4,1,3
1/27/2016 7:00,9,5,4
1/27/2016 8:00,6,4,2
1/27/2016 9:00,8,6,2
1/27/2016 10:00,4,1,3
1/27/2016 11:00,1,0,1
1/27/2016 12:00,4,1,3
1/27/2016 13:00,6,4,2
1/27/2016 14:00,8,4,4
1/27/2016 15:00,1,1,0
1/27/2016 16:00,12,6,6
1/27/2016 17:00,4,4,0
1/27/2016 18:00,6,1,5
1/27/2016 19:00,4,3,1
1/27/2016 20:00,3,3,0
1/27/2016 21:00,1,0,1
1/27/2016 22:00,0,0,0
1/27/2016 23:00,1,0,1
1/28/2016 0:00,0,0,0
1/28/2016 1:00,0,0,0
1/28/2016 2:00,0,0,0
1/28/2016 3:00,1,1,0
1/28/2016 4:00,1,0,1
1/28/2016 5:00,1,0,1
1/28/2016 6:00,4,1,3
1/28/2016 7:00,5,4,1
1/28/2016 8:00,0,0,0
1/28/2016 9:00,4,2,2
1/28/2016 10:00,2,1,1
1/28/2016 11:00,4,2,2
1/28/2016 12:00,5,5,0
1/28/2016 13:00,5,3,2
1/28/2016 14:00,4,2,2
1/28/2016 15:00,13,6,7
1/28/2016 16:00,8,4,4
1/28/2016 17:00,4,2,2
1/28/2016 18:00,3,1,2
1/28/2016 19:00,7,5,2
1/28/2016 20:00,6,2,4
1/28/2016 21:00,2,2,0
1/28/2016 22:00,1,0,1
1/28/2016 23:00,3,0,3
1/29/2016 0:00,0,0,0
1/29/2016 1:00,1,0,1
1/29/2016 2:00,0,0,0
1/29/2016 3:00,0,0,0
1/29/2016 4:00,0,0,0
1/29/2016 5:00,2,1,1
1/29/2016 6:00,4,0,4
1/29/2016 7:00,8,3,5
1/29/2016 8:00,4,2,2
1/29/2016 9:00,3,3,0
1/29/2016 10:00,0,0,0
1/29/2016 11:00,1,0,1
1/29/2016 12:00,4,3,1
1/29/2016 13:00,10,5,5
1/29/2016 14:00,3,1,2
1/29/2016 15:00,7,4,3
1/29/2016 16:00,10,8,2
1/29/2016 17:00,6,5,1
1/29/2016 18:00,4,2,2
1/29/2016 19:00,6,5,1
1/29/2016 20:00,2,1,1
1/29/2016 21:00,2,2,0
1/29/2016 22:00,3,0,3
1/29/2016 23:00,3,0,3
1/30/2016 0:00,4,3,1
1/30/2016 1:00,1,0,1
1/30/2016 2:00,0,0,0
1/30/2016 3:00,2,1,1
1/30/2016 4:00,0,0,0
1/30/2016 5:00,0,0,0
1/30/2016 6:00,0,0,0
1/30/2016 7:00,1,1,0
1/30/2016 8:00,3,2,1
1/30/2016 9:00,6,3,3
1/30/2016 10:00,7,2,5
1/30/2016 11:00,6,0,6
1/30/2016 12:00,12,9,3
1/30/2016 13:00,14,9,5
1/30/2016 14:00,13,7,6
1/30/2016 15:00,9,5,4
1/30/2016 16:00,17,9,8
1/30/2016 17:00,4,4,0
1/30/2016 18:00,5,2,3
1/30/2016 19:00,1,1,0
1/30/2016 20:00,2,2,0
1/30/2016 21:00,3,1,2
1/30/2016 22:00,0,0,0
1/30/2016 23:00,4,2,2
1/31/2016 0:00,3,1,2
1/31/2016 1:00,1,0,1
1/31/2016 2:00,0,0,0
1/31/2016 3:00,0,0,0
1/31/2016 4:00,1,1,0
1/31/2016 5:00,1,1,0
1/31/2016 6:00,1,0,1
1/31/2016 7:00,0,0,0
1/31/2016 8:00,5,1,4
1/31/2016 9:00,3,2,1
1/31/2016 10:00,7,2,5
1/31/2016 11:00,5,4,1
1/31/2016 12:00,27,24,3
1/31/2016 13:00,8,3,5
1/31/2016 14:00,8,3,5
1/31/2016 15:00,6,3,3
1/31/2016 16:00,8,2,6
1/31/2016 17:00,4,1,3
1/31/2016 18:00,1,0,1
1/31/2016 19:00,0,0,0
1/31/2016 20:00,1,0,1
1/31/2016 21:00,0,0,0
1/31/2016 22:00,0,0,0
1/31/2016 23:00,1,0,1
2/1/2016 0:00,1,1,0
2/1/2016 1:00,1,0,1
2/1/2016 2:00,0,0,0
2/1/2016 3:00,0,0,0
2/1/2016 4:00,2,1,1
2/1/2016 5:00,1,0,1
2/1/2016 6:00,3,0,3
2/1/2016 7:00,8,5,3
2/1/2016 8:00,11,6,5
2/1/2016 9:00,10,6,4
2/1/2016 10:00,,,
2/1/2016 11:00,6,3,3
2/1/2016 12:00,10,6,4
2/1/2016 13:00,9,7,2
2/1/2016 14:00,3,2,1
2/1/2016 15:00,6,3,3
2/1/2016 16:00,10,8,2
2/1/2016 17:00,16,8,8
2/1/2016 18:00,8,3,5
2/1/2016 19:00,5,2,3
2/1/2016 20:00,0,0,0
2/1/2016 21:00,1,0,1
2/1/2016 22:00,0,0,0
2/1/2016 23:00,0,0,0
2/2/2016 0:00,1,1,0
2/2/2016 1:00,1,0,1
2/2/2016 2:00,1,1,0
2/2/2016 3:00,0,0,0
2/2/2016 4:00,0,0,0
2/2/2016 5:00,1,0,1
2/2/2016 6:00,1,0,1
2/2/2016 7:00,5,3,2
2/2/2016 8:00,9,4,5
2/2/2016 9:00,6,2,4
2/2/2016 10:00,6,2,4
2/2/2016 11:00,6,1,5
2/2/2016 12:00,9,3,6
2/2/2016 13:00,3,1,2
2/2/2016 14:00,4,4,0
2/2/2016 15:00,6,4,2
2/2/2016 16:00,11,9,2
2/2/2016 17:00,9,5,4
2/2/2016 18:00,10,3,7
2/2/2016 19:00,10,5,5
2/2/2016 20:00,4,2,2
2/2/2016 21:00,4,4,0
2/2/2016 22:00,3,1,2
2/2/2016 23:00,1,0,1
2/3/2016 0:00,1,1,0
2/3/2016 1:00,4,2,2
2/3/2016 2:00,0,0,0
2/3/2016 3:00,1,1,0
2/3/2016 4:00,0,0,0
2/3/2016 5:00,1,0,1
2/3/2016 6:00,3,0,3
2/3/2016 7:00,5,3,2
2/3/2016 8:00,7,5,2
2/3/2016 9:00,4,1,3
2/3/2016 10:00,4,1,3
2/3/2016 11:00,2,1,1
2/3/2016 12:00,1,0,1
2/3/2016 13:00,3,1,2
2/3/2016 14:00,5,3,2
2/3/2016 15:00,1,0,1
2/3/2016 16:00,6,4,2
2/3/2016 17:00,3,2,1
2/3/2016 18:00,8,5,3
2/3/2016 19:00,5,3,2
2/3/2016 20:00,4,3,1
2/3/2016 21:00,4,2,2
2/3/2016 22:00,0,0,0
2/3/2016 23:00,0,0,0
2/4/2016 0:00,0,0,0
2/4/2016 1:00,0,0,0
2/4/2016 2:00,0,0,0
2/4/2016 3:00,1,1,0
2/4/2016 4:00,0,0,0
2/4/2016 5:00,0,0,0
2/4/2016 6:00,2,0,2
2/4/2016 7:00,8,5,3
2/4/2016 8:00,7,5,2
2/4/2016 9:00,8,3,5
2/4/2016 10:00,3,1,2
2/4/2016 11:00,5,3,2
2/4/2016 12:00,1,0,1
2/4/2016 13:00,3,1,2
2/4/2016 14:00,3,2,1
2/4/2016 15:00,0,0,0
2/4/2016 16:00,14,9,5
2/4/2016 17:00,4,3,1
2/4/2016 18:00,5,0,5
2/4/2016 19:00,3,2,1
2/4/2016 20:00,1,1,0
2/4/2016 21:00,2,1,1
2/4/2016 22:00,0,0,0
2/4/2016 23:00,2,1,1
2/5/2016 0:00,0,0,0
2/5/2016 1:00,0,0,0
2/5/2016 2:00,0,0,0
2/5/2016 3:00,0,0,0
2/5/2016 4:00,0,0,0
2/5/2016 5:00,1,0,1
2/5/2016 6:00,3,2,1
2/5/2016 7:00,7,3,4
2/5/2016 8:00,6,1,5
2/5/2016 9:00,4,2,2
2/5/2016 10:00,4,2,2
2/5/2016 11:00,9,6,3
2/5/2016 12:00,4,2,2
2/5/2016 13:00,6,1,5
2/5/2016 14:00,6,4,2
2/5/2016 15:00,8,4,4
2/5/2016 16:00,12,8,4
2/5/2016 17:00,4,0,4
2/5/2016 18:00,5,3,2
2/5/2016 19:00,2,1,1
2/5/2016 20:00,0,0,0
2/5/2016 21:00,1,1,0
2/5/2016 22:00,2,2,0
2/5/2016 23:00,0,0,0
2/6/2016 0:00,1,1,0
2/6/2016 1:00,0,0,0
2/6/2016 2:00,0,0,0
2/6/2016 3:00,0,0,0
2/6/2016 4:00,0,0,0
2/6/2016 5:00,0,0,0
2/6/2016 6:00,2,0,2
2/6/2016 7:00,0,0,0
2/6/2016 8:00,0,0,0
2/6/2016 9:00,4,0,4
2/6/2016 10:00,11,5,6
2/6/2016 11:00,9,2,7
2/6/2016 12:00,18,13,5
2/6/2016 13:00,9,3,6
2/6/2016 14:00,3,2,1
2/6/2016 15:00,10,5,5
2/6/2016 16:00,15,7,8
2/6/2016 17:00,2,0,2
2/6/2016 18:00,5,1,4
2/6/2016 19:00,2,0,2
2/6/2016 20:00,2,0,2
2/6/2016 21:00,4,3,1
2/6/2016 22:00,3,2,1
2/6/2016 23:00,2,0,2
2/7/2016 0:00,0,0,0
2/7/2016 1:00,0,0,0
2/7/2016 2:00,1,0,1
2/7/2016 3:00,0,0,0
2/7/2016 4:00,0,0,0
2/7/2016 5:00,0,0,0
2/7/2016 6:00,1,0,1
2/7/2016 7:00,0,0,0
2/7/2016 8:00,3,0,3
2/7/2016 9:00,4,3,1
2/7/2016 10:00,12,7,5
2/7/2016 11:00,10,2,8
2/7/2016 12:00,20,12,8
2/7/2016 13:00,8,4,4
2/7/2016 14:00,19,11,8
2/7/2016 15:00,23,14,9
2/7/2016 16:00,5,1,4
2/7/2016 17:00,5,3,2
2/7/2016 18:00,2,1,1
2/7/2016 19:00,4,4,0
2/7/2016 20:00,3,0,3
2/7/2016 21:00,0,0,0
2/7/2016 22:00,0,0,0
2/7/2016 23:00,2,2,0
2/8/2016 0:00,0,0,0
2/8/2016 1:00,1,0,1
2/8/2016 2:00,0,0,0
2/8/2016 3:00,0,0,0
2/8/2016 4:00,1,1,0
2/8/2016 5:00,1,0,1
2/8/2016 6:00,2,0,2
2/8/2016 7:00,10,7,3
2/8/2016 8:00,10,5,5
2/8/2016 9:00,7,4,3
2/8/2016 10:00,7,3,4
2/8/2016 11:00,4,2,2
2/8/2016 12:00,5,3,2
2/8/2016 13:00,9,3,6
2/8/2016 14:00,7,5,2
2/8/2016 15:00,9,5,4
2/8/2016 16:00,15,6,9
2/8/2016 17:00,20,11,9
2/8/2016 18:00,10,6,4
2/8/2016 19:00,5,3,2
2/8/2016 20:00,1,0,1
2/8/2016 21:00,1,1,0
2/8/2016 22:00,2,1,1
2/8/2016 23:00,0,0,0
2/9/2016 0:00,1,1,0
2/9/2016 1:00,2,0,2
2/9/2016 2:00,0,0,0
2/9/2016 3:00,0,0,0
2/9/2016 4:00,0,0,0
2/9/2016 5:00,1,0,1
2/9/2016 6:00,2,1,1
2/9/2016 7:00,6,5,1
2/9/2016 8:00,8,2,6
2/9/2016 9:00,9,4,5
2/9/2016 10:00,5,2,3
2/9/2016 11:00,2,0,2
2/9/2016 12:00,10,5,5
2/9/2016 13:00,6,3,3
2/9/2016 14:00,7,3,4
2/9/2016 15:00,15,9,6
2/9/2016 16:00,18,12,6
2/9/2016 17:00,13,9,4
2/9/2016 18:00,13,6,7
2/9/2016 19:00,7,3,4
2/9/2016 20:00,4,2,2
2/9/2016 21:00,4,4,0
2/9/2016 22:00,1,0,1
2/9/2016 23:00,0,0,0
2/10/2016 0:00,1,0,1
2/10/2016 1:00,0,0,0
2/10/2016 2:00,0,0,0
2/10/2016 3:00,0,0,0
2/10/2016 4:00,0,0,0
2/10/2016 5:00,3,1,2
2/10/2016 6:00,3,0,3
2/10/2016 7:00,9,7,2
2/10/2016 8:00,8,3,5
2/10/2016 9:00,5,2,3
2/10/2016 10:00,8,2,6
2/10/2016 11:00,0,0,0
2/10/2016 12:00,2,1,1
2/10/2016 13:00,7,3,4
2/10/2016 14:00,4,3,1
2/10/2016 15:00,6,3,3
2/10/2016 16:00,8,5,3
2/10/2016 17:00,5,3,2
2/10/2016 18:00,7,3,4
2/10/2016 19:00,10,4,6
2/10/2016 20:00,3,2,1
2/10/2016 21:00,2,2,0
2/10/2016 22:00,1,1,0
2/10/2016 23:00,1,0,1
2/11/2016 0:00,1,0,1
2/11/2016 1:00,0,0,0
2/11/2016 2:00,0,0,0
2/11/2016 3:00,0,0,0
2/11/2016 4:00,0,0,0
2/11/2016 5:00,1,0,1
2/11/2016 6:00,1,0,1
2/11/2016 7:00,6,4,2
2/11/2016 8:00,3,2,1
2/11/2016 9:00,7,4,3
2/11/2016 10:00,11,4,7
2/11/2016 11:00,1,0,1
2/11/2016 12:00,1,1,0
2/11/2016 13:00,6,3,3
2/11/2016 14:00,5,3,2
2/11/2016 15:00,5,2,3
2/11/2016 16:00,4,4,0
2/11/2016 17:00,9,5,4
2/11/2016 18:00,7,0,7
2/11/2016 19:00,6,3,3
2/11/2016 20:00,3,3,0
2/11/2016 21:00,3,2,1
2/11/2016 22:00,0,0,0
2/11/2016 23:00,0,0,0
2/12/2016 0:00,0,0,0
2/12/2016 1:00,0,0,0
2/12/2016 2:00,0,0,0
2/12/2016 3:00,0,0,0
2/12/2016 4:00,0,0,0
2/12/2016 5:00,1,0,1
2/12/2016 6:00,1,0,1
2/12/2016 7:00,6,3,3
2/12/2016 8:00,4,2,2
2/12/2016 9:00,2,2,0
2/12/2016 10:00,1,0,1
2/12/2016 11:00,1,0,1
2/12/2016 12:00,2,2,0
2/12/2016 13:00,5,2,3
2/12/2016 14:00,9,3,6
2/12/2016 15:00,8,1,7
2/12/2016 16:00,9,7,2
2/12/2016 17:00,8,3,5
2/12/2016 18:00,6,4,2
2/12/2016 19:00,5,3,2
2/12/2016 20:00,7,3,4
2/12/2016 21:00,1,0,1
2/12/2016 22:00,1,1,0
2/12/2016 23:00,1,1,0
2/13/2016 0:00,0,0,0
2/13/2016 1:00,1,0,1
2/13/2016 2:00,0,0,0
2/13/2016 3:00,0,0,0
2/13/2016 4:00,0,0,0
2/13/2016 5:00,1,1,0
2/13/2016 6:00,1,0,1
2/13/2016 7:00,0,0,0
2/13/2016 8:00,2,0,2
2/13/2016 9:00,3,0,3
2/13/2016 10:00,6,3,3
2/13/2016 11:00,7,4,3
2/13/2016 12:00,6,4,2
2/13/2016 13:00,7,6,1
2/13/2016 14:00,3,3,0
2/13/2016 15:00,2,1,1
2/13/2016 16:00,2,1,1
2/13/2016 17:00,3,2,1
2/13/2016 18:00,6,2,4
2/13/2016 19:00,1,1,0
2/13/2016 20:00,3,2,1
2/13/2016 21:00,1,0,1
2/13/2016 22:00,0,0,0
2/13/2016 23:00,2,2,0
2/14/2016 0:00,1,1,0
2/14/2016 1:00,0,0,0
2/14/2016 2:00,0,0,0
2/14/2016 3:00,0,0,0
2/14/2016 4:00,0,0,0
2/14/2016 5:00,0,0,0
2/14/2016 6:00,0,0,0
2/14/2016 7:00,2,1,1
2/14/2016 8:00,1,0,1
2/14/2016 9:00,4,1,3
2/14/2016 10:00,6,5,1
2/14/2016 11:00,6,0,6
2/14/2016 12:00,6,2,4
2/14/2016 13:00,4,1,3
2/14/2016 14:00,4,2,2
2/14/2016 15:00,7,2,5
2/14/2016 16:00,2,0,2
2/14/2016 17:00,1,1,0
2/14/2016 18:00,2,1,1
2/14/2016 19:00,1,0,1
2/14/2016 20:00,3,1,2
2/14/2016 21:00,0,0,0
2/14/2016 22:00,0,0,0
2/14/2016 23:00,1,1,0
2/15/2016 0:00,0,0,0
2/15/2016 1:00,0,0,0
2/15/2016 2:00,0,0,0
2/15/2016 3:00,0,0,0
2/15/2016 4:00,0,0,0
2/15/2016 5:00,0,0,0
2/15/2016 6:00,1,0,1
2/15/2016 7:00,2,2,0
2/15/2016 8:00,3,1,2
2/15/2016 9:00,9,3,6
2/15/2016 10:00,3,3,0
2/15/2016 11:00,5,0,5
2/15/2016 12:00,3,2,1
2/15/2016 13:00,3,2,1
2/15/2016 14:00,1,1,0
2/15/2016 15:00,2,0,2
2/15/2016 16:00,4,4,0
2/15/2016 17:00,5,4,1
2/15/2016 18:00,4,1,3
2/15/2016 19:00,3,1,2
2/15/2016 20:00,1,1,0
2/15/2016 21:00,0,0,0
2/15/2016 22:00,4,2,2
2/15/2016 23:00,0,0,0
2/16/2016 0:00,0,0,0
2/16/2016 1:00,0,0,0
2/16/2016 2:00,0,0,0
2/16/2016 3:00,0,0,0
2/16/2016 4:00,0,0,0
2/16/2016 5:00,0,0,0
2/16/2016 6:00,4,1,3
2/16/2016 7:00,4,3,1
2/16/2016 8:00,9,4,5
2/16/2016 9:00,6,3,3
2/16/2016 10:00,9,6,3
2/16/2016 11:00,2,1,1
2/16/2016 12:00,4,1,3
2/16/2016 13:00,7,4,3
2/16/2016 14:00,2,1,1
2/16/2016 15:00,5,4,1
2/16/2016 16:00,6,4,2
2/16/2016 17:00,16,7,9
2/16/2016 18:00,8,5,3
2/16/2016 19:00,11,4,7
2/16/2016 20:00,3,3,0
2/16/2016 21:00,0,0,0
2/16/2016 22:00,2,1,1
2/16/2016 23:00,0,0,0
2/17/2016 0:00,0,0,0
2/17/2016 1:00,0,0,0
2/17/2016 2:00,0,0,0
2/17/2016 3:00,0,0,0
2/17/2016 4:00,0,0,0
2/17/2016 5:00,0,0,0
2/17/2016 6:00,1,0,1
2/17/2016 7:00,4,3,1
2/17/2016 8:00,12,5,7
2/17/2016 9:00,14,8,6
2/17/2016 10:00,3,1,2
2/17/2016 11:00,3,0,3
2/17/2016 12:00,5,3,2
2/17/2016 13:00,8,2,6
2/17/2016 14:00,1,1,0
2/17/2016 15:00,4,2,2
2/17/2016 16:00,7,7,0
2/17/2016 17:00,8,5,3
2/17/2016 18:00,5,3,2
2/17/2016 19:00,5,2,3
2/17/2016 20:00,2,1,1
2/17/2016 21:00,0,0,0
2/17/2016 22:00,0,0,0
2/17/2016 23:00,1,0,1
2/18/2016 0:00,0,0,0
2/18/2016 1:00,0,0,0
2/18/2016 2:00,0,0,0
2/18/2016 3:00,0,0,0
2/18/2016 4:00,0,0,0
2/18/2016 5:00,0,0,0
2/18/2016 6:00,3,1,2
2/18/2016 7:00,6,6,0
2/18/2016 8:00,5,3,2
2/18/2016 9:00,7,4,3
2/18/2016 10:00,8,2,6
2/18/2016 11:00,0,0,0
2/18/2016 12:00,6,5,1
2/18/2016 13:00,6,2,4
2/18/2016 14:00,8,5,3
2/18/2016 15:00,4,2,2
2/18/2016 16:00,9,5,4
2/18/2016 17:00,9,3,6
2/18/2016 18:00,8,3,5
2/18/2016 19:00,6,2,4
2/18/2016 20:00,4,1,3
2/18/2016 21:00,3,3,0
2/18/2016 22:00,0,0,0
2/18/2016 23:00,0,0,0
2/19/2016 0:00,0,0,0
2/19/2016 1:00,0,0,0
2/19/2016 2:00,0,0,0
2/19/2016 3:00,0,0,0
2/19/2016 4:00,0,0,0
2/19/2016 5:00,0,0,0
2/19/2016 6:00,2,1,1
2/19/2016 7:00,3,2,1
2/19/2016 8:00,4,1,3
2/19/2016 9:00,2,1,1
2/19/2016 10:00,3,0,3
2/19/2016 11:00,2,0,2
2/19/2016 12:00,5,4,1
2/19/2016 13:00,1,0,1
2/19/2016 14:00,3,2,1
2/19/2016 15:00,2,1,1
2/19/2016 16:00,1,1,0
2/19/2016 17:00,4,3,1
2/19/2016 18:00,1,0,1
2/19/2016 19:00,6,2,4
2/19/2016 20:00,1,0,1
2/19/2016 21:00,3,3,0
2/19/2016 22:00,1,1,0
2/19/2016 23:00,0,0,0
2/20/2016 0:00,0,0,0
2/20/2016 1:00,0,0,0
2/20/2016 2:00,0,0,0
2/20/2016 3:00,0,0,0
2/20/2016 4:00,0,0,0
2/20/2016 5:00,0,0,0
2/20/2016 6:00,1,0,1
2/20/2016 7:00,1,1,0
2/20/2016 8:00,1,0,1
2/20/2016 9:00,7,4,3
2/20/2016 10:00,12,10,2
2/20/2016 11:00,13,1,12
2/20/2016 12:00,17,10,7
2/20/2016 13:00,10,5,5
2/20/2016 14:00,10,8,2
2/20/2016 15:00,10,7,3
2/20/2016 16:00,7,3,4
2/20/2016 17:00,6,3,3
2/20/2016 18:00,8,5,3
2/20/2016 19:00,4,3,1
2/20/2016 20:00,8,5,3
2/20/2016 21:00,0,0,0
2/20/2016 22:00,1,0,1
2/20/2016 23:00,1,0,1
2/21/2016 0:00,2,0,2
2/21/2016 1:00,0,0,0
2/21/2016 2:00,0,0,0
2/21/2016 3:00,0,0,0
2/21/2016 4:00,0,0,0
2/21/2016 5:00,0,0,0
2/21/2016 6:00,2,0,2
2/21/2016 7:00,0,0,0
2/21/2016 8:00,5,1,4
2/21/2016 9:00,4,2,2
2/21/2016 10:00,4,1,3
2/21/2016 11:00,7,2,5
2/21/2016 12:00,5,5,0
2/21/2016 13:00,2,0,2
2/21/2016 14:00,12,5,7
2/21/2016 15:00,5,2,3
2/21/2016 16:00,3,1,2
2/21/2016 17:00,8,6,2
2/21/2016 18:00,2,1,1
2/21/2016 19:00,4,1,3
2/21/2016 20:00,3,0,3
2/21/2016 21:00,3,3,0
2/21/2016 22:00,0,0,0
2/21/2016 23:00,3,1,2
2/22/2016 0:00,0,0,0
2/22/2016 1:00,0,0,0
2/22/2016 2:00,0,0,0
2/22/2016 3:00,0,0,0
2/22/2016 4:00,0,0,0
2/22/2016 5:00,1,0,1
2/22/2016 6:00,2,0,2
2/22/2016 7:00,11,8,3
2/22/2016 8:00,7,0,7
2/22/2016 9:00,13,7,6
2/22/2016 10:00,6,4,2
2/22/2016 11:00,1,0,1
2/22/2016 12:00,4,3,1
2/22/2016 13:00,6,1,5
2/22/2016 14:00,6,4,2
2/22/2016 15:00,9,3,6
2/22/2016 16:00,10,6,4
2/22/2016 17:00,7,3,4
2/22/2016 18:00,6,2,4
2/22/2016 19:00,1,1,0
2/22/2016 20:00,2,1,1
2/22/2016 21:00,1,1,0
2/22/2016 22:00,1,1,0
2/22/2016 23:00,2,2,0
2/23/2016 0:00,0,0,0
2/23/2016 1:00,0,0,0
2/23/2016 2:00,0,0,0
2/23/2016 3:00,0,0,0
2/23/2016 4:00,0,0,0
2/23/2016 5:00,1,0,1
2/23/2016 6:00,2,0,2
2/23/2016 7:00,5,3,2
2/23/2016 8:00,13,7,6
2/23/2016 9:00,5,3,2
2/23/2016 10:00,6,1,5
2/23/2016 11:00,7,3,4
2/23/2016 12:00,6,3,3
2/23/2016 13:00,5,2,3
2/23/2016 14:00,5,4,1
2/23/2016 15:00,4,3,1
2/23/2016 16:00,11,6,5
2/23/2016 17:00,7,4,3
2/23/2016 18:00,10,3,7
2/23/2016 19:00,11,3,8
2/23/2016 20:00,2,1,1
2/23/2016 21:00,2,2,0
2/23/2016 22:00,1,1,0
2/23/2016 23:00,0,0,0
2/24/2016 0:00,0,0,0
2/24/2016 1:00,0,0,0
2/24/2016 2:00,0,0,0
2/24/2016 3:00,0,0,0
2/24/2016 4:00,0,0,0
2/24/2016 5:00,1,0,1
2/24/2016 6:00,2,0,2
2/24/2016 7:00,10,6,4
2/24/2016 8:00,10,6,4
2/24/2016 9:00,8,4,4
2/24/2016 10:00,2,0,2
2/24/2016 11:00,5,2,3
2/24/2016 12:00,12,4,8
2/24/2016 13:00,7,4,3
2/24/2016 14:00,5,3,2
2/24/2016 15:00,6,2,4
2/24/2016 16:00,13,5,8
2/24/2016 17:00,9,5,4
2/24/2016 18:00,9,5,4
2/24/2016 19:00,3,2,1
2/24/2016 20:00,1,1,0
2/24/2016 21:00,0,0,0
2/24/2016 22:00,2,2,0
2/24/2016 23:00,0,0,0
2/25/2016 0:00,0,0,0
2/25/2016 1:00,0,0,0
2/25/2016 2:00,2,2,0
2/25/2016 3:00,0,0,0
2/25/2016 4:00,2,0,2
2/25/2016 5:00,1,0,1
2/25/2016 6:00,4,2,2
2/25/2016 7:00,4,1,3
2/25/2016 8:00,5,3,2
2/25/2016 9:00,6,5,1
2/25/2016 10:00,4,1,3
2/25/2016 11:00,7,4,3
2/25/2016 12:00,8,2,6
2/25/2016 13:00,7,2,5
2/25/2016 14:00,13,8,5
2/25/2016 15:00,10,3,7
2/25/2016 16:00,16,10,6
2/25/2016 17:00,19,7,12
2/25/2016 18:00,13,5,8
2/25/2016 19:00,13,9,4
2/25/2016 20:00,2,0,2
2/25/2016 21:00,6,4,2
2/25/2016 22:00,2,2,0
2/25/2016 23:00,0,0,0
2/26/2016 0:00,0,0,0
2/26/2016 1:00,0,0,0
2/26/2016 2:00,0,0,0
2/26/2016 3:00,0,0,0
2/26/2016 4:00,0,0,0
2/26/2016 5:00,1,0,1
2/26/2016 6:00,3,0,3
2/26/2016 7:00,3,1,2
2/26/2016 8:00,6,3,3
2/26/2016 9:00,8,5,3
2/26/2016 10:00,5,4,1
2/26/2016 11:00,9,4,5
2/26/2016 12:00,7,3,4
2/26/2016 13:00,13,7,6
2/26/2016 14:00,1,1,0
2/26/2016 15:00,6,4,2
2/26/2016 16:00,5,1,4
2/26/2016 17:00,3,0,3
2/26/2016 18:00,1,1,0
2/26/2016 19:00,0,0,0
2/26/2016 20:00,0,0,0
2/26/2016 21:00,1,1,0
2/26/2016 22:00,1,1,0
2/26/2016 23:00,0,0,0
2/27/2016 0:00,0,0,0
2/27/2016 1:00,0,0,0
2/27/2016 2:00,0,0,0
2/27/2016 3:00,0,0,0
2/27/2016 4:00,0,0,0
2/27/2016 5:00,0,0,0
2/27/2016 6:00,0,0,0
2/27/2016 7:00,0,0,0
2/27/2016 8:00,2,1,1
2/27/2016 9:00,4,0,4
2/27/2016 10:00,9,1,8
2/27/2016 11:00,40,3,37
2/27/2016 12:00,9,6,3
2/27/2016 13:00,15,8,7
2/27/2016 14:00,12,6,6
2/27/2016 15:00,18,9,9
2/27/2016 16:00,7,0,7
2/27/2016 17:00,15,11,4
2/27/2016 18:00,6,5,1
2/27/2016 19:00,5,3,2
2/27/2016 20:00,1,1,0
2/27/2016 21:00,0,0,0
2/27/2016 22:00,0,0,0
2/27/2016 23:00,0,0,0
2/28/2016 0:00,0,0,0
2/28/2016 1:00,1,1,0
2/28/2016 2:00,2,2,0
2/28/2016 3:00,0,0,0
2/28/2016 4:00,0,0,0
2/28/2016 5:00,0,0,0
2/28/2016 6:00,0,0,0
2/28/2016 7:00,1,0,1
2/28/2016 8:00,3,0,3
2/28/2016 9:00,0,0,0
2/28/2016 10:00,2,2,0
2/28/2016 11:00,8,5,3
2/28/2016 12:00,5,2,3
2/28/2016 13:00,2,1,1
2/28/2016 14:00,2,1,1
2/28/2016 15:00,6,3,3
2/28/2016 16:00,2,0,2
2/28/2016 17:00,5,2,3
2/28/2016 18:00,6,5,1
2/28/2016 19:00,3,3,0
2/28/2016 20:00,1,1,0
2/28/2016 21:00,0,0,0
2/28/2016 22:00,0,0,0
2/28/2016 23:00,0,0,0
2/29/2016 0:00,0,0,0
2/29/2016 1:00,0,0,0
2/29/2016 2:00,0,0,0
2/29/2016 3:00,0,0,0
2/29/2016 4:00,0,0,0
2/29/2016 5:00,2,0,2
2/29/2016 6:00,0,0,0
2/29/2016 7:00,4,2,2
2/29/2016 8:00,9,6,3
2/29/2016 9:00,8,6,2
2/29/2016 10:00,7,3,4
2/29/2016 11:00,4,2,2
2/29/2016 12:00,14,4,10
2/29/2016 13:00,9,3,6
2/29/2016 14:00,13,10,3
2/29/2016 15:00,11,8,3
2/29/2016 16:00,15,13,2
2/29/2016 17:00,9,5,4
2/29/2016 18:00,14,6,8
2/29/2016 19:00,4,3,1
2/29/2016 20:00,5,4,1
2/29/2016 21:00,2,0,2
2/29/2016 22:00,1,1,0
2/29/2016 23:00,0,0,0
3/1/2016 0:00,0,0,0
3/1/2016 1:00,1,0,1
3/1/2016 2:00,2,1,1
3/1/2016 3:00,0,0,0
3/1/2016 4:00,0,0,0
3/1/2016 5:00,1,0,1
3/1/2016 6:00,1,0,1
3/1/2016 7:00,4,4,0
3/1/2016 8:00,4,3,1
3/1/2016 9:00,8,5,3
3/1/2016 10:00,5,0,5
3/1/2016 11:00,3,2,1
3/1/2016 12:00,4,0,4
3/1/2016 13:00,2,1,1
3/1/2016 14:00,1,1,0
3/1/2016 15:00,3,3,0
3/1/2016 16:00,4,3,1
3/1/2016 17:00,6,3,3
3/1/2016 18:00,3,3,0
3/1/2016 19:00,4,2,2
3/1/2016 20:00,4,2,2
3/1/2016 21:00,1,1,0
3/1/2016 22:00,4,2,2
3/1/2016 23:00,0,0,0
3/2/2016 0:00,0,0,0
3/2/2016 1:00,0,0,0
3/2/2016 2:00,0,0,0
3/2/2016 3:00,0,0,0
3/2/2016 4:00,0,0,0
3/2/2016 5:00,1,0,1
3/2/2016 6:00,3,0,3
3/2/2016 7:00,6,4,2
3/2/2016 8:00,8,3,5
3/2/2016 9:00,12,7,5
3/2/2016 10:00,4,2,2
3/2/2016 11:00,6,0,6
3/2/2016 12:00,11,5,6
3/2/2016 13:00,6,2,4
3/2/2016 14:00,6,1,5
3/2/2016 15:00,5,4,1
3/2/2016 16:00,13,8,5
3/2/2016 17:00,10,3,7
3/2/2016 18:00,4,2,2
3/2/2016 19:00,3,1,2
3/2/2016 20:00,3,0,3
3/2/2016 21:00,1,0,1
3/2/2016 22:00,0,0,0
3/2/2016 23:00,0,0,0
3/3/2016 0:00,0,0,0
3/3/2016 1:00,0,0,0
3/3/2016 2:00,0,0,0
3/3/2016 3:00,0,0,0
3/3/2016 4:00,0,0,0
3/3/2016 5:00,1,0,1
3/3/2016 6:00,3,0,3
3/3/2016 7:00,8,5,3
3/3/2016 8:00,7,4,3
3/3/2016 9:00,8,3,5
3/3/2016 10:00,3,0,3
3/3/2016 11:00,1,0,1
3/3/2016 12:00,2,1,1
3/3/2016 13:00,4,1,3
3/3/2016 14:00,0,0,0
3/3/2016 15:00,2,2,0
3/3/2016 16:00,10,9,1
3/3/2016 17:00,13,2,11
3/3/2016 18:00,5,2,3
3/3/2016 19:00,0,0,0
3/3/2016 20:00,4,1,3
3/3/2016 21:00,1,1,0
3/3/2016 22:00,1,0,1
3/3/2016 23:00,2,1,1
3/4/2016 0:00,3,3,0
3/4/2016 1:00,0,0,0
3/4/2016 2:00,0,0,0
3/4/2016 3:00,0,0,0
3/4/2016 4:00,0,0,0
3/4/2016 5:00,0,0,0
3/4/2016 6:00,4,3,1
3/4/2016 7:00,9,4,5
3/4/2016 8:00,6,2,4
3/4/2016 9:00,5,3,2
3/4/2016 10:00,4,1,3
3/4/2016 11:00,0,0,0
3/4/2016 12:00,9,4,5
3/4/2016 13:00,11,4,7
3/4/2016 14:00,5,3,2
3/4/2016 15:00,8,5,3
3/4/2016 16:00,3,1,2
3/4/2016 17:00,4,0,4
3/4/2016 18:00,4,0,4
3/4/2016 19:00,2,2,0
3/4/2016 20:00,6,3,3
3/4/2016 21:00,5,4,1
3/4/2016 22:00,1,1,0
3/4/2016 23:00,0,0,0
3/5/2016 0:00,1,0,1
3/5/2016 1:00,0,0,0
3/5/2016 2:00,1,0,1
3/5/2016 3:00,0,0,0
3/5/2016 4:00,1,1,0
3/5/2016 5:00,0,0,0
3/5/2016 6:00,0,0,0
3/5/2016 7:00,0,0,0
3/5/2016 8:00,0,0,0
3/5/2016 9:00,7,4,3
3/5/2016 10:00,12,2,10
3/5/2016 11:00,15,8,7
3/5/2016 12:00,8,2,6
3/5/2016 13:00,7,6,1
3/5/2016 14:00,13,6,7
3/5/2016 15:00,14,7,7
3/5/2016 16:00,12,5,7
3/5/2016 17:00,10,7,3
3/5/2016 18:00,1,0,1
3/5/2016 19:00,4,1,3
3/5/2016 20:00,0,0,0
3/5/2016 21:00,2,0,2
3/5/2016 22:00,2,1,1
3/5/2016 23:00,0,0,0
3/6/2016 0:00,1,0,1
3/6/2016 1:00,3,2,1
3/6/2016 2:00,0,0,0
3/6/2016 3:00,0,0,0
3/6/2016 4:00,0,0,0
3/6/2016 5:00,0,0,0
3/6/2016 6:00,1,0,1
3/6/2016 7:00,0,0,0
3/6/2016 8:00,0,0,0
3/6/2016 9:00,3,2,1
3/6/2016 10:00,6,3,3
3/6/2016 11:00,6,3,3
3/6/2016 12:00,4,3,1
3/6/2016 13:00,7,2,5
3/6/2016 14:00,6,3,3
3/6/2016 15:00,6,4,2
3/6/2016 16:00,6,3,3
3/6/2016 17:00,2,1,1
3/6/2016 18:00,3,1,2
3/6/2016 19:00,6,5,1
3/6/2016 20:00,1,1,0
3/6/2016 21:00,0,0,0
3/6/2016 22:00,4,3,1
3/6/2016 23:00,0,0,0
3/7/2016 0:00,0,0,0
3/7/2016 1:00,0,0,0
3/7/2016 2:00,0,0,0
3/7/2016 3:00,0,0,0
3/7/2016 4:00,0,0,0
3/7/2016 5:00,3,2,1
3/7/2016 6:00,2,0,2
3/7/2016 7:00,1,1,0
3/7/2016 8:00,9,5,4
3/7/2016 9:00,7,4,3
3/7/2016 10:00,0,0,0
3/7/2016 11:00,3,0,3
3/7/2016 12:00,4,3,1
3/7/2016 13:00,4,1,3
3/7/2016 14:00,5,3,2
3/7/2016 15:00,4,3,1
3/7/2016 16:00,6,2,4
3/7/2016 17:00,14,7,7
3/7/2016 18:00,8,4,4
3/7/2016 19:00,1,1,0
3/7/2016 20:00,1,0,1
3/7/2016 21:00,2,2,0
3/7/2016 22:00,0,0,0
3/7/2016 23:00,3,2,1
3/8/2016 0:00,0,0,0
3/8/2016 1:00,0,0,0
3/8/2016 2:00,0,0,0
3/8/2016 3:00,0,0,0
3/8/2016 4:00,0,0,0
3/8/2016 5:00,2,0,2
3/8/2016 6:00,3,0,3
3/8/2016 7:00,9,8,1
3/8/2016 8:00,12,5,7
3/8/2016 9:00,5,4,1
3/8/2016 10:00,7,1,6
3/8/2016 11:00,4,3,1
3/8/2016 12:00,4,1,3
3/8/2016 13:00,5,3,2
3/8/2016 14:00,12,11,1
3/8/2016 15:00,3,1,2
3/8/2016 16:00,4,2,2
3/8/2016 17:00,18,10,8
3/8/2016 18:00,6,5,1
3/8/2016 19:00,8,2,6
3/8/2016 20:00,1,1,0
3/8/2016 21:00,4,3,1
3/8/2016 22:00,2,1,1
3/8/2016 23:00,0,0,0
3/9/2016 0:00,0,0,0
3/9/2016 1:00,0,0,0
3/9/2016 2:00,0,0,0
3/9/2016 3:00,0,0,0
3/9/2016 4:00,0,0,0
3/9/2016 5:00,1,0,1
3/9/2016 6:00,5,2,3
3/9/2016 7:00,9,3,6
3/9/2016 8:00,8,2,6
3/9/2016 9:00,5,3,2
3/9/2016 10:00,2,0,2
3/9/2016 11:00,3,2,1
3/9/2016 12:00,8,6,2
3/9/2016 13:00,0,0,0
3/9/2016 14:00,0,0,0
3/9/2016 15:00,2,2,0
3/9/2016 16:00,4,2,2
3/9/2016 17:00,4,2,2
3/9/2016 18:00,4,2,2
3/9/2016 19:00,2,1,1
3/9/2016 20:00,0,0,0
3/9/2016 21:00,1,1,0
3/9/2016 22:00,0,0,0
3/9/2016 23:00,1,0,1
3/10/2016 0:00,1,1,0
3/10/2016 1:00,0,0,0
3/10/2016 2:00,0,0,0
3/10/2016 3:00,0,0,0
3/10/2016 4:00,0,0,0
3/10/2016 5:00,1,0,1
3/10/2016 6:00,0,0,0
3/10/2016 7:00,6,3,3
3/10/2016 8:00,4,3,1
3/10/2016 9:00,3,2,1
3/10/2016 10:00,2,0,2
3/10/2016 11:00,6,1,5
3/10/2016 12:00,4,4,0
3/10/2016 13:00,3,0,3
3/10/2016 14:00,3,2,1
3/10/2016 15:00,0,0,0
3/10/2016 16:00,5,5,0
3/10/2016 17:00,9,4,5
3/10/2016 18:00,12,7,5
3/10/2016 19:00,5,3,2
3/10/2016 20:00,1,0,1
3/10/2016 21:00,1,1,0
3/10/2016 22:00,2,2,0
3/10/2016 23:00,1,1,0
3/11/2016 0:00,0,0,0
3/11/2016 1:00,0,0,0
3/11/2016 2:00,0,0,0
3/11/2016 3:00,0,0,0
3/11/2016 4:00,0,0,0
3/11/2016 5:00,0,0,0
3/11/2016 6:00,3,0,3
3/11/2016 7:00,7,5,2
3/11/2016 8:00,10,5,5
3/11/2016 9:00,6,4,2
3/11/2016 10:00,5,3,2
3/11/2016 11:00,7,0,7
3/11/2016 12:00,6,4,2
3/11/2016 13:00,3,0,3
3/11/2016 14:00,6,6,0
3/11/2016 15:00,3,2,1
3/11/2016 16:00,7,3,4
3/11/2016 17:00,5,2,3
3/11/2016 18:00,7,4,3
3/11/2016 19:00,5,3,2
3/11/2016 20:00,2,0,2
3/11/2016 21:00,1,1,0
3/11/2016 22:00,1,0,1
3/11/2016 23:00,2,2,0
3/12/2016 0:00,0,0,0
3/12/2016 1:00,0,0,0
3/12/2016 2:00,0,0,0
3/12/2016 3:00,0,0,0
3/12/2016 4:00,0,0,0
3/12/2016 5:00,0,0,0
3/12/2016 6:00,2,0,2
3/12/2016 7:00,1,1,0
3/12/2016 8:00,1,1,0
3/12/2016 9:00,12,4,8
3/12/2016 10:00,4,4,0
3/12/2016 11:00,6,4,2
3/12/2016 12:00,5,2,3
3/12/2016 13:00,7,5,2
3/12/2016 14:00,3,1,2
3/12/2016 15:00,7,4,3
3/12/2016 16:00,5,5,0
3/12/2016 17:00,4,2,2
3/12/2016 18:00,2,2,0
3/12/2016 19:00,6,3,3
3/12/2016 20:00,0,0,0
3/12/2016 21:00,0,0,0
3/12/2016 22:00,0,0,0
3/12/2016 23:00,0,0,0
3/13/2016 0:00,0,0,0
3/13/2016 1:00,0,0,0
3/13/2016 2:00,,,
3/13/2016 3:00,0,0,0
3/13/2016 4:00,0,0,0
3/13/2016 5:00,0,0,0
3/13/2016 6:00,1,0,1
3/13/2016 7:00,2,0,2
3/13/2016 8:00,0,0,0
3/13/2016 9:00,1,0,1
3/13/2016 10:00,0,0,0
3/13/2016 11:00,2,0,2
3/13/2016 12:00,2,1,1
3/13/2016 13:00,5,2,3
3/13/2016 14:00,3,1,2
3/13/2016 15:00,1,0,1
3/13/2016 16:00,0,0,0
3/13/2016 17:00,2,2,0
3/13/2016 18:00,1,1,0
3/13/2016 19:00,3,2,1
3/13/2016 20:00,0,0,0
3/13/2016 21:00,2,2,0
3/13/2016 22:00,0,0,0
3/13/2016 23:00,0,0,0
3/14/2016 0:00,0,0,0
3/14/2016 1:00,0,0,0
3/14/2016 2:00,1,0,1
3/14/2016 3:00,0,0,0
3/14/2016 4:00,0,0,0
3/14/2016 5:00,1,0,1
3/14/2016 6:00,2,1,1
3/14/2016 7:00,4,2,2
3/14/2016 8:00,5,2,3
3/14/2016 9:00,5,3,2
3/14/2016 10:00,9,4,5
3/14/2016 11:00,3,1,2
3/14/2016 12:00,4,2,2
3/14/2016 13:00,5,2,3
3/14/2016 14:00,3,2,1
3/14/2016 15:00,10,5,5
3/14/2016 16:00,2,1,1
3/14/2016 17:00,12,3,9
3/14/2016 18:00,8,3,5
3/14/2016 19:00,12,4,8
3/14/2016 20:00,1,0,1
3/14/2016 21:00,1,1,0
3/14/2016 22:00,0,0,0
3/14/2016 23:00,0,0,0
3/15/2016 0:00,1,1,0
3/15/2016 1:00,0,0,0
3/15/2016 2:00,0,0,0
3/15/2016 3:00,0,0,0
3/15/2016 4:00,0,0,0
3/15/2016 5:00,1,0,1
3/15/2016 6:00,2,0,2
3/15/2016 7:00,7,4,3
3/15/2016 8:00,5,1,4
3/15/2016 9:00,4,4,0
3/15/2016 10:00,8,0,8
3/15/2016 11:00,10,9,1
3/15/2016 12:00,1,1,0
3/15/2016 13:00,9,4,5
3/15/2016 14:00,10,6,4
3/15/2016 15:00,4,3,1
3/15/2016 16:00,6,2,4
3/15/2016 17:00,14,7,7
3/15/2016 18:00,9,4,5
3/15/2016 19:00,7,4,3
3/15/2016 20:00,5,1,4
3/15/2016 21:00,6,3,3
3/15/2016 22:00,2,1,1
3/15/2016 23:00,0,0,0
3/16/2016 0:00,0,0,0
3/16/2016 1:00,0,0,0
3/16/2016 2:00,0,0,0
3/16/2016 3:00,0,0,0
3/16/2016 4:00,0,0,0
3/16/2016 5:00,3,2,1
3/16/2016 6:00,4,3,1
3/16/2016 7:00,7,3,4
3/16/2016 8:00,10,6,4
3/16/2016 9:00,9,7,2
3/16/2016 10:00,6,2,4
3/16/2016 11:00,3,1,2
3/16/2016 12:00,8,3,5
3/16/2016 13:00,2,1,1
3/16/2016 14:00,6,5,1
3/16/2016 15:00,7,4,3
3/16/2016 16:00,7,4,3
3/16/2016 17:00,13,5,8
3/16/2016 18:00,32,8,24
3/16/2016 19:00,17,10,7
3/16/2016 20:00,6,4,2
3/16/2016 21:00,1,1,0
3/16/2016 22:00,3,2,1
3/16/2016 23:00,0,0,0
3/17/2016 0:00,0,0,0
3/17/2016 1:00,2,0,2
3/17/2016 2:00,0,0,0
3/17/2016 3:00,0,0,0
3/17/2016 4:00,0,0,0
3/17/2016 5:00,1,0,1
3/17/2016 6:00,0,0,0
3/17/2016 7:00,6,3,3
3/17/2016 8:00,7,3,4
3/17/2016 9:00,4,3,1
3/17/2016 10:00,14,4,10
3/17/2016 11:00,5,3,2
3/17/2016 12:00,6,2,4
3/17/2016 13:00,4,2,2
3/17/2016 14:00,3,0,3
3/17/2016 15:00,9,5,4
3/17/2016 16:00,5,4,1
3/17/2016 17:00,13,8,5
3/17/2016 18:00,11,6,5
3/17/2016 19:00,5,4,1
3/17/2016 20:00,4,2,2
3/17/2016 21:00,0,0,0
3/17/2016 22:00,2,1,1
3/17/2016 23:00,1,0,1
3/18/2016 0:00,0,0,0
3/18/2016 1:00,0,0,0
3/18/2016 2:00,0,0,0
3/18/2016 3:00,0,0,0
3/18/2016 4:00,0,0,0
3/18/2016 5:00,0,0,0
3/18/2016 6:00,2,1,1
3/18/2016 7:00,3,2,1
3/18/2016 8:00,8,5,3
3/18/2016 9:00,10,5,5
3/18/2016 10:00,8,3,5
3/18/2016 11:00,5,3,2
3/18/2016 12:00,9,2,7
3/18/2016 13:00,8,4,4
3/18/2016 14:00,4,2,2
3/18/2016 15:00,10,4,6
3/18/2016 16:00,11,5,6
3/18/2016 17:00,7,3,4
3/18/2016 18:00,14,5,9
3/18/2016 19:00,13,8,5
3/18/2016 20:00,4,3,1
3/18/2016 21:00,4,1,3
3/18/2016 22:00,2,2,0
3/18/2016 23:00,3,2,1
3/19/2016 0:00,3,1,2
3/19/2016 1:00,1,1,0
3/19/2016 2:00,0,0,0
3/19/2016 3:00,0,0,0
3/19/2016 4:00,0,0,0
3/19/2016 5:00,0,0,0
3/19/2016 6:00,0,0,0
3/19/2016 7:00,1,0,1
3/19/2016 8:00,1,0,1
3/19/2016 9:00,4,2,2
3/19/2016 10:00,4,0,4
3/19/2016 11:00,8,4,4
3/19/2016 12:00,12,5,7
3/19/2016 13:00,6,4,2
3/19/2016 14:00,9,3,6
3/19/2016 15:00,10,6,4
3/19/2016 16:00,8,3,5
3/19/2016 17:00,4,2,2
3/19/2016 18:00,9,4,5
3/19/2016 19:00,0,0,0
3/19/2016 20:00,0,0,0
3/19/2016 21:00,0,0,0
3/19/2016 22:00,0,0,0
3/19/2016 23:00,2,2,0
3/20/2016 0:00,0,0,0
3/20/2016 1:00,2,2,0
3/20/2016 2:00,2,1,1
3/20/2016 3:00,0,0,0
3/20/2016 4:00,1,0,1
3/20/2016 5:00,1,1,0
3/20/2016 6:00,1,0,1
3/20/2016 7:00,0,0,0
3/20/2016 8:00,2,0,2
3/20/2016 9:00,2,1,1
3/20/2016 10:00,4,3,1
3/20/2016 11:00,5,2,3
3/20/2016 12:00,6,5,1
3/20/2016 13:00,4,2,2
3/20/2016 14:00,3,3,0
3/20/2016 15:00,5,2,3
3/20/2016 16:00,0,0,0
3/20/2016 17:00,5,3,2
3/20/2016 18:00,4,3,1
3/20/2016 19:00,2,1,1
3/20/2016 20:00,3,2,1
3/20/2016 21:00,1,0,1
3/20/2016 22:00,0,0,0
3/20/2016 23:00,0,0,0
3/21/2016 0:00,1,1,0
3/21/2016 1:00,0,0,0
3/21/2016 2:00,0,0,0
3/21/2016 3:00,0,0,0
3/21/2016 4:00,0,0,0
3/21/2016 5:00,1,0,1
3/21/2016 6:00,2,0,2
3/21/2016 7:00,2,2,0
3/21/2016 8:00,5,0,5
3/21/2016 9:00,7,4,3
3/21/2016 10:00,3,3,0
3/21/2016 11:00,3,0,3
3/21/2016 12:00,3,1,2
3/21/2016 13:00,1,1,0
3/21/2016 14:00,1,1,0
3/21/2016 15:00,3,2,1
3/21/2016 16:00,4,3,1
3/21/2016 17:00,9,3,6
3/21/2016 18:00,7,3,4
3/21/2016 19:00,4,1,3
3/21/2016 20:00,1,0,1
3/21/2016 21:00,4,0,4
3/21/2016 22:00,0,0,0
3/21/2016 23:00,0,0,0
3/22/2016 0:00,0,0,0
3/22/2016 1:00,1,1,0
3/22/2016 2:00,1,1,0
3/22/2016 3:00,0,0,0
3/22/2016 4:00,0,0,0
3/22/2016 5:00,1,0,1
3/22/2016 6:00,1,0,1
3/22/2016 7:00,4,3,1
3/22/2016 8:00,7,4,3
3/22/2016 9:00,4,3,1
3/22/2016 10:00,6,1,5
3/22/2016 11:00,9,4,5
3/22/2016 12:00,14,9,5
3/22/2016 13:00,10,5,5
3/22/2016 14:00,10,4,6
3/22/2016 15:00,7,5,2
3/22/2016 16:00,14,12,2
3/22/2016 17:00,15,9,6
3/22/2016 18:00,9,7,2
3/22/2016 19:00,3,1,2
3/22/2016 20:00,4,2,2
3/22/2016 21:00,2,2,0
3/22/2016 22:00,3,1,2
3/22/2016 23:00,3,1,2
3/23/2016 0:00,0,0,0
3/23/2016 1:00,0,0,0
3/23/2016 2:00,0,0,0
3/23/2016 3:00,0,0,0
3/23/2016 4:00,0,0,0
3/23/2016 5:00,1,0,1
3/23/2016 6:00,2,1,1
3/23/2016 7:00,5,3,2
3/23/2016 8:00,11,6,5
3/23/2016 9:00,6,1,5
3/23/2016 10:00,5,3,2
3/23/2016 11:00,2,1,1
3/23/2016 12:00,3,1,2
3/23/2016 13:00,6,2,4
3/23/2016 14:00,0,0,0
3/23/2016 15:00,3,3,0
3/23/2016 16:00,3,2,1
3/23/2016 17:00,7,4,3
3/23/2016 18:00,8,5,3
3/23/2016 19:00,5,2,3
3/23/2016 20:00,4,2,2
3/23/2016 21:00,2,1,1
3/23/2016 22:00,2,2,0
3/23/2016 23:00,1,1,0
3/24/2016 0:00,0,0,0
3/24/2016 1:00,1,0,1
3/24/2016 2:00,1,0,1
3/24/2016 3:00,0,0,0
3/24/2016 4:00,0,0,0
3/24/2016 5:00,1,0,1
3/24/2016 6:00,1,0,1
3/24/2016 7:00,7,4,3
3/24/2016 8:00,8,5,3
3/24/2016 9:00,4,4,0
3/24/2016 10:00,4,1,3
3/24/2016 11:00,5,2,3
3/24/2016 12:00,4,4,0
3/24/2016 13:00,9,5,4
3/24/2016 14:00,6,2,4
3/24/2016 15:00,4,3,1
3/24/2016 16:00,5,3,2
3/24/2016 17:00,9,3,6
3/24/2016 18:00,9,5,4
3/24/2016 19:00,6,3,3
3/24/2016 20:00,4,1,3
3/24/2016 21:00,3,2,1
3/24/2016 22:00,1,0,1
3/24/2016 23:00,0,0,0
3/25/2016 0:00,1,0,1
3/25/2016 1:00,1,0,1
3/25/2016 2:00,1,0,1
3/25/2016 3:00,0,0,0
3/25/2016 4:00,0,0,0
3/25/2016 5:00,0,0,0
3/25/2016 6:00,1,0,1
3/25/2016 7:00,8,5,3
3/25/2016 8:00,8,5,3
3/25/2016 9:00,3,1,2
3/25/2016 10:00,3,1,2
3/25/2016 11:00,8,5,3
3/25/2016 12:00,9,6,3
3/25/2016 13:00,10,5,5
3/25/2016 14:00,11,6,5
3/25/2016 15:00,14,8,6
3/25/2016 16:00,12,5,7
3/25/2016 17:00,18,7,11
3/25/2016 18:00,12,6,6
3/25/2016 19:00,6,3,3
3/25/2016 20:00,4,4,0
3/25/2016 21:00,4,1,3
3/25/2016 22:00,2,2,0
3/25/2016 23:00,0,0,0
3/26/2016 0:00,0,0,0
3/26/2016 1:00,0,0,0
3/26/2016 2:00,1,0,1
3/26/2016 3:00,0,0,0
3/26/2016 4:00,0,0,0
3/26/2016 5:00,0,0,0
3/26/2016 6:00,1,0,1
3/26/2016 7:00,3,1,2
3/26/2016 8:00,4,1,3
3/26/2016 9:00,8,3,5
3/26/2016 10:00,45,2,43
3/26/2016 11:00,11,8,3
3/26/2016 12:00,15,4,11
3/26/2016 13:00,21,13,8
3/26/2016 14:00,17,6,11
3/26/2016 15:00,21,9,12
3/26/2016 16:00,18,5,13
3/26/2016 17:00,14,12,2
3/26/2016 18:00,4,2,2
3/26/2016 19:00,3,3,0
3/26/2016 20:00,4,1,3
3/26/2016 21:00,4,2,2
3/26/2016 22:00,0,0,0
3/26/2016 23:00,0,0,0
3/27/2016 0:00,1,1,0
3/27/2016 1:00,0,0,0
3/27/2016 2:00,0,0,0
3/27/2016 3:00,0,0,0
3/27/2016 4:00,2,2,0
3/27/2016 5:00,0,0,0
3/27/2016 6:00,1,0,1
3/27/2016 7:00,0,0,0
3/27/2016 8:00,1,0,1
3/27/2016 9:00,4,4,0
3/27/2016 10:00,1,1,0
3/27/2016 11:00,2,0,2
3/27/2016 12:00,2,0,2
3/27/2016 13:00,6,2,4
3/27/2016 14:00,4,3,1
3/27/2016 15:00,9,4,5
3/27/2016 16:00,6,4,2
3/27/2016 17:00,1,0,1
3/27/2016 18:00,3,2,1
3/27/2016 19:00,0,0,0
3/27/2016 20:00,1,1,0
3/27/2016 21:00,1,0,1
3/27/2016 22:00,1,0,1
3/27/2016 23:00,2,1,1
3/28/2016 0:00,0,0,0
3/28/2016 1:00,0,0,0
3/28/2016 2:00,0,0,0
3/28/2016 3:00,0,0,0
3/28/2016 4:00,1,1,0
3/28/2016 5:00,2,0,2
3/28/2016 6:00,3,2,1
3/28/2016 7:00,4,2,2
3/28/2016 8:00,8,4,4
3/28/2016 9:00,14,5,9
3/28/2016 10:00,7,4,3
3/28/2016 11:00,2,0,2
3/28/2016 12:00,6,3,3
3/28/2016 13:00,7,6,1
3/28/2016 14:00,6,4,2
3/28/2016 15:00,5,4,1
3/28/2016 16:00,11,4,7
3/28/2016 17:00,15,7,8
3/28/2016 18:00,18,9,9
3/28/2016 19:00,8,3,5
3/28/2016 20:00,9,6,3
3/28/2016 21:00,2,1,1
3/28/2016 22:00,2,2,0
3/28/2016 23:00,1,1,0
3/29/2016 0:00,0,0,0
3/29/2016 1:00,0,0,0
3/29/2016 2:00,1,0,1
3/29/2016 3:00,0,0,0
3/29/2016 4:00,1,1,0
3/29/2016 5:00,1,0,1
3/29/2016 6:00,1,0,1
3/29/2016 7:00,7,2,5
3/29/2016 8:00,10,4,6
3/29/2016 9:00,15,8,7
3/29/2016 10:00,10,5,5
3/29/2016 11:00,8,4,4
3/29/2016 12:00,10,4,6
3/29/2016 13:00,7,5,2
3/29/2016 14:00,15,10,5
3/29/2016 15:00,9,3,6
3/29/2016 16:00,14,7,7
3/29/2016 17:00,19,9,10
3/29/2016 18:00,9,5,4
3/29/2016 19:00,11,7,4
3/29/2016 20:00,5,1,4
3/29/2016 21:00,5,4,1
3/29/2016 22:00,4,3,1
3/29/2016 23:00,2,2,0
3/30/2016 0:00,2,2,0
3/30/2016 1:00,2,0,2
3/30/2016 2:00,0,0,0
3/30/2016 3:00,0,0,0
3/30/2016 4:00,0,0,0
3/30/2016 5:00,2,0,2
3/30/2016 6:00,2,0,2
3/30/2016 7:00,9,4,5
3/30/2016 8:00,7,2,5
3/30/2016 9:00,14,7,7
3/30/2016 10:00,4,4,0
3/30/2016 11:00,7,4,3
3/30/2016 12:00,12,2,10
3/30/2016 13:00,9,6,3
3/30/2016 14:00,18,8,10
3/30/2016 15:00,5,4,1
3/30/2016 16:00,18,11,7
3/30/2016 17:00,27,16,11
3/30/2016 18:00,19,7,12
3/30/2016 19:00,15,7,8
3/30/2016 20:00,12,10,2
3/30/2016 21:00,4,3,1
3/30/2016 22:00,5,5,0
3/30/2016 23:00,1,0,1
3/31/2016 0:00,3,0,3
3/31/2016 1:00,0,0,0
3/31/2016 2:00,0,0,0
3/31/2016 3:00,0,0,0
3/31/2016 4:00,0,0,0
3/31/2016 5:00,1,0,1
3/31/2016 6:00,0,0,0
3/31/2016 7:00,7,4,3
3/31/2016 8:00,9,5,4
3/31/2016 9:00,9,5,4
3/31/2016 10:00,7,3,4
3/31/2016 11:00,11,6,5
3/31/2016 12:00,9,5,4
3/31/2016 13:00,10,4,6
3/31/2016 14:00,12,7,5
3/31/2016 15:00,17,10,7
3/31/2016 16:00,27,17,10
3/31/2016 17:00,23,15,8
3/31/2016 18:00,15,6,9
3/31/2016 19:00,11,5,6
3/31/2016 20:00,6,4,2
3/31/2016 21:00,4,1,3
3/31/2016 22:00,2,2,0
3/31/2016 23:00,1,0,1
4/1/2016 0:00,0,0,0
4/1/2016 1:00,0,0,0
4/1/2016 2:00,0,0,0
4/1/2016 3:00,1,1,0
4/1/2016 4:00,0,0,0
4/1/2016 5:00,0,0,0
4/1/2016 6:00,1,0,1
4/1/2016 7:00,6,2,4
4/1/2016 8:00,14,4,10
4/1/2016 9:00,9,6,3
4/1/2016 10:00,9,2,7
4/1/2016 11:00,6,2,4
4/1/2016 12:00,13,4,9
4/1/2016 13:00,14,9,5
4/1/2016 14:00,11,8,3
4/1/2016 15:00,19,11,8
4/1/2016 16:00,16,13,3
4/1/2016 17:00,17,10,7
4/1/2016 18:00,21,13,8
4/1/2016 19:00,18,7,11
4/1/2016 20:00,4,2,2
4/1/2016 21:00,8,6,2
4/1/2016 22:00,2,2,0
4/1/2016 23:00,3,2,1
4/2/2016 0:00,0,0,0
4/2/2016 1:00,0,0,0
4/2/2016 2:00,2,1,1
4/2/2016 3:00,0,0,0
4/2/2016 4:00,0,0,0
4/2/2016 5:00,0,0,0
4/2/2016 6:00,1,0,1
4/2/2016 7:00,1,0,1
4/2/2016 8:00,2,1,1
4/2/2016 9:00,10,5,5
4/2/2016 10:00,15,4,11
4/2/2016 11:00,11,8,3
4/2/2016 12:00,15,7,8
4/2/2016 13:00,34,24,10
4/2/2016 14:00,14,5,9
4/2/2016 15:00,23,13,10
4/2/2016 16:00,12,7,5
4/2/2016 17:00,23,18,5
4/2/2016 18:00,12,3,9
4/2/2016 19:00,7,1,6
4/2/2016 20:00,11,8,3
4/2/2016 21:00,4,3,1
4/2/2016 22:00,3,3,0
4/2/2016 23:00,3,2,1
4/3/2016 0:00,0,0,0
4/3/2016 1:00,0,0,0
4/3/2016 2:00,1,0,1
4/3/2016 3:00,0,0,0
4/3/2016 4:00,0,0,0
4/3/2016 5:00,3,3,0
4/3/2016 6:00,7,7,0
4/3/2016 7:00,2,0,2
4/3/2016 8:00,1,0,1
4/3/2016 9:00,11,3,8
4/3/2016 10:00,7,5,2
4/3/2016 11:00,12,5,7
4/3/2016 12:00,19,11,8
4/3/2016 13:00,26,9,17
4/3/2016 14:00,20,8,12
4/3/2016 15:00,22,14,8
4/3/2016 16:00,12,4,8
4/3/2016 17:00,18,8,10
4/3/2016 18:00,6,4,2
4/3/2016 19:00,2,0,2
4/3/2016 20:00,2,0,2
4/3/2016 21:00,1,1,0
4/3/2016 22:00,1,1,0
4/3/2016 23:00,0,0,0
4/4/2016 0:00,0,0,0
4/4/2016 1:00,0,0,0
4/4/2016 2:00,0,0,0
4/4/2016 3:00,0,0,0
4/4/2016 4:00,1,0,1
4/4/2016 5:00,0,0,0
4/4/2016 6:00,1,1,0
4/4/2016 7:00,9,5,4
4/4/2016 8:00,9,3,6
4/4/2016 9:00,12,7,5
4/4/2016 10:00,9,2,7
4/4/2016 11:00,5,1,4
4/4/2016 12:00,6,6,0
4/4/2016 13:00,6,5,1
4/4/2016 14:00,5,4,1
4/4/2016 15:00,4,3,1
4/4/2016 16:00,14,8,6
4/4/2016 17:00,20,7,13
4/4/2016 18:00,17,7,10
4/4/2016 19:00,4,3,1
4/4/2016 20:00,2,2,0
4/4/2016 21:00,5,2,3
4/4/2016 22:00,0,0,0
4/4/2016 23:00,0,0,0
4/5/2016 0:00,0,0,0
4/5/2016 1:00,1,1,0
4/5/2016 2:00,1,1,0
4/5/2016 3:00,2,0,2
4/5/2016 4:00,0,0,0
4/5/2016 5:00,1,0,1
4/5/2016 6:00,2,0,2
4/5/2016 7:00,9,6,3
4/5/2016 8:00,7,1,6
4/5/2016 9:00,10,4,6
4/5/2016 10:00,8,5,3
4/5/2016 11:00,3,3,0
4/5/2016 12:00,6,3,3
4/5/2016 13:00,1,0,1
4/5/2016 14:00,6,4,2
4/5/2016 15:00,15,6,9
4/5/2016 16:00,12,5,7
4/5/2016 17:00,19,4,15
4/5/2016 18:00,19,10,9
4/5/2016 19:00,10,5,5
4/5/2016 20:00,3,2,1
4/5/2016 21:00,4,1,3
4/5/2016 22:00,3,2,1
4/5/2016 23:00,4,3,1
4/6/2016 0:00,0,0,0
4/6/2016 1:00,1,0,1
4/6/2016 2:00,1,0,1
4/6/2016 3:00,0,0,0
4/6/2016 4:00,0,0,0
4/6/2016 5:00,1,0,1
4/6/2016 6:00,0,0,0
4/6/2016 7:00,11,5,6
4/6/2016 8:00,10,3,7
4/6/2016 9:00,7,3,4
4/6/2016 10:00,9,4,5
4/6/2016 11:00,5,1,4
4/6/2016 12:00,3,1,2
4/6/2016 13:00,12,7,5
4/6/2016 14:00,12,4,8
4/6/2016 15:00,8,2,6
4/6/2016 16:00,13,6,7
4/6/2016 17:00,20,11,9
4/6/2016 18:00,39,14,25
4/6/2016 19:00,13,6,7
4/6/2016 20:00,5,5,0
4/6/2016 21:00,3,2,1
4/6/2016 22:00,1,0,1
4/6/2016 23:00,2,1,1
4/7/2016 0:00,0,0,0
4/7/2016 1:00,0,0,0
4/7/2016 2:00,0,0,0
4/7/2016 3:00,0,0,0
4/7/2016 4:00,0,0,0
4/7/2016 5:00,1,0,1
4/7/2016 6:00,0,0,0
4/7/2016 7:00,6,5,1
4/7/2016 8:00,8,2,6
4/7/2016 9:00,7,5,2
4/7/2016 10:00,13,8,5
4/7/2016 11:00,12,7,5
4/7/2016 12:00,11,3,8
4/7/2016 13:00,15,7,8
4/7/2016 14:00,16,7,9
4/7/2016 15:00,7,4,3
4/7/2016 16:00,13,7,6
4/7/2016 17:00,24,19,5
4/7/2016 18:00,12,7,5
4/7/2016 19:00,21,13,8
4/7/2016 20:00,5,2,3
4/7/2016 21:00,11,9,2
4/7/2016 22:00,3,1,2
4/7/2016 23:00,2,1,1
4/8/2016 0:00,0,0,0
4/8/2016 1:00,0,0,0
4/8/2016 2:00,1,0,1
4/8/2016 3:00,0,0,0
4/8/2016 4:00,0,0,0
4/8/2016 5:00,1,0,1
4/8/2016 6:00,3,0,3
4/8/2016 7:00,9,3,6
4/8/2016 8:00,8,3,5
4/8/2016 9:00,5,3,2
4/8/2016 10:00,11,4,7
4/8/2016 11:00,11,4,7
4/8/2016 12:00,5,0,5
4/8/2016 13:00,14,11,3
4/8/2016 14:00,25,14,11
4/8/2016 15:00,21,15,6
4/8/2016 16:00,7,3,4
4/8/2016 17:00,18,5,13
4/8/2016 18:00,19,7,12
4/8/2016 19:00,14,13,1
4/8/2016 20:00,5,5,0
4/8/2016 21:00,5,3,2
4/8/2016 22:00,5,1,4
4/8/2016 23:00,2,1,1
4/9/2016 0:00,1,1,0
4/9/2016 1:00,1,0,1
4/9/2016 2:00,0,0,0
4/9/2016 3:00,1,0,1
4/9/2016 4:00,0,0,0
4/9/2016 5:00,0,0,0
4/9/2016 6:00,2,0,2
4/9/2016 7:00,3,1,2
4/9/2016 8:00,5,4,1
4/9/2016 9:00,11,5,6
4/9/2016 10:00,6,2,4
4/9/2016 11:00,10,6,4
4/9/2016 12:00,13,0,13
4/9/2016 13:00,22,14,8
4/9/2016 14:00,23,8,15
4/9/2016 15:00,11,5,6
4/9/2016 16:00,26,18,8
4/9/2016 17:00,9,5,4
4/9/2016 18:00,17,6,11
4/9/2016 19:00,4,1,3
4/9/2016 20:00,2,0,2
4/9/2016 21:00,5,2,3
4/9/2016 22:00,2,2,0
4/9/2016 23:00,2,2,0
4/10/2016 0:00,0,0,0
4/10/2016 1:00,0,0,0
4/10/2016 2:00,3,3,0
4/10/2016 3:00,0,0,0
4/10/2016 4:00,0,0,0
4/10/2016 5:00,0,0,0
4/10/2016 6:00,0,0,0
4/10/2016 7:00,1,0,1
4/10/2016 8:00,2,0,2
4/10/2016 9:00,6,4,2
4/10/2016 10:00,10,5,5
4/10/2016 11:00,9,3,6
4/10/2016 12:00,18,14,4
4/10/2016 13:00,18,8,10
4/10/2016 14:00,26,12,14
4/10/2016 15:00,16,6,10
4/10/2016 16:00,10,4,6
4/10/2016 17:00,18,11,7
4/10/2016 18:00,7,4,3
4/10/2016 19:00,7,5,2
4/10/2016 20:00,2,1,1
4/10/2016 21:00,0,0,0
4/10/2016 22:00,0,0,0
4/10/2016 23:00,0,0,0
4/11/2016 0:00,0,0,0
4/11/2016 1:00,0,0,0
4/11/2016 2:00,0,0,0
4/11/2016 3:00,0,0,0
4/11/2016 4:00,0,0,0
4/11/2016 5:00,1,0,1
4/11/2016 6:00,3,1,2
4/11/2016 7:00,12,4,8
4/11/2016 8:00,7,1,6
4/11/2016 9:00,12,6,6
4/11/2016 10:00,4,3,1
4/11/2016 11:00,2,1,1
4/11/2016 12:00,7,4,3
4/11/2016 13:00,14,11,3
4/11/2016 14:00,5,3,2
4/11/2016 15:00,7,6,1
4/11/2016 16:00,12,8,4
4/11/2016 17:00,12,5,7
4/11/2016 18:00,12,6,6
4/11/2016 19:00,4,2,2
4/11/2016 20:00,8,5,3
4/11/2016 21:00,2,2,0
4/11/2016 22:00,3,3,0
4/11/2016 23:00,0,0,0
4/12/2016 0:00,0,0,0
4/12/2016 1:00,0,0,0
4/12/2016 2:00,0,0,0
4/12/2016 3:00,0,0,0
4/12/2016 4:00,0,0,0
4/12/2016 5:00,1,0,1
4/12/2016 6:00,2,1,1
4/12/2016 7:00,8,6,2
4/12/2016 8:00,6,2,4
4/12/2016 9:00,6,1,5
4/12/2016 10:00,8,1,7
4/12/2016 11:00,6,5,1
4/12/2016 12:00,9,7,2
4/12/2016 13:00,5,3,2
4/12/2016 14:00,4,2,2
4/12/2016 15:00,0,0,0
4/12/2016 16:00,5,3,2
4/12/2016 17:00,6,3,3
4/12/2016 18:00,5,2,3
4/12/2016 19:00,11,6,5
4/12/2016 20:00,5,2,3
4/12/2016 21:00,1,1,0
4/12/2016 22:00,2,1,1
4/12/2016 23:00,1,1,0
4/13/2016 0:00,0,0,0
4/13/2016 1:00,0,0,0
4/13/2016 2:00,1,0,1
4/13/2016 3:00,0,0,0
4/13/2016 4:00,0,0,0
4/13/2016 5:00,2,0,2
4/13/2016 6:00,2,0,2
4/13/2016 7:00,14,10,4
4/13/2016 8:00,10,7,3
4/13/2016 9:00,13,7,6
4/13/2016 10:00,10,1,9
4/13/2016 11:00,5,0,5
4/13/2016 12:00,6,1,5
4/13/2016 13:00,2,0,2
4/13/2016 14:00,10,8,2
4/13/2016 15:00,4,2,2
4/13/2016 16:00,12,8,4
4/13/2016 17:00,10,5,5
4/13/2016 18:00,15,6,9
4/13/2016 19:00,8,0,8
4/13/2016 20:00,5,3,2
4/13/2016 21:00,2,2,0
4/13/2016 22:00,0,0,0
4/13/2016 23:00,0,0,0
4/14/2016 0:00,0,0,0
4/14/2016 1:00,0,0,0
4/14/2016 2:00,0,0,0
4/14/2016 3:00,0,0,0
4/14/2016 4:00,0,0,0
4/14/2016 5:00,2,1,1
4/14/2016 6:00,0,0,0
4/14/2016 7:00,4,2,2
4/14/2016 8:00,7,3,4
4/14/2016 9:00,4,2,2
4/14/2016 10:00,6,3,3
4/14/2016 11:00,6,3,3
4/14/2016 12:00,14,9,5
4/14/2016 13:00,14,5,9
4/14/2016 14:00,9,7,2
4/14/2016 15:00,10,5,5
4/14/2016 16:00,16,7,9
4/14/2016 17:00,17,9,8
4/14/2016 18:00,17,10,7
4/14/2016 19:00,14,10,4
4/14/2016 20:00,7,3,4
4/14/2016 21:00,3,2,1
4/14/2016 22:00,0,0,0
4/14/2016 23:00,1,1,0
4/15/2016 0:00,0,0,0
4/15/2016 1:00,0,0,0
4/15/2016 2:00,0,0,0
4/15/2016 3:00,0,0,0
4/15/2016 4:00,0,0,0
4/15/2016 5:00,0,0,0
4/15/2016 6:00,3,0,3
4/15/2016 7:00,6,3,3
4/15/2016 8:00,5,2,3
4/15/2016 9:00,9,5,4
4/15/2016 10:00,9,5,4
4/15/2016 11:00,4,1,3
4/15/2016 12:00,11,7,4
4/15/2016 13:00,4,2,2
4/15/2016 14:00,10,8,2
4/15/2016 15:00,9,2,7
4/15/2016 16:00,11,7,4
4/15/2016 17:00,9,5,4
4/15/2016 18:00,15,10,5
4/15/2016 19:00,11,6,5
4/15/2016 20:00,7,3,4
4/15/2016 21:00,2,2,0
4/15/2016 22:00,2,0,2
4/15/2016 23:00,0,0,0
4/16/2016 0:00,2,2,0
4/16/2016 1:00,1,1,0
4/16/2016 2:00,1,1,0
4/16/2016 3:00,0,0,0
4/16/2016 4:00,0,0,0
4/16/2016 5:00,0,0,0
4/16/2016 6:00,0,0,0
4/16/2016 7:00,1,0,1
4/16/2016 8:00,3,1,2
4/16/2016 9:00,5,3,2
4/16/2016 10:00,8,2,6
4/16/2016 11:00,17,12,5
4/16/2016 12:00,18,7,11
4/16/2016 13:00,15,6,9
4/16/2016 14:00,14,8,6
4/16/2016 15:00,14,4,10
4/16/2016 16:00,16,9,7
4/16/2016 17:00,16,8,8
4/16/2016 18:00,13,5,8
4/16/2016 19:00,11,11,0
4/16/2016 20:00,10,10,0
4/16/2016 21:00,2,0,2
4/16/2016 22:00,0,0,0
4/16/2016 23:00,1,0,1
4/17/2016 0:00,1,0,1
4/17/2016 1:00,2,1,1
4/17/2016 2:00,0,0,0
4/17/2016 3:00,0,0,0
4/17/2016 4:00,0,0,0
4/17/2016 5:00,0,0,0
4/17/2016 6:00,1,0,1
4/17/2016 7:00,3,0,3
4/17/2016 8:00,7,2,5
4/17/2016 9:00,14,3,11
4/17/2016 10:00,21,15,6
4/17/2016 11:00,25,13,12
4/17/2016 12:00,26,13,13
4/17/2016 13:00,21,8,13
4/17/2016 14:00,30,14,16
4/17/2016 15:00,33,10,23
4/17/2016 16:00,21,7,14
4/17/2016 17:00,10,4,6
4/17/2016 18:00,18,5,13
4/17/2016 19:00,13,10,3
4/17/2016 20:00,5,2,3
4/17/2016 21:00,4,3,1
4/17/2016 22:00,1,1,0
4/17/2016 23:00,0,0,0
4/18/2016 0:00,0,0,0
4/18/2016 1:00,0,0,0
4/18/2016 2:00,0,0,0
4/18/2016 3:00,0,0,0
4/18/2016 4:00,0,0,0
4/18/2016 5:00,3,2,1
4/18/2016 6:00,7,4,3
4/18/2016 7:00,15,6,9
4/18/2016 8:00,10,3,7
4/18/2016 9:00,12,5,7
4/18/2016 10:00,9,4,5
4/18/2016 11:00,4,2,2
4/18/2016 12:00,18,9,9
4/18/2016 13:00,23,10,13
4/18/2016 14:00,19,7,12
4/18/2016 15:00,25,16,9
4/18/2016 16:00,14,9,5
4/18/2016 17:00,27,14,13
4/18/2016 18:00,30,16,14
4/18/2016 19:00,17,8,9
4/18/2016 20:00,13,10,3
4/18/2016 21:00,9,7,2
4/18/2016 22:00,3,2,1
4/18/2016 23:00,0,0,0
4/19/2016 0:00,0,0,0
4/19/2016 1:00,1,0,1
4/19/2016 2:00,1,0,1
4/19/2016 3:00,1,1,0
4/19/2016 4:00,0,0,0
4/19/2016 5:00,2,0,2
4/19/2016 6:00,2,2,0
4/19/2016 7:00,17,7,10
4/19/2016 8:00,9,2,7
4/19/2016 9:00,18,6,12
4/19/2016 10:00,10,7,3
4/19/2016 11:00,9,3,6
4/19/2016 12:00,14,5,9
4/19/2016 13:00,14,4,10
4/19/2016 14:00,17,9,8
4/19/2016 15:00,14,7,7
4/19/2016 16:00,15,8,7
4/19/2016 17:00,20,13,7
4/19/2016 18:00,23,12,11
4/19/2016 19:00,19,6,13
4/19/2016 20:00,3,3,0
4/19/2016 21:00,10,8,2
4/19/2016 22:00,0,0,0
4/19/2016 23:00,0,0,0
4/20/2016 0:00,1,0,1
4/20/2016 1:00,0,0,0
4/20/2016 2:00,0,0,0
4/20/2016 3:00,0,0,0
4/20/2016 4:00,0,0,0
4/20/2016 5:00,1,0,1
4/20/2016 6:00,1,0,1
4/20/2016 7:00,9,3,6
4/20/2016 8:00,14,8,6
4/20/2016 9:00,13,5,8
4/20/2016 10:00,7,4,3
4/20/2016 11:00,6,3,3
4/20/2016 12:00,18,8,10
4/20/2016 13:00,6,4,2
4/20/2016 14:00,10,6,4
4/20/2016 15:00,18,11,7
4/20/2016 16:00,10,6,4
4/20/2016 17:00,33,24,9
4/20/2016 18:00,25,10,15
4/20/2016 19:00,9,7,2
4/20/2016 20:00,13,7,6
4/20/2016 21:00,9,3,6
4/20/2016 22:00,1,1,0
4/20/2016 23:00,0,0,0
4/21/2016 0:00,1,1,0
4/21/2016 1:00,0,0,0
4/21/2016 2:00,0,0,0
4/21/2016 3:00,0,0,0
4/21/2016 4:00,1,1,0
4/21/2016 5:00,1,0,1
4/21/2016 6:00,2,1,1
4/21/2016 7:00,14,5,9
4/21/2016 8:00,11,10,1
4/21/2016 9:00,9,5,4
4/21/2016 10:00,10,2,8
4/21/2016 11:00,9,5,4
4/21/2016 12:00,8,7,1
4/21/2016 13:00,7,1,6
4/21/2016 14:00,16,5,11
4/21/2016 15:00,8,5,3
4/21/2016 16:00,23,12,11
4/21/2016 17:00,27,15,12
4/21/2016 18:00,14,5,9
4/21/2016 19:00,14,10,4
4/21/2016 20:00,9,3,6
4/21/2016 21:00,9,4,5
4/21/2016 22:00,6,3,3
4/21/2016 23:00,1,1,0
4/22/2016 0:00,0,0,0
4/22/2016 1:00,0,0,0
4/22/2016 2:00,1,0,1
4/22/2016 3:00,0,0,0
4/22/2016 4:00,0,0,0
4/22/2016 5:00,0,0,0
4/22/2016 6:00,1,1,0
4/22/2016 7:00,10,3,7
4/22/2016 8:00,9,3,6
4/22/2016 9:00,10,4,6
4/22/2016 10:00,7,4,3
4/22/2016 11:00,5,2,3
4/22/2016 12:00,2,2,0
4/22/2016 13:00,8,5,3
4/22/2016 14:00,3,1,2
4/22/2016 15:00,0,0,0
4/22/2016 16:00,10,5,5
4/22/2016 17:00,12,5,7
4/22/2016 18:00,3,1,2
4/22/2016 19:00,2,1,1
4/22/2016 20:00,1,1,0
4/22/2016 21:00,2,0,2
4/22/2016 22:00,1,0,1
4/22/2016 23:00,2,1,1
4/23/2016 0:00,0,0,0
4/23/2016 1:00,0,0,0
4/23/2016 2:00,0,0,0
4/23/2016 3:00,0,0,0
4/23/2016 4:00,0,0,0
4/23/2016 5:00,1,1,0
4/23/2016 6:00,1,0,1
4/23/2016 7:00,4,1,3
4/23/2016 8:00,6,4,2
4/23/2016 9:00,6,5,1
4/23/2016 10:00,7,1,6
4/23/2016 11:00,16,5,11
4/23/2016 12:00,10,4,6
4/23/2016 13:00,17,12,5
4/23/2016 14:00,20,3,17
4/23/2016 15:00,11,3,8
4/23/2016 16:00,16,8,8
4/23/2016 17:00,17,9,8
4/23/2016 18:00,13,6,7
4/23/2016 19:00,4,3,1
4/23/2016 20:00,2,2,0
4/23/2016 21:00,2,0,2
4/23/2016 22:00,4,2,2
4/23/2016 23:00,1,1,0
4/24/2016 0:00,3,1,2
4/24/2016 1:00,0,0,0
4/24/2016 2:00,0,0,0
4/24/2016 3:00,0,0,0
4/24/2016 4:00,0,0,0
4/24/2016 5:00,0,0,0
4/24/2016 6:00,1,0,1
4/24/2016 7:00,2,1,1
4/24/2016 8:00,3,0,3
4/24/2016 9:00,4,4,0
4/24/2016 10:00,1,1,0
4/24/2016 11:00,1,1,0
4/24/2016 12:00,5,4,1
4/24/2016 13:00,5,4,1
4/24/2016 14:00,6,3,3
4/24/2016 15:00,11,5,6
4/24/2016 16:00,7,5,2
4/24/2016 17:00,5,2,3
4/24/2016 18:00,4,1,3
4/24/2016 19:00,1,0,1
4/24/2016 20:00,4,2,2
4/24/2016 21:00,1,1,0
4/24/2016 22:00,2,1,1
4/24/2016 23:00,0,0,0
4/25/2016 0:00,0,0,0
4/25/2016 1:00,0,0,0
4/25/2016 2:00,0,0,0
4/25/2016 3:00,0,0,0
4/25/2016 4:00,1,1,0
4/25/2016 5:00,3,1,2
4/25/2016 6:00,2,1,1
4/25/2016 7:00,9,2,7
4/25/2016 8:00,10,5,5
4/25/2016 9:00,2,2,0
4/25/2016 10:00,5,2,3
4/25/2016 11:00,5,2,3
4/25/2016 12:00,7,4,3
4/25/2016 13:00,6,4,2
4/25/2016 14:00,11,5,6
4/25/2016 15:00,11,6,5
4/25/2016 16:00,7,5,2
4/25/2016 17:00,18,16,2
4/25/2016 18:00,20,10,10
4/25/2016 19:00,7,5,2
4/25/2016 20:00,11,6,5
4/25/2016 21:00,1,0,1
4/25/2016 22:00,1,0,1
4/25/2016 23:00,1,1,0
4/26/2016 0:00,0,0,0
4/26/2016 1:00,1,0,1
4/26/2016 2:00,0,0,0
4/26/2016 3:00,0,0,0
4/26/2016 4:00,0,0,0
4/26/2016 5:00,3,1,2
4/26/2016 6:00,2,1,1
4/26/2016 7:00,5,4,1
4/26/2016 8:00,15,3,12
4/26/2016 9:00,10,4,6
4/26/2016 10:00,5,4,1
4/26/2016 11:00,1,0,1
4/26/2016 12:00,4,2,2
4/26/2016 13:00,4,3,1
4/26/2016 14:00,8,6,2
4/26/2016 15:00,9,4,5
4/26/2016 16:00,9,4,5
4/26/2016 17:00,20,12,8
4/26/2016 18:00,11,4,7
4/26/2016 19:00,11,7,4
4/26/2016 20:00,5,4,1
4/26/2016 21:00,9,5,4
4/26/2016 22:00,1,0,1
4/26/2016 23:00,1,1,0
4/27/2016 0:00,3,1,2
4/27/2016 1:00,0,0,0
4/27/2016 2:00,0,0,0
4/27/2016 3:00,0,0,0
4/27/2016 4:00,0,0,0
4/27/2016 5:00,3,0,3
4/27/2016 6:00,3,3,0
4/27/2016 7:00,10,6,4
4/27/2016 8:00,10,3,7
4/27/2016 9:00,9,5,4
4/27/2016 10:00,6,1,5
4/27/2016 11:00,9,2,7
4/27/2016 12:00,13,7,6
4/27/2016 13:00,6,5,1
4/27/2016 14:00,8,5,3
4/27/2016 15:00,8,4,4
4/27/2016 16:00,13,8,5
4/27/2016 17:00,20,12,8
4/27/2016 18:00,23,12,11
4/27/2016 19:00,14,10,4
4/27/2016 20:00,10,5,5
4/27/2016 21:00,2,1,1
4/27/2016 22:00,0,0,0
4/27/2016 23:00,0,0,0
4/28/2016 0:00,0,0,0
4/28/2016 1:00,1,0,1
4/28/2016 2:00,0,0,0
4/28/2016 3:00,0,0,0
4/28/2016 4:00,0,0,0
4/28/2016 5:00,2,0,2
4/28/2016 6:00,3,1,2
4/28/2016 7:00,11,6,5
4/28/2016 8:00,12,6,6
4/28/2016 9:00,7,3,4
4/28/2016 10:00,6,5,1
4/28/2016 11:00,7,6,1
4/28/2016 12:00,7,6,1
4/28/2016 13:00,9,5,4
4/28/2016 14:00,7,2,5
4/28/2016 15:00,11,4,7
4/28/2016 16:00,11,5,6
4/28/2016 17:00,16,15,1
4/28/2016 18:00,16,9,7
4/28/2016 19:00,7,5,2
4/28/2016 20:00,4,0,4
4/28/2016 21:00,9,6,3
4/28/2016 22:00,2,2,0
4/28/2016 23:00,0,0,0
4/29/2016 0:00,1,1,0
4/29/2016 1:00,0,0,0
4/29/2016 2:00,4,4,0
4/29/2016 3:00,0,0,0
4/29/2016 4:00,0,0,0
4/29/2016 5:00,2,0,2
4/29/2016 6:00,1,0,1
4/29/2016 7:00,6,3,3
4/29/2016 8:00,7,3,4
4/29/2016 9:00,6,3,3
4/29/2016 10:00,5,3,2
4/29/2016 11:00,7,5,2
4/29/2016 12:00,2,0,2
4/29/2016 13:00,5,1,4
4/29/2016 14:00,7,4,3
4/29/2016 15:00,10,5,5
4/29/2016 16:00,7,4,3
4/29/2016 17:00,15,9,6
4/29/2016 18:00,15,9,6
4/29/2016 19:00,4,2,2
4/29/2016 20:00,7,4,3
4/29/2016 21:00,5,2,3
4/29/2016 22:00,2,1,1
4/29/2016 23:00,4,1,3
4/30/2016 0:00,1,1,0
4/30/2016 1:00,0,0,0
4/30/2016 2:00,0,0,0
4/30/2016 3:00,1,0,1
4/30/2016 4:00,0,0,0
4/30/2016 5:00,1,0,1
4/30/2016 6:00,1,0,1
4/30/2016 7:00,1,0,1
4/30/2016 8:00,1,1,0
4/30/2016 9:00,11,7,4
4/30/2016 10:00,18,11,7
4/30/2016 11:00,7,4,3
4/30/2016 12:00,15,9,6
4/30/2016 13:00,22,13,9
4/30/2016 14:00,20,6,14
4/30/2016 15:00,24,8,16
4/30/2016 16:00,31,16,15
4/30/2016 17:00,18,10,8
4/30/2016 18:00,10,5,5
4/30/2016 19:00,9,5,4
4/30/2016 20:00,11,11,0
4/30/2016 21:00,2,2,0
4/30/2016 22:00,2,1,1
4/30/2016 23:00,1,0,1
5/1/2016 0:00,2,2,0
5/1/2016 1:00,0,0,0
5/1/2016 2:00,1,0,1
5/1/2016 3:00,0,0,0
5/1/2016 4:00,1,1,0
5/1/2016 5:00,0,0,0
5/1/2016 6:00,0,0,0
5/1/2016 7:00,1,0,1
5/1/2016 8:00,1,1,0
5/1/2016 9:00,17,5,12
5/1/2016 10:00,16,11,5
5/1/2016 11:00,28,14,14
5/1/2016 12:00,26,17,9
5/1/2016 13:00,24,8,16
5/1/2016 14:00,29,9,20
5/1/2016 15:00,21,8,13
5/1/2016 16:00,26,16,10
5/1/2016 17:00,16,12,4
5/1/2016 18:00,13,9,4
5/1/2016 19:00,6,5,1
5/1/2016 20:00,13,7,6
5/1/2016 21:00,1,0,1
5/1/2016 22:00,1,1,0
5/1/2016 23:00,0,0,0
5/2/2016 0:00,0,0,0
5/2/2016 1:00,0,0,0
5/2/2016 2:00,1,0,1
5/2/2016 3:00,1,1,0
5/2/2016 4:00,0,0,0
5/2/2016 5:00,2,1,1
5/2/2016 6:00,6,2,4
5/2/2016 7:00,17,8,9
5/2/2016 8:00,21,11,10
5/2/2016 9:00,16,6,10
5/2/2016 10:00,12,7,5
5/2/2016 11:00,6,4,2
5/2/2016 12:00,15,8,7
5/2/2016 13:00,10,5,5
5/2/2016 14:00,19,8,11
5/2/2016 15:00,18,7,11
5/2/2016 16:00,18,7,11
5/2/2016 17:00,27,15,12
5/2/2016 18:00,21,12,9
5/2/2016 19:00,16,9,7
5/2/2016 20:00,17,10,7
5/2/2016 21:00,8,6,2
5/2/2016 22:00,1,1,0
5/2/2016 23:00,1,0,1
5/3/2016 0:00,1,1,0
5/3/2016 1:00,1,1,0
5/3/2016 2:00,0,0,0
5/3/2016 3:00,0,0,0
5/3/2016 4:00,0,0,0
5/3/2016 5:00,4,2,2
5/3/2016 6:00,2,1,1
5/3/2016 7:00,9,4,5
5/3/2016 8:00,18,6,12
5/3/2016 9:00,13,6,7
5/3/2016 10:00,14,9,5
5/3/2016 11:00,10,4,6
5/3/2016 12:00,10,1,9
5/3/2016 13:00,5,4,1
5/3/2016 14:00,15,12,3
5/3/2016 15:00,13,8,5
5/3/2016 16:00,19,9,10
5/3/2016 17:00,22,11,11
5/3/2016 18:00,15,8,7
5/3/2016 19:00,12,8,4
5/3/2016 20:00,6,5,1
5/3/2016 21:00,7,4,3
5/3/2016 22:00,0,0,0
5/3/2016 23:00,2,0,2
5/4/2016 0:00,3,3,0
5/4/2016 1:00,0,0,0
5/4/2016 2:00,0,0,0
5/4/2016 3:00,1,0,1
5/4/2016 4:00,0,0,0
5/4/2016 5:00,2,1,1
5/4/2016 6:00,0,0,0
5/4/2016 7:00,11,4,7
5/4/2016 8:00,20,11,9
5/4/2016 9:00,13,7,6
5/4/2016 10:00,5,2,3
5/4/2016 11:00,6,1,5
5/4/2016 12:00,3,2,1
5/4/2016 13:00,7,6,1
5/4/2016 14:00,5,1,4
5/4/2016 15:00,8,5,3
5/4/2016 16:00,12,6,6
5/4/2016 17:00,18,12,6
5/4/2016 18:00,15,7,8
5/4/2016 19:00,6,4,2
5/4/2016 20:00,7,4,3
5/4/2016 21:00,6,5,1
5/4/2016 22:00,1,1,0
5/4/2016 23:00,0,0,0
5/5/2016 0:00,0,0,0
5/5/2016 1:00,0,0,0
5/5/2016 2:00,0,0,0
5/5/2016 3:00,0,0,0
5/5/2016 4:00,0,0,0
5/5/2016 5:00,2,1,1
5/5/2016 6:00,5,4,1
5/5/2016 7:00,10,4,6
5/5/2016 8:00,20,9,11
5/5/2016 9:00,10,7,3
5/5/2016 10:00,17,7,10
5/5/2016 11:00,2,0,2
5/5/2016 12:00,6,5,1
5/5/2016 13:00,12,5,7
5/5/2016 14:00,11,8,3
5/5/2016 15:00,1,1,0
5/5/2016 16:00,17,10,7
5/5/2016 17:00,20,13,7
5/5/2016 18:00,26,16,10
5/5/2016 19:00,13,5,8
5/5/2016 20:00,17,11,6
5/5/2016 21:00,1,1,0
5/5/2016 22:00,1,0,1
5/5/2016 23:00,0,0,0
5/6/2016 0:00,2,2,0
5/6/2016 1:00,0,0,0
5/6/2016 2:00,0,0,0
5/6/2016 3:00,2,0,2
5/6/2016 4:00,0,0,0
5/6/2016 5:00,1,0,1
5/6/2016 6:00,2,0,2
5/6/2016 7:00,10,4,6
5/6/2016 8:00,15,6,9
5/6/2016 9:00,11,5,6
5/6/2016 10:00,7,5,2
5/6/2016 11:00,5,3,2
5/6/2016 12:00,6,3,3
5/6/2016 13:00,13,6,7
5/6/2016 14:00,21,10,11
5/6/2016 15:00,18,8,10
5/6/2016 16:00,14,8,6
5/6/2016 17:00,30,11,19
5/6/2016 18:00,15,6,9
5/6/2016 19:00,15,7,8
5/6/2016 20:00,14,9,5
5/6/2016 21:00,7,4,3
5/6/2016 22:00,4,4,0
5/6/2016 23:00,0,0,0
5/7/2016 0:00,1,1,0
5/7/2016 1:00,2,0,2
5/7/2016 2:00,1,0,1
5/7/2016 3:00,0,0,0
5/7/2016 4:00,1,1,0
5/7/2016 5:00,0,0,0
5/7/2016 6:00,2,0,2
5/7/2016 7:00,5,3,2
5/7/2016 8:00,7,2,5
5/7/2016 9:00,14,14,0
5/7/2016 10:00,16,5,11
5/7/2016 11:00,29,9,20
5/7/2016 12:00,13,6,7
5/7/2016 13:00,18,13,5
5/7/2016 14:00,34,17,17
5/7/2016 15:00,16,7,9
5/7/2016 16:00,35,17,18
5/7/2016 17:00,13,9,4
5/7/2016 18:00,15,3,12
5/7/2016 19:00,19,14,5
5/7/2016 20:00,9,7,2
5/7/2016 21:00,7,2,5
5/7/2016 22:00,3,1,2
5/7/2016 23:00,1,0,1
5/8/2016 0:00,0,0,0
5/8/2016 1:00,3,0,3
5/8/2016 2:00,0,0,0
5/8/2016 3:00,0,0,0
5/8/2016 4:00,0,0,0
5/8/2016 5:00,0,0,0
5/8/2016 6:00,1,0,1
5/8/2016 7:00,1,1,0
5/8/2016 8:00,5,2,3
5/8/2016 9:00,4,4,0
5/8/2016 10:00,7,1,6
5/8/2016 11:00,16,7,9
5/8/2016 12:00,16,7,9
5/8/2016 13:00,9,5,4
5/8/2016 14:00,8,1,7
5/8/2016 15:00,10,2,8
5/8/2016 16:00,9,6,3
5/8/2016 17:00,4,2,2
5/8/2016 18:00,7,4,3
5/8/2016 19:00,4,3,1
5/8/2016 20:00,1,0,1
5/8/2016 21:00,6,6,0
5/8/2016 22:00,1,1,0
5/8/2016 23:00,0,0,0
5/9/2016 0:00,0,0,0
5/9/2016 1:00,0,0,0
5/9/2016 2:00,1,0,1
5/9/2016 3:00,0,0,0
5/9/2016 4:00,0,0,0
5/9/2016 5:00,1,0,1
5/9/2016 6:00,3,3,0
5/9/2016 7:00,11,7,4
5/9/2016 8:00,19,7,12
5/9/2016 9:00,6,3,3
5/9/2016 10:00,10,4,6
5/9/2016 11:00,7,5,2
5/9/2016 12:00,8,3,5
5/9/2016 13:00,10,3,7
5/9/2016 14:00,14,8,6
5/9/2016 15:00,10,4,6
5/9/2016 16:00,13,9,4
5/9/2016 17:00,22,11,11
5/9/2016 18:00,20,7,13
5/9/2016 19:00,14,5,9
5/9/2016 20:00,8,7,1
5/9/2016 21:00,2,1,1
5/9/2016 22:00,1,1,0
5/9/2016 23:00,2,1,1
5/10/2016 0:00,0,0,0
5/10/2016 1:00,0,0,0
5/10/2016 2:00,0,0,0
5/10/2016 3:00,0,0,0
5/10/2016 4:00,0,0,0
5/10/2016 5:00,2,0,2
5/10/2016 6:00,5,2,3
5/10/2016 7:00,12,8,4
5/10/2016 8:00,24,12,12
5/10/2016 9:00,10,4,6
5/10/2016 10:00,10,4,6
5/10/2016 11:00,11,5,6
5/10/2016 12:00,8,8,0
5/10/2016 13:00,6,4,2
5/10/2016 14:00,18,13,5
5/10/2016 15:00,24,10,14
5/10/2016 16:00,15,7,8
5/10/2016 17:00,17,9,8
5/10/2016 18:00,20,15,5
5/10/2016 19:00,14,2,12
5/10/2016 20:00,9,5,4
5/10/2016 21:00,2,2,0
5/10/2016 22:00,3,2,1
5/10/2016 23:00,1,1,0
5/11/2016 0:00,1,0,1
5/11/2016 1:00,1,1,0
5/11/2016 2:00,0,0,0
5/11/2016 3:00,0,0,0
5/11/2016 4:00,0,0,0
5/11/2016 5:00,1,0,1
5/11/2016 6:00,2,0,2
5/11/2016 7:00,14,7,7
5/11/2016 8:00,25,12,13
5/11/2016 9:00,13,6,7
5/11/2016 10:00,5,2,3
5/11/2016 11:00,12,5,7
5/11/2016 12:00,7,6,1
5/11/2016 13:00,9,5,4
5/11/2016 14:00,11,1,10
5/11/2016 15:00,12,6,6
5/11/2016 16:00,8,5,3
5/11/2016 17:00,32,12,20
5/11/2016 18:00,31,14,17
5/11/2016 19:00,24,11,13
5/11/2016 20:00,9,7,2
5/11/2016 21:00,4,4,0
5/11/2016 22:00,1,1,0
5/11/2016 23:00,1,0,1
5/12/2016 0:00,0,0,0
5/12/2016 1:00,3,2,1
5/12/2016 2:00,0,0,0
5/12/2016 3:00,0,0,0
5/12/2016 4:00,1,1,0
5/12/2016 5:00,1,0,1
5/12/2016 6:00,3,1,2
5/12/2016 7:00,12,6,6
5/12/2016 8:00,13,6,7
5/12/2016 9:00,12,5,7
5/12/2016 10:00,8,3,5
5/12/2016 11:00,8,3,5
5/12/2016 12:00,7,4,3
5/12/2016 13:00,3,1,2
5/12/2016 14:00,14,9,5
5/12/2016 15:00,14,9,5
5/12/2016 16:00,10,6,4
5/12/2016 17:00,33,17,16
5/12/2016 18:00,22,15,7
5/12/2016 19:00,13,8,5
5/12/2016 20:00,6,3,3
5/12/2016 21:00,11,7,4
5/12/2016 22:00,5,3,2
5/12/2016 23:00,2,0,2
5/13/2016 0:00,0,0,0
5/13/2016 1:00,0,0,0
5/13/2016 2:00,1,1,0
5/13/2016 3:00,0,0,0
5/13/2016 4:00,0,0,0
5/13/2016 5:00,0,0,0
5/13/2016 6:00,2,0,2
5/13/2016 7:00,11,5,6
5/13/2016 8:00,24,11,13
5/13/2016 9:00,15,8,7
5/13/2016 10:00,8,4,4
5/13/2016 11:00,8,3,5
5/13/2016 12:00,16,7,9
5/13/2016 13:00,14,10,4
5/13/2016 14:00,10,3,7
5/13/2016 15:00,7,4,3
5/13/2016 16:00,19,9,10
5/13/2016 17:00,24,14,10
5/13/2016 18:00,20,8,12
5/13/2016 19:00,5,0,5
5/13/2016 20:00,9,6,3
5/13/2016 21:00,5,5,0
5/13/2016 22:00,7,4,3
5/13/2016 23:00,3,0,3
5/14/2016 0:00,0,0,0
5/14/2016 1:00,4,3,1
5/14/2016 2:00,0,0,0
5/14/2016 3:00,3,2,1
5/14/2016 4:00,0,0,0
5/14/2016 5:00,0,0,0
5/14/2016 6:00,1,0,1
5/14/2016 7:00,1,1,0
5/14/2016 8:00,5,2,3
5/14/2016 9:00,17,11,6
5/14/2016 10:00,6,4,2
5/14/2016 11:00,8,5,3
5/14/2016 12:00,17,10,7
5/14/2016 13:00,2,1,1
5/14/2016 14:00,6,3,3
5/14/2016 15:00,2,2,0
5/14/2016 16:00,10,6,4
5/14/2016 17:00,7,5,2
5/14/2016 18:00,4,1,3
5/14/2016 19:00,1,0,1
5/14/2016 20:00,6,5,1
5/14/2016 21:00,0,0,0
5/14/2016 22:00,1,0,1
5/14/2016 23:00,0,0,0
5/15/2016 0:00,0,0,0
5/15/2016 1:00,0,0,0
5/15/2016 2:00,0,0,0
5/15/2016 3:00,4,2,2
5/15/2016 4:00,0,0,0
5/15/2016 5:00,0,0,0
5/15/2016 6:00,2,0,2
5/15/2016 7:00,3,2,1
5/15/2016 8:00,3,1,2
5/15/2016 9:00,4,2,2
5/15/2016 10:00,6,5,1
5/15/2016 11:00,3,0,3
5/15/2016 12:00,4,3,1
5/15/2016 13:00,16,8,8
5/15/2016 14:00,10,4,6
5/15/2016 15:00,8,2,6
5/15/2016 16:00,11,8,3
5/15/2016 17:00,4,3,1
5/15/2016 18:00,3,2,1
5/15/2016 19:00,3,1,2
5/15/2016 20:00,5,4,1
5/15/2016 21:00,1,1,0
5/15/2016 22:00,0,0,0
5/15/2016 23:00,0,0,0
5/16/2016 0:00,1,1,0
5/16/2016 1:00,1,0,1
5/16/2016 2:00,0,0,0
5/16/2016 3:00,0,0,0
5/16/2016 4:00,0,0,0
5/16/2016 5:00,1,0,1
5/16/2016 6:00,1,0,1
5/16/2016 7:00,9,3,6
5/16/2016 8:00,12,6,6
5/16/2016 9:00,11,6,5
5/16/2016 10:00,6,2,4
5/16/2016 11:00,8,3,5
5/16/2016 12:00,12,6,6
5/16/2016 13:00,5,2,3
5/16/2016 14:00,11,5,6
5/16/2016 15:00,4,2,2
5/16/2016 16:00,10,8,2
5/16/2016 17:00,17,9,8
5/16/2016 18:00,15,8,7
5/16/2016 19:00,15,6,9
5/16/2016 20:00,6,5,1
5/16/2016 21:00,2,2,0
5/16/2016 22:00,3,0,3
5/16/2016 23:00,1,0,1
5/17/2016 0:00,0,0,0
5/17/2016 1:00,0,0,0
5/17/2016 2:00,0,0,0
5/17/2016 3:00,0,0,0
5/17/2016 4:00,0,0,0
5/17/2016 5:00,2,1,1
5/17/2016 6:00,3,1,2
5/17/2016 7:00,9,6,3
5/17/2016 8:00,20,7,13
5/17/2016 9:00,8,3,5
5/17/2016 10:00,19,6,13
5/17/2016 11:00,9,4,5
5/17/2016 12:00,14,8,6
5/17/2016 13:00,8,4,4
5/17/2016 14:00,6,2,4
5/17/2016 15:00,16,8,8
5/17/2016 16:00,15,10,5
5/17/2016 17:00,37,6,31
5/17/2016 18:00,22,8,14
5/17/2016 19:00,30,21,9
5/17/2016 20:00,13,8,5
5/17/2016 21:00,4,1,3
5/17/2016 22:00,3,3,0
5/17/2016 23:00,2,2,0
5/18/2016 0:00,0,0,0
5/18/2016 1:00,0,0,0
5/18/2016 2:00,0,0,0
5/18/2016 3:00,2,2,0
5/18/2016 4:00,0,0,0
5/18/2016 5:00,3,2,1
5/18/2016 6:00,2,1,1
5/18/2016 7:00,15,7,8
5/18/2016 8:00,11,4,7
5/18/2016 9:00,15,8,7
5/18/2016 10:00,12,8,4
5/18/2016 11:00,5,2,3
5/18/2016 12:00,9,4,5
5/18/2016 13:00,9,5,4
5/18/2016 14:00,6,4,2
5/18/2016 15:00,11,5,6
5/18/2016 16:00,6,3,3
5/18/2016 17:00,9,6,3
5/18/2016 18:00,20,12,8
5/18/2016 19:00,17,11,6
5/18/2016 20:00,7,3,4
5/18/2016 21:00,7,6,1
5/18/2016 22:00,1,1,0
5/18/2016 23:00,0,0,0
5/19/2016 0:00,0,0,0
5/19/2016 1:00,0,0,0
5/19/2016 2:00,0,0,0
5/19/2016 3:00,0,0,0
5/19/2016 4:00,0,0,0
5/19/2016 5:00,1,0,1
5/19/2016 6:00,2,0,2
5/19/2016 7:00,10,5,5
5/19/2016 8:00,13,5,8
5/19/2016 9:00,8,4,4
5/19/2016 10:00,7,3,4
5/19/2016 11:00,11,4,7
5/19/2016 12:00,5,2,3
5/19/2016 13:00,9,3,6
5/19/2016 14:00,4,3,1
5/19/2016 15:00,7,4,3
5/19/2016 16:00,11,8,3
5/19/2016 17:00,9,6,3
5/19/2016 18:00,14,7,7
5/19/2016 19:00,12,5,7
5/19/2016 20:00,3,1,2
5/19/2016 21:00,5,5,0
5/19/2016 22:00,5,3,2
5/19/2016 23:00,0,0,0
5/20/2016 0:00,0,0,0
5/20/2016 1:00,0,0,0
5/20/2016 2:00,1,1,0
5/20/2016 3:00,0,0,0
5/20/2016 4:00,0,0,0
5/20/2016 5:00,1,1,0
5/20/2016 6:00,4,2,2
5/20/2016 7:00,18,8,10
5/20/2016 8:00,20,16,4
5/20/2016 9:00,9,4,5
5/20/2016 10:00,13,5,8
5/20/2016 11:00,14,7,7
5/20/2016 12:00,10,8,2
5/20/2016 13:00,5,1,4
5/20/2016 14:00,8,4,4
5/20/2016 15:00,11,3,8
5/20/2016 16:00,22,14,8
5/20/2016 17:00,17,11,6
5/20/2016 18:00,15,9,6
5/20/2016 19:00,8,4,4
5/20/2016 20:00,11,8,3
5/20/2016 21:00,1,0,1
5/20/2016 22:00,4,2,2
5/20/2016 23:00,2,2,0
5/21/2016 0:00,0,0,0
5/21/2016 1:00,1,0,1
5/21/2016 2:00,1,0,1
5/21/2016 3:00,0,0,0
5/21/2016 4:00,0,0,0
5/21/2016 5:00,0,0,0
5/21/2016 6:00,1,0,1
5/21/2016 7:00,0,0,0
5/21/2016 8:00,2,2,0
5/21/2016 9:00,5,3,2
5/21/2016 10:00,3,1,2
5/21/2016 11:00,2,1,1
5/21/2016 12:00,2,1,1
5/21/2016 13:00,3,3,0
5/21/2016 14:00,8,3,5
5/21/2016 15:00,9,2,7
5/21/2016 16:00,8,5,3
5/21/2016 17:00,17,11,6
5/21/2016 18:00,4,2,2
5/21/2016 19:00,2,0,2
5/21/2016 20:00,5,2,3
5/21/2016 21:00,1,1,0
5/21/2016 22:00,5,4,1
5/21/2016 23:00,3,1,2
5/22/2016 0:00,3,3,0
5/22/2016 1:00,1,1,0
5/22/2016 2:00,1,1,0
5/22/2016 3:00,0,0,0
5/22/2016 4:00,0,0,0
5/22/2016 5:00,1,0,1
5/22/2016 6:00,0,0,0
5/22/2016 7:00,1,0,1
5/22/2016 8:00,3,2,1
5/22/2016 9:00,8,2,6
5/22/2016 10:00,12,6,6
5/22/2016 11:00,22,6,16
5/22/2016 12:00,26,9,17
5/22/2016 13:00,22,17,5
5/22/2016 14:00,33,20,13
5/22/2016 15:00,16,7,9
5/22/2016 16:00,19,11,8
5/22/2016 17:00,12,8,4
5/22/2016 18:00,3,2,1
5/22/2016 19:00,2,1,1
5/22/2016 20:00,0,0,0
5/22/2016 21:00,2,1,1
5/22/2016 22:00,1,0,1
5/22/2016 23:00,1,0,1
5/23/2016 0:00,0,0,0
5/23/2016 1:00,0,0,0
5/23/2016 2:00,2,1,1
5/23/2016 3:00,2,2,0
5/23/2016 4:00,0,0,0
5/23/2016 5:00,1,0,1
5/23/2016 6:00,0,0,0
5/23/2016 7:00,8,2,6
5/23/2016 8:00,21,11,10
5/23/2016 9:00,12,5,7
5/23/2016 10:00,8,2,6
5/23/2016 11:00,11,2,9
5/23/2016 12:00,7,4,3
5/23/2016 13:00,10,5,5
5/23/2016 14:00,5,2,3
5/23/2016 15:00,11,4,7
5/23/2016 16:00,14,10,4
5/23/2016 17:00,16,9,7
5/23/2016 18:00,19,8,11
5/23/2016 19:00,15,9,6
5/23/2016 20:00,8,5,3
5/23/2016 21:00,0,0,0
5/23/2016 22:00,2,1,1
5/23/2016 23:00,0,0,0
5/24/2016 0:00,0,0,0
5/24/2016 1:00,0,0,0
5/24/2016 2:00,0,0,0
5/24/2016 3:00,0,0,0
5/24/2016 4:00,0,0,0
5/24/2016 5:00,2,1,1
5/24/2016 6:00,1,0,1
5/24/2016 7:00,15,8,7
5/24/2016 8:00,19,10,9
5/24/2016 9:00,13,6,7
5/24/2016 10:00,7,1,6
5/24/2016 11:00,3,3,0
5/24/2016 12:00,8,2,6
5/24/2016 13:00,12,8,4
5/24/2016 14:00,4,2,2
5/24/2016 15:00,10,4,6
5/24/2016 16:00,11,7,4
5/24/2016 17:00,23,12,11
5/24/2016 18:00,19,8,11
5/24/2016 19:00,18,5,13
5/24/2016 20:00,9,4,5
5/24/2016 21:00,5,4,1
5/24/2016 22:00,3,2,1
5/24/2016 23:00,0,0,0
5/25/2016 0:00,0,0,0
5/25/2016 1:00,0,0,0
5/25/2016 2:00,1,1,0
5/25/2016 3:00,0,0,0
5/25/2016 4:00,0,0,0
5/25/2016 5:00,0,0,0
5/25/2016 6:00,3,0,3
5/25/2016 7:00,9,3,6
5/25/2016 8:00,16,12,4
5/25/2016 9:00,12,7,5
5/25/2016 10:00,7,2,5
5/25/2016 11:00,7,2,5
5/25/2016 12:00,4,1,3
5/25/2016 13:00,4,3,1
5/25/2016 14:00,6,3,3
5/25/2016 15:00,2,2,0
5/25/2016 16:00,19,15,4
5/25/2016 17:00,12,8,4
5/25/2016 18:00,22,15,7
5/25/2016 19:00,9,5,4
5/25/2016 20:00,6,3,3
5/25/2016 21:00,4,1,3
5/25/2016 22:00,2,1,1
5/25/2016 23:00,0,0,0
5/26/2016 0:00,1,1,0
5/26/2016 1:00,0,0,0
5/26/2016 2:00,0,0,0
5/26/2016 3:00,0,0,0
5/26/2016 4:00,0,0,0
5/26/2016 5:00,2,0,2
5/26/2016 6:00,2,0,2
5/26/2016 7:00,10,5,5
5/26/2016 8:00,14,6,8
5/26/2016 9:00,14,5,9
5/26/2016 10:00,9,5,4
5/26/2016 11:00,6,4,2
5/26/2016 12:00,4,1,3
5/26/2016 13:00,12,4,8
5/26/2016 14:00,5,2,3
5/26/2016 15:00,7,2,5
5/26/2016 16:00,5,1,4
5/26/2016 17:00,14,8,6
5/26/2016 18:00,16,8,8
5/26/2016 19:00,16,13,3
5/26/2016 20:00,5,4,1
5/26/2016 21:00,6,5,1
5/26/2016 22:00,4,1,3
5/26/2016 23:00,1,1,0
5/27/2016 0:00,0,0,0
5/27/2016 1:00,0,0,0
5/27/2016 2:00,0,0,0
5/27/2016 3:00,0,0,0
5/27/2016 4:00,0,0,0
5/27/2016 5:00,0,0,0
5/27/2016 6:00,2,0,2
5/27/2016 7:00,7,4,3
5/27/2016 8:00,14,9,5
5/27/2016 9:00,4,4,0
5/27/2016 10:00,10,3,7
5/27/2016 11:00,8,5,3
5/27/2016 12:00,4,4,0
5/27/2016 13:00,12,6,6
5/27/2016 14:00,9,8,1
5/27/2016 15:00,6,5,1
5/27/2016 16:00,17,9,8
5/27/2016 17:00,16,14,2
5/27/2016 18:00,4,1,3
5/27/2016 19:00,8,1,7
5/27/2016 20:00,4,3,1
5/27/2016 21:00,0,0,0
5/27/2016 22:00,1,0,1
5/27/2016 23:00,1,0,1
5/28/2016 0:00,0,0,0
5/28/2016 1:00,0,0,0
5/28/2016 2:00,0,0,0
5/28/2016 3:00,0,0,0
5/28/2016 4:00,0,0,0
5/28/2016 5:00,0,0,0
5/28/2016 6:00,1,0,1
5/28/2016 7:00,2,1,1
5/28/2016 8:00,2,0,2
5/28/2016 9:00,5,3,2
5/28/2016 10:00,7,1,6
5/28/2016 11:00,10,3,7
5/28/2016 12:00,10,6,4
5/28/2016 13:00,3,3,0
5/28/2016 14:00,5,2,3
5/28/2016 15:00,4,3,1
5/28/2016 16:00,11,6,5
5/28/2016 17:00,3,1,2
5/28/2016 18:00,8,4,4
5/28/2016 19:00,10,7,3
5/28/2016 20:00,1,1,0
5/28/2016 21:00,0,0,0
5/28/2016 22:00,2,0,2
5/28/2016 23:00,0,0,0
5/29/2016 0:00,0,0,0
5/29/2016 1:00,1,0,1
5/29/2016 2:00,2,0,2
5/29/2016 3:00,0,0,0
5/29/2016 4:00,0,0,0
5/29/2016 5:00,0,0,0
5/29/2016 6:00,1,0,1
5/29/2016 7:00,3,1,2
5/29/2016 8:00,1,0,1
5/29/2016 9:00,2,2,0
5/29/2016 10:00,0,0,0
5/29/2016 11:00,5,0,5
5/29/2016 12:00,4,0,4
5/29/2016 13:00,13,8,5
5/29/2016 14:00,6,3,3
5/29/2016 15:00,9,4,5
5/29/2016 16:00,3,2,1
5/29/2016 17:00,7,2,5
5/29/2016 18:00,10,3,7
5/29/2016 19:00,4,1,3
5/29/2016 20:00,2,0,2
5/29/2016 21:00,3,3,0
5/29/2016 22:00,2,0,2
5/29/2016 23:00,4,3,1
5/30/2016 0:00,2,2,0
5/30/2016 1:00,0,0,0
5/30/2016 2:00,0,0,0
5/30/2016 3:00,0,0,0
5/30/2016 4:00,1,1,0
5/30/2016 5:00,0,0,0
5/30/2016 6:00,0,0,0
5/30/2016 7:00,1,1,0
5/30/2016 8:00,3,1,2
5/30/2016 9:00,10,2,8
5/30/2016 10:00,19,9,10
5/30/2016 11:00,33,10,23
5/30/2016 12:00,26,12,14
5/30/2016 13:00,20,15,5
5/30/2016 14:00,37,14,23
5/30/2016 15:00,16,9,7
5/30/2016 16:00,20,12,8
5/30/2016 17:00,17,11,6
5/30/2016 18:00,16,13,3
5/30/2016 19:00,13,7,6
5/30/2016 20:00,3,1,2
5/30/2016 21:00,2,1,1
5/30/2016 22:00,6,1,5
5/30/2016 23:00,0,0,0
5/31/2016 0:00,0,0,0
5/31/2016 1:00,1,0,1
5/31/2016 2:00,0,0,0
5/31/2016 3:00,0,0,0
5/31/2016 4:00,0,0,0
5/31/2016 5:00,1,0,1
5/31/2016 6:00,3,1,2
5/31/2016 7:00,7,5,2
5/31/2016 8:00,17,4,13
5/31/2016 9:00,9,6,3
5/31/2016 10:00,9,5,4
5/31/2016 11:00,12,3,9
5/31/2016 12:00,13,6,7
5/31/2016 13:00,7,3,4
5/31/2016 14:00,11,5,6
5/31/2016 15:00,8,4,4
5/31/2016 16:00,10,6,4
5/31/2016 17:00,23,10,13
5/31/2016 18:00,15,9,6
5/31/2016 19:00,18,5,13
5/31/2016 20:00,8,7,1
5/31/2016 21:00,6,4,2
5/31/2016 22:00,3,3,0
5/31/2016 23:00,2,1,1
6/1/2016 0:00,1,0,1
6/1/2016 1:00,0,0,0
6/1/2016 2:00,0,0,0
6/1/2016 3:00,1,1,0
6/1/2016 4:00,0,0,0
6/1/2016 5:00,1,0,1
6/1/2016 6:00,3,0,3
6/1/2016 7:00,19,11,8
6/1/2016 8:00,16,8,8
6/1/2016 9:00,11,6,5
6/1/2016 10:00,8,5,3
6/1/2016 11:00,6,2,4
6/1/2016 12:00,15,7,8
6/1/2016 13:00,4,0,4
6/1/2016 14:00,2,0,2
6/1/2016 15:00,7,1,6
6/1/2016 16:00,16,6,10
6/1/2016 17:00,18,10,8
6/1/2016 18:00,21,12,9
6/1/2016 19:00,19,11,8
6/1/2016 20:00,6,2,4
6/1/2016 21:00,8,3,5
6/1/2016 22:00,5,5,0
6/1/2016 23:00,1,1,0
6/2/2016 0:00,0,0,0
6/2/2016 1:00,1,1,0
6/2/2016 2:00,0,0,0
6/2/2016 3:00,0,0,0
6/2/2016 4:00,0,0,0
6/2/2016 5:00,1,0,1
6/2/2016 6:00,4,2,2
6/2/2016 7:00,6,5,1
6/2/2016 8:00,13,4,9
6/2/2016 9:00,13,6,7
6/2/2016 10:00,5,4,1
6/2/2016 11:00,6,4,2
6/2/2016 12:00,8,6,2
6/2/2016 13:00,5,1,4
6/2/2016 14:00,8,6,2
6/2/2016 15:00,9,4,5
6/2/2016 16:00,13,8,5
6/2/2016 17:00,19,12,7
6/2/2016 18:00,11,8,3
6/2/2016 19:00,10,3,7
6/2/2016 20:00,4,1,3
6/2/2016 21:00,4,3,1
6/2/2016 22:00,2,0,2
6/2/2016 23:00,2,1,1
6/3/2016 0:00,2,1,1
6/3/2016 1:00,0,0,0
6/3/2016 2:00,0,0,0
6/3/2016 3:00,0,0,0
6/3/2016 4:00,0,0,0
6/3/2016 5:00,0,0,0
6/3/2016 6:00,1,1,0
6/3/2016 7:00,12,6,6
6/3/2016 8:00,18,8,10
6/3/2016 9:00,15,7,8
6/3/2016 10:00,15,7,8
6/3/2016 11:00,7,3,4
6/3/2016 12:00,10,6,4
6/3/2016 13:00,15,5,10
6/3/2016 14:00,11,5,6
6/3/2016 15:00,21,9,12
6/3/2016 16:00,22,14,8
6/3/2016 17:00,21,13,8
6/3/2016 18:00,14,2,12
6/3/2016 19:00,17,4,13
6/3/2016 20:00,16,8,8
6/3/2016 21:00,5,4,1
6/3/2016 22:00,1,1,0
6/3/2016 23:00,2,2,0
6/4/2016 0:00,1,1,0
6/4/2016 1:00,0,0,0
6/4/2016 2:00,0,0,0
6/4/2016 3:00,0,0,0
6/4/2016 4:00,0,0,0
6/4/2016 5:00,4,2,2
6/4/2016 6:00,2,1,1
6/4/2016 7:00,7,2,5
6/4/2016 8:00,9,6,3
6/4/2016 9:00,14,10,4
6/4/2016 10:00,24,10,14
6/4/2016 11:00,22,14,8
6/4/2016 12:00,28,13,15
6/4/2016 13:00,12,5,7
6/4/2016 14:00,26,11,15
6/4/2016 15:00,22,9,13
6/4/2016 16:00,12,7,5
6/4/2016 17:00,16,13,3
6/4/2016 18:00,11,5,6
6/4/2016 19:00,8,8,0
6/4/2016 20:00,14,7,7
6/4/2016 21:00,13,10,3
6/4/2016 22:00,1,0,1
6/4/2016 23:00,2,1,1
6/5/2016 0:00,3,3,0
6/5/2016 1:00,0,0,0
6/5/2016 2:00,0,0,0
6/5/2016 3:00,1,0,1
6/5/2016 4:00,0,0,0
6/5/2016 5:00,1,0,1
6/5/2016 6:00,1,0,1
6/5/2016 7:00,3,1,2
6/5/2016 8:00,5,2,3
6/5/2016 9:00,11,5,6
6/5/2016 10:00,17,4,13
6/5/2016 11:00,18,9,9
6/5/2016 12:00,20,12,8
6/5/2016 13:00,32,14,18
6/5/2016 14:00,24,10,14
6/5/2016 15:00,30,19,11
6/5/2016 16:00,18,12,6
6/5/2016 17:00,12,5,7
6/5/2016 18:00,11,6,5
6/5/2016 19:00,12,2,10
6/5/2016 20:00,4,2,2
6/5/2016 21:00,5,2,3
6/5/2016 22:00,3,3,0
6/5/2016 23:00,0,0,0
6/6/2016 0:00,1,1,0
6/6/2016 1:00,0,0,0
6/6/2016 2:00,0,0,0
6/6/2016 3:00,3,0,3
6/6/2016 4:00,1,1,0
6/6/2016 5:00,0,0,0
6/6/2016 6:00,1,0,1
6/6/2016 7:00,6,1,5
6/6/2016 8:00,26,12,14
6/6/2016 9:00,11,6,5
6/6/2016 10:00,10,4,6
6/6/2016 11:00,9,2,7
6/6/2016 12:00,8,5,3
6/6/2016 13:00,10,6,4
6/6/2016 14:00,16,5,11
6/6/2016 15:00,13,2,11
6/6/2016 16:00,16,8,8
6/6/2016 17:00,25,20,5
6/6/2016 18:00,30,16,14
6/6/2016 19:00,26,12,14
6/6/2016 20:00,6,5,1
6/6/2016 21:00,10,9,1
6/6/2016 22:00,5,4,1
6/6/2016 23:00,0,0,0
6/7/2016 0:00,0,0,0
6/7/2016 1:00,0,0,0
6/7/2016 2:00,1,1,0
6/7/2016 3:00,0,0,0
6/7/2016 4:00,0,0,0
6/7/2016 5:00,0,0,0
6/7/2016 6:00,3,1,2
6/7/2016 7:00,8,5,3
6/7/2016 8:00,16,7,9
6/7/2016 9:00,11,4,7
6/7/2016 10:00,15,7,8
6/7/2016 11:00,4,1,3
6/7/2016 12:00,14,8,6
6/7/2016 13:00,7,1,6
6/7/2016 14:00,5,0,5
6/7/2016 15:00,7,5,2
6/7/2016 16:00,13,8,5
6/7/2016 17:00,24,12,12
6/7/2016 18:00,25,9,16
6/7/2016 19:00,17,16,1
6/7/2016 20:00,14,9,5
6/7/2016 21:00,2,0,2
6/7/2016 22:00,0,0,0
6/7/2016 23:00,0,0,0
6/8/2016 0:00,4,4,0
6/8/2016 1:00,0,0,0
6/8/2016 2:00,1,0,1
6/8/2016 3:00,0,0,0
6/8/2016 4:00,0,0,0
6/8/2016 5:00,0,0,0
6/8/2016 6:00,5,3,2
6/8/2016 7:00,7,3,4
6/8/2016 8:00,16,8,8
6/8/2016 9:00,12,7,5
6/8/2016 10:00,5,2,3
6/8/2016 11:00,3,3,0
6/8/2016 12:00,7,2,5
6/8/2016 13:00,4,0,4
6/8/2016 14:00,5,4,1
6/8/2016 15:00,6,3,3
6/8/2016 16:00,10,4,6
6/8/2016 17:00,16,10,6
6/8/2016 18:00,17,11,6
6/8/2016 19:00,12,6,6
6/8/2016 20:00,11,7,4
6/8/2016 21:00,7,2,5
6/8/2016 22:00,4,2,2
6/8/2016 23:00,14,9,5
6/9/2016 0:00,1,1,0
6/9/2016 1:00,1,0,1
6/9/2016 2:00,3,0,3
6/9/2016 3:00,0,0,0
6/9/2016 4:00,0,0,0
6/9/2016 5:00,1,0,1
6/9/2016 6:00,3,1,2
6/9/2016 7:00,7,6,1
6/9/2016 8:00,13,6,7
6/9/2016 9:00,7,4,3
6/9/2016 10:00,14,5,9
6/9/2016 11:00,10,2,8
6/9/2016 12:00,6,6,0
6/9/2016 13:00,4,2,2
6/9/2016 14:00,2,1,1
6/9/2016 15:00,2,1,1
6/9/2016 16:00,11,7,4
6/9/2016 17:00,5,3,2
6/9/2016 18:00,20,11,9
6/9/2016 19:00,12,5,7
6/9/2016 20:00,8,5,3
6/9/2016 21:00,3,2,1
6/9/2016 22:00,3,1,2
6/9/2016 23:00,1,1,0
6/10/2016 0:00,0,0,0
6/10/2016 1:00,0,0,0
6/10/2016 2:00,1,0,1
6/10/2016 3:00,0,0,0
6/10/2016 4:00,0,0,0
6/10/2016 5:00,2,0,2
6/10/2016 6:00,2,2,0
6/10/2016 7:00,8,4,4
6/10/2016 8:00,10,4,6
6/10/2016 9:00,8,5,3
6/10/2016 10:00,9,5,4
6/10/2016 11:00,4,1,3
6/10/2016 12:00,11,3,8
6/10/2016 13:00,19,9,10
6/10/2016 14:00,10,7,3
6/10/2016 15:00,3,1,2
6/10/2016 16:00,10,4,6
6/10/2016 17:00,11,6,5
6/10/2016 18:00,2,1,1
6/10/2016 19:00,6,5,1
6/10/2016 20:00,5,3,2
6/10/2016 21:00,4,2,2
6/10/2016 22:00,0,0,0
6/10/2016 23:00,6,4,2
6/11/2016 0:00,1,1,0
6/11/2016 1:00,0,0,0
6/11/2016 2:00,0,0,0
6/11/2016 3:00,2,2,0
6/11/2016 4:00,0,0,0
6/11/2016 5:00,1,1,0
6/11/2016 6:00,0,0,0
6/11/2016 7:00,7,4,3
6/11/2016 8:00,2,1,1
6/11/2016 9:00,4,3,1
6/11/2016 10:00,7,2,5
6/11/2016 11:00,25,12,13
6/11/2016 12:00,16,6,10
6/11/2016 13:00,13,9,4
6/11/2016 14:00,9,7,2
6/11/2016 15:00,13,5,8
6/11/2016 16:00,10,8,2
6/11/2016 17:00,14,9,5
6/11/2016 18:00,9,5,4
6/11/2016 19:00,3,0,3
6/11/2016 20:00,8,5,3
6/11/2016 21:00,5,3,2
6/11/2016 22:00,1,1,0
6/11/2016 23:00,0,0,0
6/12/2016 0:00,0,0,0
6/12/2016 1:00,0,0,0
6/12/2016 2:00,0,0,0
6/12/2016 3:00,0,0,0
6/12/2016 4:00,0,0,0
6/12/2016 5:00,0,0,0
6/12/2016 6:00,0,0,0
6/12/2016 7:00,0,0,0
6/12/2016 8:00,6,2,4
6/12/2016 9:00,11,4,7
6/12/2016 10:00,17,12,5
6/12/2016 11:00,21,9,12
6/12/2016 12:00,7,3,4
6/12/2016 13:00,20,7,13
6/12/2016 14:00,21,10,11
6/12/2016 15:00,22,10,12
6/12/2016 16:00,21,12,9
6/12/2016 17:00,16,5,11
6/12/2016 18:00,23,13,10
6/12/2016 19:00,16,7,9
6/12/2016 20:00,7,2,5
6/12/2016 21:00,7,5,2
6/12/2016 22:00,4,3,1
6/12/2016 23:00,3,1,2
6/13/2016 0:00,0,0,0
6/13/2016 1:00,1,0,1
6/13/2016 2:00,0,0,0
6/13/2016 3:00,1,1,0
6/13/2016 4:00,0,0,0
6/13/2016 5:00,2,1,1
6/13/2016 6:00,0,0,0
6/13/2016 7:00,6,3,3
6/13/2016 8:00,14,4,10
6/13/2016 9:00,19,5,14
6/13/2016 10:00,2,0,2
6/13/2016 11:00,2,1,1
6/13/2016 12:00,4,0,4
6/13/2016 13:00,4,0,4
6/13/2016 14:00,17,13,4
6/13/2016 15:00,11,5,6
6/13/2016 16:00,11,4,7
6/13/2016 17:00,9,7,2
6/13/2016 18:00,17,9,8
6/13/2016 19:00,4,2,2
6/13/2016 20:00,3,1,2
6/13/2016 21:00,5,5,0
6/13/2016 22:00,3,2,1
6/13/2016 23:00,3,1,2
6/14/2016 0:00,0,0,0
6/14/2016 1:00,0,0,0
6/14/2016 2:00,0,0,0
6/14/2016 3:00,0,0,0
6/14/2016 4:00,3,1,2
6/14/2016 5:00,1,0,1
6/14/2016 6:00,4,3,1
6/14/2016 7:00,5,4,1
6/14/2016 8:00,8,3,5
6/14/2016 9:00,10,5,5
6/14/2016 10:00,8,0,8
6/14/2016 11:00,8,2,6
6/14/2016 12:00,9,4,5
6/14/2016 13:00,11,5,6
6/14/2016 14:00,9,4,5
6/14/2016 15:00,10,8,2
6/14/2016 16:00,8,7,1
6/14/2016 17:00,15,4,11
6/14/2016 18:00,21,10,11
6/14/2016 19:00,15,10,5
6/14/2016 20:00,1,0,1
6/14/2016 21:00,6,3,3
6/14/2016 22:00,0,0,0
6/14/2016 23:00,1,1,0
6/15/2016 0:00,0,0,0
6/15/2016 1:00,0,0,0
6/15/2016 2:00,0,0,0
6/15/2016 3:00,0,0,0
6/15/2016 4:00,0,0,0
6/15/2016 5:00,4,0,4
6/15/2016 6:00,0,0,0
6/15/2016 7:00,14,11,3
6/15/2016 8:00,9,5,4
6/15/2016 9:00,17,4,13
6/15/2016 10:00,5,3,2
6/15/2016 11:00,11,4,7
6/15/2016 12:00,14,6,8
6/15/2016 13:00,12,5,7
6/15/2016 14:00,4,2,2
6/15/2016 15:00,15,8,7
6/15/2016 16:00,11,7,4
6/15/2016 17:00,25,16,9
6/15/2016 18:00,27,15,12
6/15/2016 19:00,14,6,8
6/15/2016 20:00,12,7,5
6/15/2016 21:00,10,6,4
6/15/2016 22:00,7,7,0
6/15/2016 23:00,1,1,0
6/16/2016 0:00,1,0,1
6/16/2016 1:00,0,0,0
6/16/2016 2:00,0,0,0
6/16/2016 3:00,0,0,0
6/16/2016 4:00,0,0,0
6/16/2016 5:00,1,0,1
6/16/2016 6:00,1,0,1
6/16/2016 7:00,12,10,2
6/16/2016 8:00,10,4,6
6/16/2016 9:00,14,7,7
6/16/2016 10:00,6,0,6
6/16/2016 11:00,8,4,4
6/16/2016 12:00,5,2,3
6/16/2016 13:00,15,4,11
6/16/2016 14:00,10,7,3
6/16/2016 15:00,10,3,7
6/16/2016 16:00,13,7,6
6/16/2016 17:00,9,5,4
6/16/2016 18:00,19,13,6
6/16/2016 19:00,15,10,5
6/16/2016 20:00,11,9,2
6/16/2016 21:00,5,3,2
6/16/2016 22:00,3,1,2
6/16/2016 23:00,1,1,0
6/17/2016 0:00,0,0,0
6/17/2016 1:00,0,0,0
6/17/2016 2:00,2,0,2
6/17/2016 3:00,0,0,0
6/17/2016 4:00,1,1,0
6/17/2016 5:00,0,0,0
6/17/2016 6:00,2,0,2
6/17/2016 7:00,4,3,1
6/17/2016 8:00,15,5,10
6/17/2016 9:00,12,6,6
6/17/2016 10:00,6,3,3
6/17/2016 11:00,6,4,2
6/17/2016 12:00,14,7,7
6/17/2016 13:00,11,5,6
6/17/2016 14:00,9,5,4
6/17/2016 15:00,3,3,0
6/17/2016 16:00,10,7,3
6/17/2016 17:00,12,3,9
6/17/2016 18:00,8,5,3
6/17/2016 19:00,5,2,3
6/17/2016 20:00,9,7,2
6/17/2016 21:00,1,0,1
6/17/2016 22:00,4,1,3
6/17/2016 23:00,2,1,1
6/18/2016 0:00,0,0,0
6/18/2016 1:00,0,0,0
6/18/2016 2:00,0,0,0
6/18/2016 3:00,0,0,0
6/18/2016 4:00,0,0,0
6/18/2016 5:00,0,0,0
6/18/2016 6:00,2,2,0
6/18/2016 7:00,0,0,0
6/18/2016 8:00,4,1,3
6/18/2016 9:00,7,4,3
6/18/2016 10:00,9,4,5
6/18/2016 11:00,3,1,2
6/18/2016 12:00,12,9,3
6/18/2016 13:00,10,2,8
6/18/2016 14:00,23,19,4
6/18/2016 15:00,6,4,2
6/18/2016 16:00,7,5,2
6/18/2016 17:00,12,6,6
6/18/2016 18:00,1,1,0
6/18/2016 19:00,0,0,0
6/18/2016 20:00,4,1,3
6/18/2016 21:00,3,3,0
6/18/2016 22:00,1,0,1
6/18/2016 23:00,0,0,0
6/19/2016 0:00,1,1,0
6/19/2016 1:00,0,0,0
6/19/2016 2:00,0,0,0
6/19/2016 3:00,0,0,0
6/19/2016 4:00,0,0,0
6/19/2016 5:00,0,0,0
6/19/2016 6:00,1,0,1
6/19/2016 7:00,4,2,2
6/19/2016 8:00,2,2,0
6/19/2016 9:00,4,3,1
6/19/2016 10:00,15,2,13
6/19/2016 11:00,8,5,3
6/19/2016 12:00,9,3,6
6/19/2016 13:00,18,8,10
6/19/2016 14:00,22,11,11
6/19/2016 15:00,10,4,6
6/19/2016 16:00,24,14,10
6/19/2016 17:00,28,16,12
6/19/2016 18:00,8,7,1
6/19/2016 19:00,3,3,0
6/19/2016 20:00,4,1,3
6/19/2016 21:00,2,2,0
6/19/2016 22:00,0,0,0
6/19/2016 23:00,0,0,0
6/20/2016 0:00,1,1,0
6/20/2016 1:00,0,0,0
6/20/2016 2:00,0,0,0
6/20/2016 3:00,0,0,0
6/20/2016 4:00,0,0,0
6/20/2016 5:00,1,1,0
6/20/2016 6:00,4,1,3
6/20/2016 7:00,10,6,4
6/20/2016 8:00,13,4,9
6/20/2016 9:00,10,6,4
6/20/2016 10:00,9,1,8
6/20/2016 11:00,5,0,5
6/20/2016 12:00,11,4,7
6/20/2016 13:00,10,6,4
6/20/2016 14:00,4,3,1
6/20/2016 15:00,11,5,6
6/20/2016 16:00,9,3,6
6/20/2016 17:00,14,10,4
6/20/2016 18:00,18,9,9
6/20/2016 19:00,15,6,9
6/20/2016 20:00,11,5,6
6/20/2016 21:00,7,2,5
6/20/2016 22:00,5,2,3
6/20/2016 23:00,0,0,0
6/21/2016 0:00,0,0,0
6/21/2016 1:00,0,0,0
6/21/2016 2:00,0,0,0
6/21/2016 3:00,0,0,0
6/21/2016 4:00,0,0,0
6/21/2016 5:00,1,0,1
6/21/2016 6:00,2,1,1
6/21/2016 7:00,10,6,4
6/21/2016 8:00,15,10,5
6/21/2016 9:00,9,2,7
6/21/2016 10:00,11,3,8
6/21/2016 11:00,8,4,4
6/21/2016 12:00,12,6,6
6/21/2016 13:00,11,4,7
6/21/2016 14:00,8,6,2
6/21/2016 15:00,11,5,6
6/21/2016 16:00,14,5,9
6/21/2016 17:00,14,7,7
6/21/2016 18:00,33,16,17
6/21/2016 19:00,19,3,16
6/21/2016 20:00,16,10,6
6/21/2016 21:00,7,3,4
6/21/2016 22:00,6,2,4
6/21/2016 23:00,1,1,0
6/22/2016 0:00,0,0,0
6/22/2016 1:00,0,0,0
6/22/2016 2:00,0,0,0
6/22/2016 3:00,0,0,0
6/22/2016 4:00,0,0,0
6/22/2016 5:00,1,0,1
6/22/2016 6:00,4,1,3
6/22/2016 7:00,8,6,2
6/22/2016 8:00,16,11,5
6/22/2016 9:00,8,1,7
6/22/2016 10:00,22,6,16
6/22/2016 11:00,8,4,4
6/22/2016 12:00,8,2,6
6/22/2016 13:00,7,4,3
6/22/2016 14:00,8,4,4
6/22/2016 15:00,9,8,1
6/22/2016 16:00,11,5,6
6/22/2016 17:00,15,7,8
6/22/2016 18:00,27,11,16
6/22/2016 19:00,15,9,6
6/22/2016 20:00,6,3,3
6/22/2016 21:00,3,3,0
6/22/2016 22:00,1,1,0
6/22/2016 23:00,2,2,0
6/23/2016 0:00,0,0,0
6/23/2016 1:00,0,0,0
6/23/2016 2:00,1,1,0
6/23/2016 3:00,1,0,1
6/23/2016 4:00,0,0,0
6/23/2016 5:00,4,2,2
6/23/2016 6:00,1,1,0
6/23/2016 7:00,9,7,2
6/23/2016 8:00,8,4,4
6/23/2016 9:00,11,6,5
6/23/2016 10:00,6,3,3
6/23/2016 11:00,8,1,7
6/23/2016 12:00,11,2,9
6/23/2016 13:00,7,2,5
6/23/2016 14:00,8,4,4
6/23/2016 15:00,6,6,0
6/23/2016 16:00,8,5,3
6/23/2016 17:00,7,4,3
6/23/2016 18:00,6,3,3
6/23/2016 19:00,6,2,4
6/23/2016 20:00,4,3,1
6/23/2016 21:00,4,4,0
6/23/2016 22:00,2,1,1
6/23/2016 23:00,0,0,0
6/24/2016 0:00,0,0,0
6/24/2016 1:00,0,0,0
6/24/2016 2:00,0,0,0
6/24/2016 3:00,0,0,0
6/24/2016 4:00,0,0,0
6/24/2016 5:00,1,0,1
6/24/2016 6:00,2,0,2
6/24/2016 7:00,4,2,2
6/24/2016 8:00,9,5,4
6/24/2016 9:00,7,3,4
6/24/2016 10:00,7,3,4
6/24/2016 11:00,6,2,4
6/24/2016 12:00,20,8,12
6/24/2016 13:00,6,2,4
6/24/2016 14:00,9,3,6
6/24/2016 15:00,17,8,9
6/24/2016 16:00,6,1,5
6/24/2016 17:00,9,3,6
6/24/2016 18:00,13,9,4
6/24/2016 19:00,7,3,4
6/24/2016 20:00,3,2,1
6/24/2016 21:00,4,4,0
6/24/2016 22:00,2,0,2
6/24/2016 23:00,4,2,2
6/25/2016 0:00,3,2,1
6/25/2016 1:00,2,1,1
6/25/2016 2:00,2,1,1
6/25/2016 3:00,0,0,0
6/25/2016 4:00,0,0,0
6/25/2016 5:00,1,1,0
6/25/2016 6:00,0,0,0
6/25/2016 7:00,2,1,1
6/25/2016 8:00,11,6,5
6/25/2016 9:00,11,5,6
6/25/2016 10:00,12,6,6
6/25/2016 11:00,18,8,10
6/25/2016 12:00,20,7,13
6/25/2016 13:00,12,8,4
6/25/2016 14:00,14,2,12
6/25/2016 15:00,12,5,7
6/25/2016 16:00,14,11,3
6/25/2016 17:00,14,7,7
6/25/2016 18:00,22,15,7
6/25/2016 19:00,2,2,0
6/25/2016 20:00,6,6,0
6/25/2016 21:00,5,2,3
6/25/2016 22:00,3,0,3
6/25/2016 23:00,4,4,0
6/26/2016 0:00,2,1,1
6/26/2016 1:00,0,0,0
6/26/2016 2:00,0,0,0
6/26/2016 3:00,0,0,0
6/26/2016 4:00,0,0,0
6/26/2016 5:00,0,0,0
6/26/2016 6:00,1,1,0
6/26/2016 7:00,0,0,0
6/26/2016 8:00,5,2,3
6/26/2016 9:00,18,5,13
6/26/2016 10:00,15,8,7
6/26/2016 11:00,23,13,10
6/26/2016 12:00,28,9,19
6/26/2016 13:00,32,8,24
6/26/2016 14:00,24,11,13
6/26/2016 15:00,30,20,10
6/26/2016 16:00,31,24,7
6/26/2016 17:00,19,14,5
6/26/2016 18:00,16,12,4
6/26/2016 19:00,7,5,2
6/26/2016 20:00,5,4,1
6/26/2016 21:00,8,3,5
6/26/2016 22:00,1,0,1
6/26/2016 23:00,0,0,0
6/27/2016 0:00,2,2,0
6/27/2016 1:00,0,0,0
6/27/2016 2:00,0,0,0
6/27/2016 3:00,0,0,0
6/27/2016 4:00,1,1,0
6/27/2016 5:00,1,0,1
6/27/2016 6:00,3,1,2
6/27/2016 7:00,13,5,8
6/27/2016 8:00,16,7,9
6/27/2016 9:00,8,5,3
6/27/2016 10:00,8,2,6
6/27/2016 11:00,6,1,5
6/27/2016 12:00,6,2,4
6/27/2016 13:00,11,7,4
6/27/2016 14:00,2,1,1
6/27/2016 15:00,9,4,5
6/27/2016 16:00,21,9,12
6/27/2016 17:00,23,8,15
6/27/2016 18:00,29,21,8
6/27/2016 19:00,13,9,4
6/27/2016 20:00,25,10,15
6/27/2016 21:00,12,8,4
6/27/2016 22:00,7,5,2
6/27/2016 23:00,5,3,2
6/28/2016 0:00,1,0,1
6/28/2016 1:00,0,0,0
6/28/2016 2:00,0,0,0
6/28/2016 3:00,0,0,0
6/28/2016 4:00,1,0,1
6/28/2016 5:00,0,0,0
6/28/2016 6:00,2,0,2
6/28/2016 7:00,7,5,2
6/28/2016 8:00,16,3,13
6/28/2016 9:00,8,6,2
6/28/2016 10:00,12,5,7
6/28/2016 11:00,5,2,3
6/28/2016 12:00,14,6,8
6/28/2016 13:00,8,5,3
6/28/2016 14:00,15,6,9
6/28/2016 15:00,18,10,8
6/28/2016 16:00,13,9,4
6/28/2016 17:00,15,9,6
6/28/2016 18:00,27,16,11
6/28/2016 19:00,27,11,16
6/28/2016 20:00,15,9,6
6/28/2016 21:00,14,10,4
6/28/2016 22:00,8,7,1
6/28/2016 23:00,1,1,0
6/29/2016 0:00,1,0,1
6/29/2016 1:00,2,0,2
6/29/2016 2:00,0,0,0
6/29/2016 3:00,0,0,0
6/29/2016 4:00,0,0,0
6/29/2016 5:00,2,2,0
6/29/2016 6:00,2,1,1
6/29/2016 7:00,8,4,4
6/29/2016 8:00,11,2,9
6/29/2016 9:00,13,3,10
6/29/2016 10:00,12,4,8
6/29/2016 11:00,10,6,4
6/29/2016 12:00,7,3,4
6/29/2016 13:00,16,8,8
6/29/2016 14:00,4,2,2
6/29/2016 15:00,8,5,3
6/29/2016 16:00,20,8,12
6/29/2016 17:00,30,14,16
6/29/2016 18:00,31,13,18
6/29/2016 19:00,22,12,10
6/29/2016 20:00,10,8,2
6/29/2016 21:00,11,7,4
6/29/2016 22:00,5,4,1
6/29/2016 23:00,0,0,0
6/30/2016 0:00,0,0,0
6/30/2016 1:00,0,0,0
6/30/2016 2:00,0,0,0
6/30/2016 3:00,0,0,0
6/30/2016 4:00,0,0,0
6/30/2016 5:00,1,0,1
6/30/2016 6:00,1,1,0
6/30/2016 7:00,14,9,5
6/30/2016 8:00,10,3,7
6/30/2016 9:00,8,5,3
6/30/2016 10:00,7,4,3
6/30/2016 11:00,2,0,2
6/30/2016 12:00,8,2,6
6/30/2016 13:00,5,2,3
6/30/2016 14:00,5,3,2
6/30/2016 15:00,5,4,1
6/30/2016 16:00,11,2,9
6/30/2016 17:00,28,18,10
6/30/2016 18:00,17,12,5
6/30/2016 19:00,13,5,8
6/30/2016 20:00,11,5,6
6/30/2016 21:00,9,3,6
6/30/2016 22:00,9,6,3
6/30/2016 23:00,3,2,1
7/1/2016 0:00,1,0,1
7/1/2016 1:00,0,0,0
7/1/2016 2:00,0,0,0
7/1/2016 3:00,2,1,1
7/1/2016 4:00,0,0,0
7/1/2016 5:00,1,0,1
7/1/2016 6:00,2,0,2
7/1/2016 7:00,9,6,3
7/1/2016 8:00,7,1,6
7/1/2016 9:00,5,3,2
7/1/2016 10:00,4,1,3
7/1/2016 11:00,19,4,15
7/1/2016 12:00,11,5,6
7/1/2016 13:00,17,8,9
7/1/2016 14:00,12,4,8
7/1/2016 15:00,9,5,4
7/1/2016 16:00,13,7,6
7/1/2016 17:00,24,16,8
7/1/2016 18:00,20,10,10
7/1/2016 19:00,15,6,9
7/1/2016 20:00,12,2,10
7/1/2016 21:00,5,4,1
7/1/2016 22:00,6,3,3
7/1/2016 23:00,5,2,3
7/2/2016 0:00,2,2,0
7/2/2016 1:00,1,0,1
7/2/2016 2:00,2,0,2
7/2/2016 3:00,0,0,0
7/2/2016 4:00,2,0,2
7/2/2016 5:00,3,3,0
7/2/2016 6:00,1,0,1
7/2/2016 7:00,0,0,0
7/2/2016 8:00,5,1,4
7/2/2016 9:00,8,6,2
7/2/2016 10:00,16,10,6
7/2/2016 11:00,10,3,7
7/2/2016 12:00,18,7,11
7/2/2016 13:00,22,9,13
7/2/2016 14:00,15,6,9
7/2/2016 15:00,16,5,11
7/2/2016 16:00,18,7,11
7/2/2016 17:00,18,6,12
7/2/2016 18:00,9,5,4
7/2/2016 19:00,10,8,2
7/2/2016 20:00,0,0,0
7/2/2016 21:00,4,2,2
7/2/2016 22:00,0,0,0
7/2/2016 23:00,3,2,1
7/3/2016 0:00,1,1,0
7/3/2016 1:00,0,0,0
7/3/2016 2:00,2,2,0
7/3/2016 3:00,1,1,0
7/3/2016 4:00,0,0,0
7/3/2016 5:00,0,0,0
7/3/2016 6:00,1,0,1
7/3/2016 7:00,2,2,0
7/3/2016 8:00,7,4,3
7/3/2016 9:00,9,5,4
7/3/2016 10:00,10,6,4
7/3/2016 11:00,30,21,9
7/3/2016 12:00,21,12,9
7/3/2016 13:00,20,10,10
7/3/2016 14:00,19,6,13
7/3/2016 15:00,18,5,13
7/3/2016 16:00,20,10,10
7/3/2016 17:00,15,6,9
7/3/2016 18:00,17,7,10
7/3/2016 19:00,13,5,8
7/3/2016 20:00,9,9,0
7/3/2016 21:00,4,4,0
7/3/2016 22:00,4,4,0
7/3/2016 23:00,0,0,0
7/4/2016 0:00,4,3,1
7/4/2016 1:00,2,2,0
7/4/2016 2:00,1,0,1
7/4/2016 3:00,0,0,0
7/4/2016 4:00,0,0,0
7/4/2016 5:00,0,0,0
7/4/2016 6:00,0,0,0
7/4/2016 7:00,3,1,2
7/4/2016 8:00,1,1,0
7/4/2016 9:00,6,1,5
7/4/2016 10:00,5,1,4
7/4/2016 11:00,19,9,10
7/4/2016 12:00,15,5,10
7/4/2016 13:00,17,8,9
7/4/2016 14:00,20,9,11
7/4/2016 15:00,10,10,0
7/4/2016 16:00,22,12,10
7/4/2016 17:00,11,4,7
7/4/2016 18:00,3,2,1
7/4/2016 19:00,9,7,2
7/4/2016 20:00,10,9,1
7/4/2016 21:00,1,0,1
7/4/2016 22:00,2,0,2
7/4/2016 23:00,3,2,1
7/5/2016 0:00,0,0,0
7/5/2016 1:00,0,0,0
7/5/2016 2:00,0,0,0
7/5/2016 3:00,0,0,0
7/5/2016 4:00,0,0,0
7/5/2016 5:00,2,0,2
7/5/2016 6:00,3,2,1
7/5/2016 7:00,5,3,2
7/5/2016 8:00,15,10,5
7/5/2016 9:00,9,4,5
7/5/2016 10:00,10,3,7
7/5/2016 11:00,7,3,4
7/5/2016 12:00,7,0,7
7/5/2016 13:00,4,4,0
7/5/2016 14:00,12,6,6
7/5/2016 15:00,16,9,7
7/5/2016 16:00,18,11,7
7/5/2016 17:00,12,2,10
7/5/2016 18:00,16,8,8
7/5/2016 19:00,20,11,9
7/5/2016 20:00,3,1,2
7/5/2016 21:00,4,3,1
7/5/2016 22:00,4,3,1
7/5/2016 23:00,1,0,1
7/6/2016 0:00,1,0,1
7/6/2016 1:00,1,1,0
7/6/2016 2:00,1,1,0
7/6/2016 3:00,0,0,0
7/6/2016 4:00,0,0,0
7/6/2016 5:00,1,0,1
7/6/2016 6:00,2,1,1
7/6/2016 7:00,12,9,3
7/6/2016 8:00,11,2,9
7/6/2016 9:00,18,9,9
7/6/2016 10:00,20,8,12
7/6/2016 11:00,10,6,4
7/6/2016 12:00,11,7,4
7/6/2016 13:00,9,5,4
7/6/2016 14:00,16,7,9
7/6/2016 15:00,14,4,10
7/6/2016 16:00,18,10,8
7/6/2016 17:00,26,15,11
7/6/2016 18:00,30,19,11
7/6/2016 19:00,23,12,11
7/6/2016 20:00,15,7,8
7/6/2016 21:00,4,0,4
7/6/2016 22:00,4,4,0
7/6/2016 23:00,1,1,0
7/7/2016 0:00,1,1,0
7/7/2016 1:00,0,0,0
7/7/2016 2:00,0,0,0
7/7/2016 3:00,0,0,0
7/7/2016 4:00,0,0,0
7/7/2016 5:00,0,0,0
7/7/2016 6:00,3,0,3
7/7/2016 7:00,6,2,4
7/7/2016 8:00,10,3,7
7/7/2016 9:00,5,2,3
7/7/2016 10:00,7,3,4
7/7/2016 11:00,11,5,6
7/7/2016 12:00,5,3,2
7/7/2016 13:00,4,2,2
7/7/2016 14:00,2,1,1
7/7/2016 15:00,9,7,2
7/7/2016 16:00,11,8,3
7/7/2016 17:00,13,7,6
7/7/2016 18:00,7,2,5
7/7/2016 19:00,7,1,6
7/7/2016 20:00,4,4,0
7/7/2016 21:00,4,1,3
7/7/2016 22:00,3,3,0
7/7/2016 23:00,1,1,0
7/8/2016 0:00,0,0,0
7/8/2016 1:00,0,0,0
7/8/2016 2:00,0,0,0
7/8/2016 3:00,0,0,0
7/8/2016 4:00,0,0,0
7/8/2016 5:00,0,0,0
7/8/2016 6:00,3,2,1
7/8/2016 7:00,7,5,2
7/8/2016 8:00,13,10,3
7/8/2016 9:00,7,3,4
7/8/2016 10:00,5,2,3
7/8/2016 11:00,7,4,3
7/8/2016 12:00,12,5,7
7/8/2016 13:00,10,5,5
7/8/2016 14:00,15,4,11
7/8/2016 15:00,19,14,5
7/8/2016 16:00,19,10,9
7/8/2016 17:00,17,8,9
7/8/2016 18:00,11,4,7
7/8/2016 19:00,12,8,4
7/8/2016 20:00,12,7,5
7/8/2016 21:00,5,5,0
7/8/2016 22:00,4,0,4
7/8/2016 23:00,0,0,0
7/9/2016 0:00,2,2,0
7/9/2016 1:00,0,0,0
7/9/2016 2:00,0,0,0
7/9/2016 3:00,0,0,0
7/9/2016 4:00,1,0,1
7/9/2016 5:00,2,0,2
7/9/2016 6:00,0,0,0
7/9/2016 7:00,2,1,1
7/9/2016 8:00,8,4,4
7/9/2016 9:00,11,6,5
7/9/2016 10:00,16,7,9
7/9/2016 11:00,13,6,7
7/9/2016 12:00,37,17,20
7/9/2016 13:00,26,12,14
7/9/2016 14:00,25,9,16
7/9/2016 15:00,28,15,13
7/9/2016 16:00,40,19,21
7/9/2016 17:00,20,12,8
7/9/2016 18:00,28,15,13
7/9/2016 19:00,14,10,4
7/9/2016 20:00,19,9,10
7/9/2016 21:00,5,5,0
7/9/2016 22:00,12,9,3
7/9/2016 23:00,2,1,1
7/10/2016 0:00,3,2,1
7/10/2016 1:00,3,3,0
7/10/2016 2:00,2,1,1
7/10/2016 3:00,0,0,0
7/10/2016 4:00,0,0,0
7/10/2016 5:00,4,2,2
7/10/2016 6:00,2,1,1
7/10/2016 7:00,1,1,0
7/10/2016 8:00,2,2,0
7/10/2016 9:00,5,3,2
7/10/2016 10:00,29,11,18
7/10/2016 11:00,30,16,14
7/10/2016 12:00,22,13,9
7/10/2016 13:00,37,17,20
7/10/2016 14:00,41,20,21
7/10/2016 15:00,33,19,14
7/10/2016 16:00,25,9,16
7/10/2016 17:00,32,21,11
7/10/2016 18:00,12,6,6
7/10/2016 19:00,24,11,13
7/10/2016 20:00,13,8,5
7/10/2016 21:00,11,8,3
7/10/2016 22:00,5,3,2
7/10/2016 23:00,1,1,0
7/11/2016 0:00,0,0,0
7/11/2016 1:00,0,0,0
7/11/2016 2:00,0,0,0
7/11/2016 3:00,0,0,0
7/11/2016 4:00,0,0,0
7/11/2016 5:00,1,0,1
7/11/2016 6:00,4,3,1
7/11/2016 7:00,11,3,8
7/11/2016 8:00,11,6,5
7/11/2016 9:00,12,5,7
7/11/2016 10:00,5,2,3
7/11/2016 11:00,10,5,5
7/11/2016 12:00,9,3,6
7/11/2016 13:00,9,5,4
7/11/2016 14:00,8,5,3
7/11/2016 15:00,8,6,2
7/11/2016 16:00,16,9,7
7/11/2016 17:00,24,10,14
7/11/2016 18:00,24,16,8
7/11/2016 19:00,11,7,4
7/11/2016 20:00,14,10,4
7/11/2016 21:00,10,6,4
7/11/2016 22:00,2,2,0
7/11/2016 23:00,1,1,0
7/12/2016 0:00,0,0,0
7/12/2016 1:00,0,0,0
7/12/2016 2:00,0,0,0
7/12/2016 3:00,0,0,0
7/12/2016 4:00,1,0,1
7/12/2016 5:00,0,0,0
7/12/2016 6:00,2,1,1
7/12/2016 7:00,5,4,1
7/12/2016 8:00,14,6,8
7/12/2016 9:00,10,6,4
7/12/2016 10:00,8,2,6
7/12/2016 11:00,21,7,14
7/12/2016 12:00,14,9,5
7/12/2016 13:00,17,7,10
7/12/2016 14:00,13,6,7
7/12/2016 15:00,13,8,5
7/12/2016 16:00,16,16,0
7/12/2016 17:00,12,6,6
7/12/2016 18:00,19,10,9
7/12/2016 19:00,13,3,10
7/12/2016 20:00,10,6,4
7/12/2016 21:00,12,11,1
7/12/2016 22:00,1,0,1
7/12/2016 23:00,2,2,0
7/13/2016 0:00,1,1,0
7/13/2016 1:00,0,0,0
7/13/2016 2:00,0,0,0
7/13/2016 3:00,0,0,0
7/13/2016 4:00,2,1,1
7/13/2016 5:00,1,0,1
7/13/2016 6:00,5,4,1
7/13/2016 7:00,8,6,2
7/13/2016 8:00,16,5,11
7/13/2016 9:00,9,4,5
7/13/2016 10:00,16,4,12
7/13/2016 11:00,21,8,13
7/13/2016 12:00,14,7,7
7/13/2016 13:00,14,9,5
7/13/2016 14:00,9,6,3
7/13/2016 15:00,20,13,7
7/13/2016 16:00,17,9,8
7/13/2016 17:00,27,14,13
7/13/2016 18:00,26,9,17
7/13/2016 19:00,9,4,5
7/13/2016 20:00,14,9,5
7/13/2016 21:00,4,2,2
7/13/2016 22:00,3,3,0
7/13/2016 23:00,1,1,0
7/14/2016 0:00,3,0,3
7/14/2016 1:00,0,0,0
7/14/2016 2:00,0,0,0
7/14/2016 3:00,0,0,0
7/14/2016 4:00,1,0,1
7/14/2016 5:00,0,0,0
7/14/2016 6:00,5,2,3
7/14/2016 7:00,6,4,2
7/14/2016 8:00,15,9,6
7/14/2016 9:00,8,6,2
7/14/2016 10:00,12,6,6
7/14/2016 11:00,13,8,5
7/14/2016 12:00,17,5,12
7/14/2016 13:00,11,3,8
7/14/2016 14:00,6,2,4
7/14/2016 15:00,11,5,6
7/14/2016 16:00,20,10,10
7/14/2016 17:00,13,9,4
7/14/2016 18:00,27,13,14
7/14/2016 19:00,26,17,9
7/14/2016 20:00,10,9,1
7/14/2016 21:00,14,9,5
7/14/2016 22:00,9,7,2
7/14/2016 23:00,1,0,1
7/15/2016 0:00,1,0,1
7/15/2016 1:00,0,0,0
7/15/2016 2:00,1,1,0
7/15/2016 3:00,0,0,0
7/15/2016 4:00,0,0,0
7/15/2016 5:00,1,0,1
7/15/2016 6:00,5,3,2
7/15/2016 7:00,5,4,1
7/15/2016 8:00,12,5,7
7/15/2016 9:00,10,5,5
7/15/2016 10:00,9,5,4
7/15/2016 11:00,11,5,6
7/15/2016 12:00,6,1,5
7/15/2016 13:00,10,8,2
7/15/2016 14:00,12,8,4
7/15/2016 15:00,25,16,9
7/15/2016 16:00,18,5,13
7/15/2016 17:00,20,9,11
7/15/2016 18:00,13,8,5
7/15/2016 19:00,6,3,3
7/15/2016 20:00,7,6,1
7/15/2016 21:00,9,7,2
7/15/2016 22:00,1,0,1
7/15/2016 23:00,5,3,2
7/16/2016 0:00,2,0,2
7/16/2016 1:00,2,1,1
7/16/2016 2:00,1,1,0
7/16/2016 3:00,0,0,0
7/16/2016 4:00,1,1,0
7/16/2016 5:00,0,0,0
7/16/2016 6:00,0,0,0
7/16/2016 7:00,4,3,1
7/16/2016 8:00,4,0,4
7/16/2016 9:00,7,3,4
7/16/2016 10:00,7,2,5
7/16/2016 11:00,15,7,8
7/16/2016 12:00,13,5,8
7/16/2016 13:00,21,6,15
7/16/2016 14:00,9,6,3
7/16/2016 15:00,0,0,0
7/16/2016 16:00,0,0,0
7/16/2016 17:00,0,0,0
7/16/2016 18:00,0,0,0
7/16/2016 19:00,0,0,0
7/16/2016 20:00,0,0,0
7/16/2016 21:00,0,0,0
7/16/2016 22:00,0,0,0
7/16/2016 23:00,0,0,0
7/17/2016 0:00,0,0,0
7/17/2016 1:00,0,0,0
7/17/2016 2:00,0,0,0
7/17/2016 3:00,0,0,0
7/17/2016 4:00,0,0,0
7/17/2016 5:00,0,0,0
7/17/2016 6:00,0,0,0
7/17/2016 7:00,0,0,0
7/17/2016 8:00,0,0,0
7/17/2016 9:00,0,0,0
7/17/2016 10:00,0,0,0
7/17/2016 11:00,0,0,0
7/17/2016 12:00,0,0,0
7/17/2016 13:00,0,0,0
7/17/2016 14:00,0,0,0
7/17/2016 15:00,0,0,0
7/17/2016 16:00,0,0,0
7/17/2016 17:00,0,0,0
7/17/2016 18:00,0,0,0
7/17/2016 19:00,0,0,0
7/17/2016 20:00,0,0,0
7/17/2016 21:00,0,0,0
7/17/2016 22:00,0,0,0
7/17/2016 23:00,0,0,0
7/18/2016 0:00,0,0,0
7/18/2016 1:00,0,0,0
7/18/2016 2:00,0,0,0
7/18/2016 3:00,0,0,0
7/18/2016 4:00,0,0,0
7/18/2016 5:00,0,0,0
7/18/2016 6:00,0,0,0
7/18/2016 7:00,0,0,0
7/18/2016 8:00,0,0,0
7/18/2016 9:00,0,0,0
7/18/2016 10:00,0,0,0
7/18/2016 11:00,0,0,0
7/18/2016 12:00,0,0,0
7/18/2016 13:00,0,0,0
7/18/2016 14:00,0,0,0
7/18/2016 15:00,0,0,0
7/18/2016 16:00,0,0,0
7/18/2016 17:00,0,0,0
7/18/2016 18:00,0,0,0
7/18/2016 19:00,0,0,0
7/18/2016 20:00,0,0,0
7/18/2016 21:00,0,0,0
7/18/2016 22:00,0,0,0
7/18/2016 23:00,0,0,0
7/19/2016 0:00,0,0,0
7/19/2016 1:00,0,0,0
7/19/2016 2:00,0,0,0
7/19/2016 3:00,0,0,0
7/19/2016 4:00,0,0,0
7/19/2016 5:00,0,0,0
7/19/2016 6:00,0,0,0
7/19/2016 7:00,0,0,0
7/19/2016 8:00,0,0,0
7/19/2016 9:00,0,0,0
7/19/2016 10:00,0,0,0
7/19/2016 11:00,0,0,0
7/19/2016 12:00,0,0,0
7/19/2016 13:00,0,0,0
7/19/2016 14:00,0,0,0
7/19/2016 15:00,0,0,0
7/19/2016 16:00,0,0,0
7/19/2016 17:00,0,0,0
7/19/2016 18:00,0,0,0
7/19/2016 19:00,0,0,0
7/19/2016 20:00,0,0,0
7/19/2016 21:00,0,0,0
7/19/2016 22:00,0,0,0
7/19/2016 23:00,0,0,0
7/20/2016 0:00,0,0,0
7/20/2016 1:00,0,0,0
7/20/2016 2:00,0,0,0
7/20/2016 3:00,0,0,0
7/20/2016 4:00,0,0,0
7/20/2016 5:00,0,0,0
7/20/2016 6:00,0,0,0
7/20/2016 7:00,0,0,0
7/20/2016 8:00,0,0,0
7/20/2016 9:00,0,0,0
7/20/2016 10:00,0,0,0
7/20/2016 11:00,0,0,0
7/20/2016 12:00,0,0,0
7/20/2016 13:00,0,0,0
7/20/2016 14:00,0,0,0
7/20/2016 15:00,0,0,0
7/20/2016 16:00,0,0,0
7/20/2016 17:00,1,1,0
7/20/2016 18:00,0,0,0
7/20/2016 19:00,0,0,0
7/20/2016 20:00,0,0,0
7/20/2016 21:00,0,0,0
7/20/2016 22:00,0,0,0
7/20/2016 23:00,0,0,0
7/21/2016 0:00,0,0,0
7/21/2016 1:00,0,0,0
7/21/2016 2:00,0,0,0
7/21/2016 3:00,0,0,0
7/21/2016 4:00,0,0,0
7/21/2016 5:00,0,0,0
7/21/2016 6:00,0,0,0
7/21/2016 7:00,0,0,0
7/21/2016 8:00,0,0,0
7/21/2016 9:00,0,0,0
7/21/2016 10:00,0,0,0
7/21/2016 11:00,0,0,0
7/21/2016 12:00,0,0,0
7/21/2016 13:00,0,0,0
7/21/2016 14:00,0,0,0
7/21/2016 15:00,0,0,0
7/21/2016 16:00,0,0,0
7/21/2016 17:00,0,0,0
7/21/2016 18:00,0,0,0
7/21/2016 19:00,0,0,0
7/21/2016 20:00,0,0,0
7/21/2016 21:00,0,0,0
7/21/2016 22:00,0,0,0
7/21/2016 23:00,0,0,0
7/22/2016 0:00,0,0,0
7/22/2016 1:00,0,0,0
7/22/2016 2:00,0,0,0
7/22/2016 3:00,0,0,0
7/22/2016 4:00,0,0,0
7/22/2016 5:00,0,0,0
7/22/2016 6:00,0,0,0
7/22/2016 7:00,0,0,0
7/22/2016 8:00,0,0,0
7/22/2016 9:00,0,0,0
7/22/2016 10:00,0,0,0
7/22/2016 11:00,0,0,0
7/22/2016 12:00,0,0,0
7/22/2016 13:00,0,0,0
7/22/2016 14:00,0,0,0
7/22/2016 15:00,0,0,0
7/22/2016 16:00,0,0,0
7/22/2016 17:00,0,0,0
7/22/2016 18:00,0,0,0
7/22/2016 19:00,0,0,0
7/22/2016 20:00,0,0,0
7/22/2016 21:00,0,0,0
7/22/2016 22:00,0,0,0
7/22/2016 23:00,0,0,0
7/23/2016 0:00,0,0,0
7/23/2016 1:00,0,0,0
7/23/2016 2:00,0,0,0
7/23/2016 3:00,0,0,0
7/23/2016 4:00,0,0,0
7/23/2016 5:00,0,0,0
7/23/2016 6:00,0,0,0
7/23/2016 7:00,0,0,0
7/23/2016 8:00,0,0,0
7/23/2016 9:00,0,0,0
7/23/2016 10:00,0,0,0
7/23/2016 11:00,0,0,0
7/23/2016 12:00,0,0,0
7/23/2016 13:00,0,0,0
7/23/2016 14:00,0,0,0
7/23/2016 15:00,0,0,0
7/23/2016 16:00,0,0,0
7/23/2016 17:00,0,0,0
7/23/2016 18:00,0,0,0
7/23/2016 19:00,0,0,0
7/23/2016 20:00,0,0,0
7/23/2016 21:00,0,0,0
7/23/2016 22:00,0,0,0
7/23/2016 23:00,0,0,0
7/24/2016 0:00,0,0,0
7/24/2016 1:00,0,0,0
7/24/2016 2:00,0,0,0
7/24/2016 3:00,0,0,0
7/24/2016 4:00,0,0,0
7/24/2016 5:00,0,0,0
7/24/2016 6:00,0,0,0
7/24/2016 7:00,0,0,0
7/24/2016 8:00,0,0,0
7/24/2016 9:00,0,0,0
7/24/2016 10:00,0,0,0
7/24/2016 11:00,0,0,0
7/24/2016 12:00,0,0,0
7/24/2016 13:00,0,0,0
7/24/2016 14:00,0,0,0
7/24/2016 15:00,0,0,0
7/24/2016 16:00,0,0,0
7/24/2016 17:00,0,0,0
7/24/2016 18:00,0,0,0
7/24/2016 19:00,0,0,0
7/24/2016 20:00,0,0,0
7/24/2016 21:00,0,0,0
7/24/2016 22:00,0,0,0
7/24/2016 23:00,0,0,0
7/25/2016 0:00,0,0,0
7/25/2016 1:00,0,0,0
7/25/2016 2:00,0,0,0
7/25/2016 3:00,0,0,0
7/25/2016 4:00,0,0,0
7/25/2016 5:00,0,0,0
7/25/2016 6:00,0,0,0
7/25/2016 7:00,0,0,0
7/25/2016 8:00,0,0,0
7/25/2016 9:00,0,0,0
7/25/2016 10:00,0,0,0
7/25/2016 11:00,0,0,0
7/25/2016 12:00,0,0,0
7/25/2016 13:00,0,0,0
7/25/2016 14:00,0,0,0
7/25/2016 15:00,0,0,0
7/25/2016 16:00,0,0,0
7/25/2016 17:00,0,0,0
7/25/2016 18:00,0,0,0
7/25/2016 19:00,0,0,0
7/25/2016 20:00,0,0,0
7/25/2016 21:00,0,0,0
7/25/2016 22:00,0,0,0
7/25/2016 23:00,0,0,0
7/26/2016 0:00,0,0,0
7/26/2016 1:00,0,0,0
7/26/2016 2:00,0,0,0
7/26/2016 3:00,0,0,0
7/26/2016 4:00,0,0,0
7/26/2016 5:00,0,0,0
7/26/2016 6:00,0,0,0
7/26/2016 7:00,0,0,0
7/26/2016 8:00,0,0,0
7/26/2016 9:00,0,0,0
7/26/2016 10:00,0,0,0
7/26/2016 11:00,0,0,0
7/26/2016 12:00,0,0,0
7/26/2016 13:00,0,0,0
7/26/2016 14:00,0,0,0
7/26/2016 15:00,0,0,0
7/26/2016 16:00,0,0,0
7/26/2016 17:00,0,0,0
7/26/2016 18:00,0,0,0
7/26/2016 19:00,0,0,0
7/26/2016 20:00,0,0,0
7/26/2016 21:00,0,0,0
7/26/2016 22:00,0,0,0
7/26/2016 23:00,0,0,0
7/27/2016 0:00,0,0,0
7/27/2016 1:00,0,0,0
7/27/2016 2:00,0,0,0
7/27/2016 3:00,0,0,0
7/27/2016 4:00,0,0,0
7/27/2016 5:00,0,0,0
7/27/2016 6:00,0,0,0
7/27/2016 7:00,0,0,0
7/27/2016 8:00,0,0,0
7/27/2016 9:00,0,0,0
7/27/2016 10:00,0,0,0
7/27/2016 11:00,0,0,0
7/27/2016 12:00,0,0,0
7/27/2016 13:00,0,0,0
7/27/2016 14:00,0,0,0
7/27/2016 15:00,0,0,0
7/27/2016 16:00,0,0,0
7/27/2016 17:00,0,0,0
7/27/2016 18:00,0,0,0
7/27/2016 19:00,0,0,0
7/27/2016 20:00,0,0,0
7/27/2016 21:00,0,0,0
7/27/2016 22:00,0,0,0
7/27/2016 23:00,0,0,0
7/28/2016 0:00,0,0,0
7/28/2016 1:00,0,0,0
7/28/2016 2:00,0,0,0
7/28/2016 3:00,0,0,0
7/28/2016 4:00,0,0,0
7/28/2016 5:00,0,0,0
7/28/2016 6:00,0,0,0
7/28/2016 7:00,0,0,0
7/28/2016 8:00,0,0,0
7/28/2016 9:00,0,0,0
7/28/2016 10:00,0,0,0
7/28/2016 11:00,0,0,0
7/28/2016 12:00,0,0,0
7/28/2016 13:00,0,0,0
7/28/2016 14:00,1,1,0
7/28/2016 15:00,0,0,0
7/28/2016 16:00,0,0,0
7/28/2016 17:00,0,0,0
7/28/2016 18:00,0,0,0
7/28/2016 19:00,0,0,0
7/28/2016 20:00,0,0,0
7/28/2016 21:00,0,0,0
7/28/2016 22:00,0,0,0
7/28/2016 23:00,0,0,0
7/29/2016 0:00,0,0,0
7/29/2016 1:00,0,0,0
7/29/2016 2:00,0,0,0
7/29/2016 3:00,0,0,0
7/29/2016 4:00,0,0,0
7/29/2016 5:00,0,0,0
7/29/2016 6:00,0,0,0
7/29/2016 7:00,0,0,0
7/29/2016 8:00,0,0,0
7/29/2016 9:00,0,0,0
7/29/2016 10:00,0,0,0
7/29/2016 11:00,0,0,0
7/29/2016 12:00,0,0,0
7/29/2016 13:00,0,0,0
7/29/2016 14:00,0,0,0
7/29/2016 15:00,0,0,0
7/29/2016 16:00,0,0,0
7/29/2016 17:00,0,0,0
7/29/2016 18:00,0,0,0
7/29/2016 19:00,0,0,0
7/29/2016 20:00,0,0,0
7/29/2016 21:00,0,0,0
7/29/2016 22:00,0,0,0
7/29/2016 23:00,0,0,0
7/30/2016 0:00,0,0,0
7/30/2016 1:00,0,0,0
7/30/2016 2:00,0,0,0
7/30/2016 3:00,0,0,0
7/30/2016 4:00,0,0,0
7/30/2016 5:00,0,0,0
7/30/2016 6:00,0,0,0
7/30/2016 7:00,0,0,0
7/30/2016 8:00,0,0,0
7/30/2016 9:00,0,0,0
7/30/2016 10:00,0,0,0
7/30/2016 11:00,0,0,0
7/30/2016 12:00,0,0,0
7/30/2016 13:00,0,0,0
7/30/2016 14:00,0,0,0
7/30/2016 15:00,0,0,0
7/30/2016 16:00,0,0,0
7/30/2016 17:00,0,0,0
7/30/2016 18:00,0,0,0
7/30/2016 19:00,0,0,0
7/30/2016 20:00,0,0,0
7/30/2016 21:00,0,0,0
7/30/2016 22:00,0,0,0
7/30/2016 23:00,0,0,0
7/31/2016 0:00,0,0,0
7/31/2016 1:00,0,0,0
7/31/2016 2:00,0,0,0
7/31/2016 3:00,0,0,0
7/31/2016 4:00,0,0,0
7/31/2016 5:00,0,0,0
7/31/2016 6:00,0,0,0
7/31/2016 7:00,0,0,0
7/31/2016 8:00,0,0,0
7/31/2016 9:00,0,0,0
7/31/2016 10:00,0,0,0
7/31/2016 11:00,0,0,0
7/31/2016 12:00,0,0,0
7/31/2016 13:00,0,0,0
7/31/2016 14:00,0,0,0
7/31/2016 15:00,0,0,0
7/31/2016 16:00,0,0,0
7/31/2016 17:00,0,0,0
7/31/2016 18:00,0,0,0
7/31/2016 19:00,0,0,0
7/31/2016 20:00,0,0,0
7/31/2016 21:00,0,0,0
7/31/2016 22:00,0,0,0
7/31/2016 23:00,0,0,0
8/1/2016 0:00,0,0,0
8/1/2016 1:00,0,0,0
8/1/2016 2:00,0,0,0
8/1/2016 3:00,0,0,0
8/1/2016 4:00,0,0,0
8/1/2016 5:00,0,0,0
8/1/2016 6:00,0,0,0
8/1/2016 7:00,0,0,0
8/1/2016 8:00,0,0,0
8/1/2016 9:00,0,0,0
8/1/2016 10:00,0,0,0
8/1/2016 11:00,0,0,0
8/1/2016 12:00,0,0,0
8/1/2016 13:00,0,0,0
8/1/2016 14:00,2,2,0
8/1/2016 15:00,1,1,0
8/1/2016 16:00,0,0,0
8/1/2016 17:00,0,0,0
8/1/2016 18:00,0,0,0
8/1/2016 19:00,0,0,0
8/1/2016 20:00,0,0,0
8/1/2016 21:00,0,0,0
8/1/2016 22:00,0,0,0
8/1/2016 23:00,0,0,0
8/2/2016 0:00,0,0,0
8/2/2016 1:00,0,0,0
8/2/2016 2:00,0,0,0
8/2/2016 3:00,0,0,0
8/2/2016 4:00,0,0,0
8/2/2016 5:00,0,0,0
8/2/2016 6:00,0,0,0
8/2/2016 7:00,1,1,0
8/2/2016 8:00,1,1,0
8/2/2016 9:00,0,0,0
8/2/2016 10:00,1,1,0
8/2/2016 11:00,1,0,1
8/2/2016 12:00,1,1,0
8/2/2016 13:00,3,3,0
8/2/2016 14:00,0,0,0
8/2/2016 15:00,0,0,0
8/2/2016 16:00,0,0,0
8/2/2016 17:00,0,0,0
8/2/2016 18:00,0,0,0
8/2/2016 19:00,0,0,0
8/2/2016 20:00,0,0,0
8/2/2016 21:00,0,0,0
8/2/2016 22:00,0,0,0
8/2/2016 23:00,0,0,0
8/3/2016 0:00,0,0,0
8/3/2016 1:00,0,0,0
8/3/2016 2:00,0,0,0
8/3/2016 3:00,0,0,0
8/3/2016 4:00,0,0,0
8/3/2016 5:00,0,0,0
8/3/2016 6:00,0,0,0
8/3/2016 7:00,0,0,0
8/3/2016 8:00,0,0,0
8/3/2016 9:00,0,0,0
8/3/2016 10:00,0,0,0
8/3/2016 11:00,0,0,0
8/3/2016 12:00,0,0,0
8/3/2016 13:00,0,0,0
8/3/2016 14:00,0,0,0
8/3/2016 15:00,1,1,0
8/3/2016 16:00,1,1,0
8/3/2016 17:00,0,0,0
8/3/2016 18:00,0,0,0
8/3/2016 19:00,0,0,0
8/3/2016 20:00,0,0,0
8/3/2016 21:00,0,0,0
8/3/2016 22:00,0,0,0
8/3/2016 23:00,0,0,0
8/4/2016 0:00,0,0,0
8/4/2016 1:00,0,0,0
8/4/2016 2:00,0,0,0
8/4/2016 3:00,0,0,0
8/4/2016 4:00,0,0,0
8/4/2016 5:00,0,0,0
8/4/2016 6:00,0,0,0
8/4/2016 7:00,0,0,0
8/4/2016 8:00,0,0,0
8/4/2016 9:00,0,0,0
8/4/2016 10:00,0,0,0
8/4/2016 11:00,0,0,0
8/4/2016 12:00,0,0,0
8/4/2016 13:00,0,0,0
8/4/2016 14:00,0,0,0
8/4/2016 15:00,0,0,0
8/4/2016 16:00,0,0,0
8/4/2016 17:00,0,0,0
8/4/2016 18:00,0,0,0
8/4/2016 19:00,1,1,0
8/4/2016 20:00,0,0,0
8/4/2016 21:00,0,0,0
8/4/2016 22:00,0,0,0
8/4/2016 23:00,0,0,0
8/5/2016 0:00,0,0,0
8/5/2016 1:00,0,0,0
8/5/2016 2:00,0,0,0
8/5/2016 3:00,0,0,0
8/5/2016 4:00,0,0,0
8/5/2016 5:00,0,0,0
8/5/2016 6:00,0,0,0
8/5/2016 7:00,0,0,0
8/5/2016 8:00,0,0,0
8/5/2016 9:00,0,0,0
8/5/2016 10:00,0,0,0
8/5/2016 11:00,0,0,0
8/5/2016 12:00,0,0,0
8/5/2016 13:00,0,0,0
8/5/2016 14:00,0,0,0
8/5/2016 15:00,0,0,0
8/5/2016 16:00,0,0,0
8/5/2016 17:00,0,0,0
8/5/2016 18:00,0,0,0
8/5/2016 19:00,2,2,0
8/5/2016 20:00,0,0,0
8/5/2016 21:00,0,0,0
8/5/2016 22:00,0,0,0
8/5/2016 23:00,1,1,0
8/6/2016 0:00,0,0,0
8/6/2016 1:00,0,0,0
8/6/2016 2:00,0,0,0
8/6/2016 3:00,0,0,0
8/6/2016 4:00,0,0,0
8/6/2016 5:00,0,0,0
8/6/2016 6:00,0,0,0
8/6/2016 7:00,0,0,0
8/6/2016 8:00,0,0,0
8/6/2016 9:00,0,0,0
8/6/2016 10:00,0,0,0
8/6/2016 11:00,0,0,0
8/6/2016 12:00,0,0,0
8/6/2016 13:00,0,0,0
8/6/2016 14:00,0,0,0
8/6/2016 15:00,0,0,0
8/6/2016 16:00,0,0,0
8/6/2016 17:00,0,0,0
8/6/2016 18:00,0,0,0
8/6/2016 19:00,0,0,0
8/6/2016 20:00,0,0,0
8/6/2016 21:00,0,0,0
8/6/2016 22:00,0,0,0
8/6/2016 23:00,0,0,0
8/7/2016 0:00,0,0,0
8/7/2016 1:00,0,0,0
8/7/2016 2:00,0,0,0
8/7/2016 3:00,0,0,0
8/7/2016 4:00,0,0,0
8/7/2016 5:00,0,0,0
8/7/2016 6:00,0,0,0
8/7/2016 7:00,0,0,0
8/7/2016 8:00,0,0,0
8/7/2016 9:00,0,0,0
8/7/2016 10:00,0,0,0
8/7/2016 11:00,0,0,0
8/7/2016 12:00,0,0,0
8/7/2016 13:00,0,0,0
8/7/2016 14:00,0,0,0
8/7/2016 15:00,1,1,0
8/7/2016 16:00,0,0,0
8/7/2016 17:00,0,0,0
8/7/2016 18:00,0,0,0
8/7/2016 19:00,0,0,0
8/7/2016 20:00,0,0,0
8/7/2016 21:00,0,0,0
8/7/2016 22:00,0,0,0
8/7/2016 23:00,0,0,0
8/8/2016 0:00,0,0,0
8/8/2016 1:00,0,0,0
8/8/2016 2:00,0,0,0
8/8/2016 3:00,0,0,0
8/8/2016 4:00,0,0,0
8/8/2016 5:00,0,0,0
8/8/2016 6:00,0,0,0
8/8/2016 7:00,0,0,0
8/8/2016 8:00,0,0,0
8/8/2016 9:00,0,0,0
8/8/2016 10:00,0,0,0
8/8/2016 11:00,0,0,0
8/8/2016 12:00,0,0,0
8/8/2016 13:00,0,0,0
8/8/2016 14:00,0,0,0
8/8/2016 15:00,0,0,0
8/8/2016 16:00,0,0,0
8/8/2016 17:00,0,0,0
8/8/2016 18:00,0,0,0
8/8/2016 19:00,0,0,0
8/8/2016 20:00,0,0,0
8/8/2016 21:00,0,0,0
8/8/2016 22:00,0,0,0
8/8/2016 23:00,0,0,0
8/9/2016 0:00,0,0,0
8/9/2016 1:00,0,0,0
8/9/2016 2:00,0,0,0
8/9/2016 3:00,0,0,0
8/9/2016 4:00,0,0,0
8/9/2016 5:00,0,0,0
8/9/2016 6:00,0,0,0
8/9/2016 7:00,0,0,0
8/9/2016 8:00,0,0,0
8/9/2016 9:00,0,0,0
8/9/2016 10:00,0,0,0
8/9/2016 11:00,0,0,0
8/9/2016 12:00,0,0,0
8/9/2016 13:00,0,0,0
8/9/2016 14:00,0,0,0
8/9/2016 15:00,0,0,0
8/9/2016 16:00,0,0,0
8/9/2016 17:00,0,0,0
8/9/2016 18:00,0,0,0
8/9/2016 19:00,0,0,0
8/9/2016 20:00,0,0,0
8/9/2016 21:00,0,0,0
8/9/2016 22:00,0,0,0
8/9/2016 23:00,0,0,0
8/10/2016 0:00,0,0,0
8/10/2016 1:00,0,0,0
8/10/2016 2:00,0,0,0
8/10/2016 3:00,0,0,0
8/10/2016 4:00,0,0,0
8/10/2016 5:00,0,0,0
8/10/2016 6:00,0,0,0
8/10/2016 7:00,0,0,0
8/10/2016 8:00,0,0,0
8/10/2016 9:00,1,1,0
8/10/2016 10:00,0,0,0
8/10/2016 11:00,0,0,0
8/10/2016 12:00,0,0,0
8/10/2016 13:00,0,0,0
8/10/2016 14:00,0,0,0
8/10/2016 15:00,0,0,0
8/10/2016 16:00,0,0,0
8/10/2016 17:00,0,0,0
8/10/2016 18:00,0,0,0
8/10/2016 19:00,0,0,0
8/10/2016 20:00,0,0,0
8/10/2016 21:00,0,0,0
8/10/2016 22:00,0,0,0
8/10/2016 23:00,0,0,0
8/11/2016 0:00,0,0,0
8/11/2016 1:00,0,0,0
8/11/2016 2:00,0,0,0
8/11/2016 3:00,0,0,0
8/11/2016 4:00,0,0,0
8/11/2016 5:00,0,0,0
8/11/2016 6:00,0,0,0
8/11/2016 7:00,0,0,0
8/11/2016 8:00,0,0,0
8/11/2016 9:00,0,0,0
8/11/2016 10:00,0,0,0
8/11/2016 11:00,0,0,0
8/11/2016 12:00,0,0,0
8/11/2016 13:00,0,0,0
8/11/2016 14:00,0,0,0
8/11/2016 15:00,0,0,0
8/11/2016 16:00,0,0,0
8/11/2016 17:00,0,0,0
8/11/2016 18:00,0,0,0
8/11/2016 19:00,0,0,0
8/11/2016 20:00,0,0,0
8/11/2016 21:00,0,0,0
8/11/2016 22:00,0,0,0
8/11/2016 23:00,0,0,0
8/12/2016 0:00,0,0,0
8/12/2016 1:00,0,0,0
8/12/2016 2:00,0,0,0
8/12/2016 3:00,0,0,0
8/12/2016 4:00,0,0,0
8/12/2016 5:00,0,0,0
8/12/2016 6:00,0,0,0
8/12/2016 7:00,0,0,0
8/12/2016 8:00,0,0,0
8/12/2016 9:00,0,0,0
8/12/2016 10:00,0,0,0
8/12/2016 11:00,0,0,0
8/12/2016 12:00,0,0,0
8/12/2016 13:00,0,0,0
8/12/2016 14:00,0,0,0
8/12/2016 15:00,0,0,0
8/12/2016 16:00,1,1,0
8/12/2016 17:00,0,0,0
8/12/2016 18:00,0,0,0
8/12/2016 19:00,0,0,0
8/12/2016 20:00,0,0,0
8/12/2016 21:00,0,0,0
8/12/2016 22:00,0,0,0
8/12/2016 23:00,0,0,0
8/13/2016 0:00,0,0,0
8/13/2016 1:00,0,0,0
8/13/2016 2:00,0,0,0
8/13/2016 3:00,0,0,0
8/13/2016 4:00,0,0,0
8/13/2016 5:00,0,0,0
8/13/2016 6:00,0,0,0
8/13/2016 7:00,0,0,0
8/13/2016 8:00,0,0,0
8/13/2016 9:00,0,0,0
8/13/2016 10:00,0,0,0
8/13/2016 11:00,0,0,0
8/13/2016 12:00,0,0,0
8/13/2016 13:00,0,0,0
8/13/2016 14:00,0,0,0
8/13/2016 15:00,0,0,0
8/13/2016 16:00,0,0,0
8/13/2016 17:00,0,0,0
8/13/2016 18:00,0,0,0
8/13/2016 19:00,0,0,0
8/13/2016 20:00,0,0,0
8/13/2016 21:00,0,0,0
8/13/2016 22:00,0,0,0
8/13/2016 23:00,0,0,0
8/14/2016 0:00,0,0,0
8/14/2016 1:00,0,0,0
8/14/2016 2:00,0,0,0
8/14/2016 3:00,0,0,0
8/14/2016 4:00,0,0,0
8/14/2016 5:00,0,0,0
8/14/2016 6:00,0,0,0
8/14/2016 7:00,0,0,0
8/14/2016 8:00,0,0,0
8/14/2016 9:00,0,0,0
8/14/2016 10:00,0,0,0
8/14/2016 11:00,0,0,0
8/14/2016 12:00,0,0,0
8/14/2016 13:00,0,0,0
8/14/2016 14:00,0,0,0
8/14/2016 15:00,0,0,0
8/14/2016 16:00,0,0,0
8/14/2016 17:00,0,0,0
8/14/2016 18:00,0,0,0
8/14/2016 19:00,0,0,0
8/14/2016 20:00,0,0,0
8/14/2016 21:00,0,0,0
8/14/2016 22:00,0,0,0
8/14/2016 23:00,0,0,0
8/15/2016 0:00,0,0,0
8/15/2016 1:00,0,0,0
8/15/2016 2:00,0,0,0
8/15/2016 3:00,0,0,0
8/15/2016 4:00,0,0,0
8/15/2016 5:00,0,0,0
8/15/2016 6:00,0,0,0
8/15/2016 7:00,0,0,0
8/15/2016 8:00,0,0,0
8/15/2016 9:00,0,0,0
8/15/2016 10:00,0,0,0
8/15/2016 11:00,0,0,0
8/15/2016 12:00,0,0,0
8/15/2016 13:00,0,0,0
8/15/2016 14:00,0,0,0
8/15/2016 15:00,0,0,0
8/15/2016 16:00,0,0,0
8/15/2016 17:00,0,0,0
8/15/2016 18:00,0,0,0
8/15/2016 19:00,0,0,0
8/15/2016 20:00,0,0,0
8/15/2016 21:00,0,0,0
8/15/2016 22:00,0,0,0
8/15/2016 23:00,0,0,0
8/16/2016 0:00,0,0,0
8/16/2016 1:00,0,0,0
8/16/2016 2:00,0,0,0
8/16/2016 3:00,0,0,0
8/16/2016 4:00,0,0,0
8/16/2016 5:00,0,0,0
8/16/2016 6:00,0,0,0
8/16/2016 7:00,0,0,0
8/16/2016 8:00,0,0,0
8/16/2016 9:00,0,0,0
8/16/2016 10:00,0,0,0
8/16/2016 11:00,0,0,0
8/16/2016 12:00,0,0,0
8/16/2016 13:00,0,0,0
8/16/2016 14:00,0,0,0
8/16/2016 15:00,0,0,0
8/16/2016 16:00,0,0,0
8/16/2016 17:00,0,0,0
8/16/2016 18:00,0,0,0
8/16/2016 19:00,0,0,0
8/16/2016 20:00,0,0,0
8/16/2016 21:00,0,0,0
8/16/2016 22:00,0,0,0
8/16/2016 23:00,0,0,0
8/17/2016 0:00,0,0,0
8/17/2016 1:00,0,0,0
8/17/2016 2:00,0,0,0
8/17/2016 3:00,0,0,0
8/17/2016 4:00,0,0,0
8/17/2016 5:00,0,0,0
8/17/2016 6:00,0,0,0
8/17/2016 7:00,0,0,0
8/17/2016 8:00,0,0,0
8/17/2016 9:00,0,0,0
8/17/2016 10:00,0,0,0
8/17/2016 11:00,0,0,0
8/17/2016 12:00,0,0,0
8/17/2016 13:00,2,2,0
8/17/2016 14:00,0,0,0
8/17/2016 15:00,0,0,0
8/17/2016 16:00,0,0,0
8/17/2016 17:00,0,0,0
8/17/2016 18:00,0,0,0
8/17/2016 19:00,0,0,0
8/17/2016 20:00,0,0,0
8/17/2016 21:00,0,0,0
8/17/2016 22:00,0,0,0
8/17/2016 23:00,0,0,0
8/18/2016 0:00,0,0,0
8/18/2016 1:00,0,0,0
8/18/2016 2:00,0,0,0
8/18/2016 3:00,0,0,0
8/18/2016 4:00,0,0,0
8/18/2016 5:00,0,0,0
8/18/2016 6:00,0,0,0
8/18/2016 7:00,0,0,0
8/18/2016 8:00,0,0,0
8/18/2016 9:00,0,0,0
8/18/2016 10:00,0,0,0
8/18/2016 11:00,0,0,0
8/18/2016 12:00,0,0,0
8/18/2016 13:00,0,0,0
8/18/2016 14:00,0,0,0
8/18/2016 15:00,0,0,0
8/18/2016 16:00,0,0,0
8/18/2016 17:00,0,0,0
8/18/2016 18:00,0,0,0
8/18/2016 19:00,0,0,0
8/18/2016 20:00,0,0,0
8/18/2016 21:00,0,0,0
8/18/2016 22:00,0,0,0
8/18/2016 23:00,0,0,0
8/19/2016 0:00,0,0,0
8/19/2016 1:00,0,0,0
8/19/2016 2:00,0,0,0
8/19/2016 3:00,0,0,0
8/19/2016 4:00,0,0,0
8/19/2016 5:00,0,0,0
8/19/2016 6:00,0,0,0
8/19/2016 7:00,0,0,0
8/19/2016 8:00,0,0,0
8/19/2016 9:00,0,0,0
8/19/2016 10:00,0,0,0
8/19/2016 11:00,0,0,0
8/19/2016 12:00,0,0,0
8/19/2016 13:00,0,0,0
8/19/2016 14:00,0,0,0
8/19/2016 15:00,0,0,0
8/19/2016 16:00,0,0,0
8/19/2016 17:00,0,0,0
8/19/2016 18:00,0,0,0
8/19/2016 19:00,1,1,0
8/19/2016 20:00,0,0,0
8/19/2016 21:00,0,0,0
8/19/2016 22:00,0,0,0
8/19/2016 23:00,0,0,0
8/20/2016 0:00,0,0,0
8/20/2016 1:00,0,0,0
8/20/2016 2:00,0,0,0
8/20/2016 3:00,0,0,0
8/20/2016 4:00,0,0,0
8/20/2016 5:00,0,0,0
8/20/2016 6:00,0,0,0
8/20/2016 7:00,0,0,0
8/20/2016 8:00,0,0,0
8/20/2016 9:00,0,0,0
8/20/2016 10:00,0,0,0
8/20/2016 11:00,0,0,0
8/20/2016 12:00,0,0,0
8/20/2016 13:00,0,0,0
8/20/2016 14:00,0,0,0
8/20/2016 15:00,0,0,0
8/20/2016 16:00,0,0,0
8/20/2016 17:00,0,0,0
8/20/2016 18:00,0,0,0
8/20/2016 19:00,0,0,0
8/20/2016 20:00,0,0,0
8/20/2016 21:00,0,0,0
8/20/2016 22:00,0,0,0
8/20/2016 23:00,0,0,0
8/21/2016 0:00,0,0,0
8/21/2016 1:00,0,0,0
8/21/2016 2:00,0,0,0
8/21/2016 3:00,0,0,0
8/21/2016 4:00,0,0,0
8/21/2016 5:00,0,0,0
8/21/2016 6:00,0,0,0
8/21/2016 7:00,0,0,0
8/21/2016 8:00,0,0,0
8/21/2016 9:00,0,0,0
8/21/2016 10:00,0,0,0
8/21/2016 11:00,0,0,0
8/21/2016 12:00,0,0,0
8/21/2016 13:00,0,0,0
8/21/2016 14:00,0,0,0
8/21/2016 15:00,0,0,0
8/21/2016 16:00,0,0,0
8/21/2016 17:00,0,0,0
8/21/2016 18:00,0,0,0
8/21/2016 19:00,0,0,0
8/21/2016 20:00,0,0,0
8/21/2016 21:00,0,0,0
8/21/2016 22:00,0,0,0
8/21/2016 23:00,0,0,0
8/22/2016 0:00,0,0,0
8/22/2016 1:00,0,0,0
8/22/2016 2:00,0,0,0
8/22/2016 3:00,0,0,0
8/22/2016 4:00,0,0,0
8/22/2016 5:00,0,0,0
8/22/2016 6:00,0,0,0
8/22/2016 7:00,0,0,0
8/22/2016 8:00,0,0,0
8/22/2016 9:00,0,0,0
8/22/2016 10:00,0,0,0
8/22/2016 11:00,0,0,0
8/22/2016 12:00,0,0,0
8/22/2016 13:00,0,0,0
8/22/2016 14:00,0,0,0
8/22/2016 15:00,0,0,0
8/22/2016 16:00,0,0,0
8/22/2016 17:00,0,0,0
8/22/2016 18:00,0,0,0
8/22/2016 19:00,0,0,0
8/22/2016 20:00,0,0,0
8/22/2016 21:00,0,0,0
8/22/2016 22:00,0,0,0
8/22/2016 23:00,0,0,0
8/23/2016 0:00,0,0,0
8/23/2016 1:00,0,0,0
8/23/2016 2:00,0,0,0
8/23/2016 3:00,0,0,0
8/23/2016 4:00,0,0,0
8/23/2016 5:00,0,0,0
8/23/2016 6:00,0,0,0
8/23/2016 7:00,0,0,0
8/23/2016 8:00,0,0,0
8/23/2016 9:00,0,0,0
8/23/2016 10:00,0,0,0
8/23/2016 11:00,0,0,0
8/23/2016 12:00,0,0,0
8/23/2016 13:00,0,0,0
8/23/2016 14:00,0,0,0
8/23/2016 15:00,0,0,0
8/23/2016 16:00,0,0,0
8/23/2016 17:00,0,0,0
8/23/2016 18:00,0,0,0
8/23/2016 19:00,0,0,0
8/23/2016 20:00,0,0,0
8/23/2016 21:00,0,0,0
8/23/2016 22:00,0,0,0
8/23/2016 23:00,0,0,0
8/24/2016 0:00,0,0,0
8/24/2016 1:00,0,0,0
8/24/2016 2:00,0,0,0
8/24/2016 3:00,0,0,0
8/24/2016 4:00,0,0,0
8/24/2016 5:00,0,0,0
8/24/2016 6:00,0,0,0
8/24/2016 7:00,0,0,0
8/24/2016 8:00,0,0,0
8/24/2016 9:00,0,0,0
8/24/2016 10:00,0,0,0
8/24/2016 11:00,0,0,0
8/24/2016 12:00,0,0,0
8/24/2016 13:00,0,0,0
8/24/2016 14:00,0,0,0
8/24/2016 15:00,0,0,0
8/24/2016 16:00,0,0,0
8/24/2016 17:00,0,0,0
8/24/2016 18:00,0,0,0
8/24/2016 19:00,0,0,0
8/24/2016 20:00,0,0,0
8/24/2016 21:00,0,0,0
8/24/2016 22:00,0,0,0
8/24/2016 23:00,0,0,0
8/25/2016 0:00,0,0,0
8/25/2016 1:00,0,0,0
8/25/2016 2:00,0,0,0
8/25/2016 3:00,0,0,0
8/25/2016 4:00,0,0,0
8/25/2016 5:00,0,0,0
8/25/2016 6:00,0,0,0
8/25/2016 7:00,0,0,0
8/25/2016 8:00,0,0,0
8/25/2016 9:00,0,0,0
8/25/2016 10:00,0,0,0
8/25/2016 11:00,0,0,0
8/25/2016 12:00,0,0,0
8/25/2016 13:00,0,0,0
8/25/2016 14:00,0,0,0
8/25/2016 15:00,0,0,0
8/25/2016 16:00,0,0,0
8/25/2016 17:00,0,0,0
8/25/2016 18:00,0,0,0
8/25/2016 19:00,0,0,0
8/25/2016 20:00,0,0,0
8/25/2016 21:00,0,0,0
8/25/2016 22:00,0,0,0
8/25/2016 23:00,0,0,0
8/26/2016 0:00,0,0,0
8/26/2016 1:00,0,0,0
8/26/2016 2:00,0,0,0
8/26/2016 3:00,0,0,0
8/26/2016 4:00,0,0,0
8/26/2016 5:00,0,0,0
8/26/2016 6:00,0,0,0
8/26/2016 7:00,0,0,0
8/26/2016 8:00,0,0,0
8/26/2016 9:00,0,0,0
8/26/2016 10:00,0,0,0
8/26/2016 11:00,0,0,0
8/26/2016 12:00,0,0,0
8/26/2016 13:00,0,0,0
8/26/2016 14:00,0,0,0
8/26/2016 15:00,0,0,0
8/26/2016 16:00,0,0,0
8/26/2016 17:00,0,0,0
8/26/2016 18:00,0,0,0
8/26/2016 19:00,0,0,0
8/26/2016 20:00,0,0,0
8/26/2016 21:00,0,0,0
8/26/2016 22:00,0,0,0
8/26/2016 23:00,0,0,0
8/27/2016 0:00,0,0,0
8/27/2016 1:00,0,0,0
8/27/2016 2:00,0,0,0
8/27/2016 3:00,0,0,0
8/27/2016 4:00,0,0,0
8/27/2016 5:00,0,0,0
8/27/2016 6:00,0,0,0
8/27/2016 7:00,0,0,0
8/27/2016 8:00,0,0,0
8/27/2016 9:00,0,0,0
8/27/2016 10:00,0,0,0
8/27/2016 11:00,0,0,0
8/27/2016 12:00,0,0,0
8/27/2016 13:00,0,0,0
8/27/2016 14:00,0,0,0
8/27/2016 15:00,0,0,0
8/27/2016 16:00,0,0,0
8/27/2016 17:00,0,0,0
8/27/2016 18:00,0,0,0
8/27/2016 19:00,0,0,0
8/27/2016 20:00,0,0,0
8/27/2016 21:00,0,0,0
8/27/2016 22:00,0,0,0
8/27/2016 23:00,0,0,0
8/28/2016 0:00,0,0,0
8/28/2016 1:00,0,0,0
8/28/2016 2:00,0,0,0
8/28/2016 3:00,0,0,0
8/28/2016 4:00,0,0,0
8/28/2016 5:00,0,0,0
8/28/2016 6:00,0,0,0
8/28/2016 7:00,0,0,0
8/28/2016 8:00,0,0,0
8/28/2016 9:00,0,0,0
8/28/2016 10:00,0,0,0
8/28/2016 11:00,0,0,0
8/28/2016 12:00,0,0,0
8/28/2016 13:00,0,0,0
8/28/2016 14:00,0,0,0
8/28/2016 15:00,0,0,0
8/28/2016 16:00,0,0,0
8/28/2016 17:00,0,0,0
8/28/2016 18:00,0,0,0
8/28/2016 19:00,0,0,0
8/28/2016 20:00,0,0,0
8/28/2016 21:00,0,0,0
8/28/2016 22:00,0,0,0
8/28/2016 23:00,0,0,0
8/29/2016 0:00,0,0,0
8/29/2016 1:00,0,0,0
8/29/2016 2:00,0,0,0
8/29/2016 3:00,0,0,0
8/29/2016 4:00,0,0,0
8/29/2016 5:00,0,0,0
8/29/2016 6:00,0,0,0
8/29/2016 7:00,0,0,0
8/29/2016 8:00,0,0,0
8/29/2016 9:00,0,0,0
8/29/2016 10:00,0,0,0
8/29/2016 11:00,0,0,0
8/29/2016 12:00,0,0,0
8/29/2016 13:00,0,0,0
8/29/2016 14:00,0,0,0
8/29/2016 15:00,0,0,0
8/29/2016 16:00,0,0,0
8/29/2016 17:00,0,0,0
8/29/2016 18:00,0,0,0
8/29/2016 19:00,0,0,0
8/29/2016 20:00,0,0,0
8/29/2016 21:00,0,0,0
8/29/2016 22:00,0,0,0
8/29/2016 23:00,0,0,0
8/30/2016 0:00,0,0,0
8/30/2016 1:00,0,0,0
8/30/2016 2:00,0,0,0
8/30/2016 3:00,0,0,0
8/30/2016 4:00,0,0,0
8/30/2016 5:00,0,0,0
8/30/2016 6:00,0,0,0
8/30/2016 7:00,0,0,0
8/30/2016 8:00,0,0,0
8/30/2016 9:00,0,0,0
8/30/2016 10:00,0,0,0
8/30/2016 11:00,0,0,0
8/30/2016 12:00,0,0,0
8/30/2016 13:00,0,0,0
8/30/2016 14:00,0,0,0
8/30/2016 15:00,0,0,0
8/30/2016 16:00,0,0,0
8/30/2016 17:00,0,0,0
8/30/2016 18:00,0,0,0
8/30/2016 19:00,0,0,0
8/30/2016 20:00,0,0,0
8/30/2016 21:00,0,0,0
8/30/2016 22:00,0,0,0
8/30/2016 23:00,0,0,0
8/31/2016 0:00,0,0,0
8/31/2016 1:00,0,0,0
8/31/2016 2:00,0,0,0
8/31/2016 3:00,0,0,0
8/31/2016 4:00,0,0,0
8/31/2016 5:00,0,0,0
8/31/2016 6:00,0,0,0
8/31/2016 7:00,0,0,0
8/31/2016 8:00,0,0,0
8/31/2016 9:00,0,0,0
8/31/2016 10:00,0,0,0
8/31/2016 11:00,0,0,0
8/31/2016 12:00,0,0,0
8/31/2016 13:00,0,0,0
8/31/2016 14:00,0,0,0
8/31/2016 15:00,0,0,0
8/31/2016 16:00,0,0,0
8/31/2016 17:00,0,0,0
8/31/2016 18:00,0,0,0
8/31/2016 19:00,0,0,0
8/31/2016 20:00,0,0,0
8/31/2016 21:00,0,0,0
8/31/2016 22:00,0,0,0
8/31/2016 23:00,0,0,0
9/1/2016 0:00,0,0,0
9/1/2016 1:00,0,0,0
9/1/2016 2:00,0,0,0
9/1/2016 3:00,0,0,0
9/1/2016 4:00,0,0,0
9/1/2016 5:00,0,0,0
9/1/2016 6:00,0,0,0
9/1/2016 7:00,0,0,0
9/1/2016 8:00,0,0,0
9/1/2016 9:00,0,0,0
9/1/2016 10:00,0,0,0
9/1/2016 11:00,0,0,0
9/1/2016 12:00,0,0,0
9/1/2016 13:00,0,0,0
9/1/2016 14:00,0,0,0
9/1/2016 15:00,0,0,0
9/1/2016 16:00,0,0,0
9/1/2016 17:00,0,0,0
9/1/2016 18:00,0,0,0
9/1/2016 19:00,0,0,0
9/1/2016 20:00,0,0,0
9/1/2016 21:00,0,0,0
9/1/2016 22:00,0,0,0
9/1/2016 23:00,0,0,0
9/2/2016 0:00,0,0,0
9/2/2016 1:00,0,0,0
9/2/2016 2:00,0,0,0
9/2/2016 3:00,0,0,0
9/2/2016 4:00,0,0,0
9/2/2016 5:00,0,0,0
9/2/2016 6:00,0,0,0
9/2/2016 7:00,0,0,0
9/2/2016 8:00,0,0,0
9/2/2016 9:00,0,0,0
9/2/2016 10:00,,,
9/2/2016 11:00,0,0,0
9/2/2016 12:00,0,0,0
9/2/2016 13:00,0,0,0
9/2/2016 14:00,0,0,0
9/2/2016 15:00,0,0,0
9/2/2016 16:00,0,0,0
9/2/2016 17:00,0,0,0
9/2/2016 18:00,0,0,0
9/2/2016 19:00,0,0,0
9/2/2016 20:00,0,0,0
9/2/2016 21:00,0,0,0
9/2/2016 22:00,0,0,0
9/2/2016 23:00,0,0,0
9/3/2016 0:00,0,0,0
9/3/2016 1:00,0,0,0
9/3/2016 2:00,0,0,0
9/3/2016 3:00,0,0,0
9/3/2016 4:00,0,0,0
9/3/2016 5:00,0,0,0
9/3/2016 6:00,0,0,0
9/3/2016 7:00,0,0,0
9/3/2016 8:00,0,0,0
9/3/2016 9:00,0,0,0
9/3/2016 10:00,0,0,0
9/3/2016 11:00,0,0,0
9/3/2016 12:00,0,0,0
9/3/2016 13:00,0,0,0
9/3/2016 14:00,0,0,0
9/3/2016 15:00,0,0,0
9/3/2016 16:00,0,0,0
9/3/2016 17:00,0,0,0
9/3/2016 18:00,0,0,0
9/3/2016 19:00,0,0,0
9/3/2016 20:00,0,0,0
9/3/2016 21:00,0,0,0
9/3/2016 22:00,0,0,0
9/3/2016 23:00,0,0,0
9/4/2016 0:00,0,0,0
9/4/2016 1:00,0,0,0
9/4/2016 2:00,0,0,0
9/4/2016 3:00,0,0,0
9/4/2016 4:00,0,0,0
9/4/2016 5:00,0,0,0
9/4/2016 6:00,0,0,0
9/4/2016 7:00,0,0,0
9/4/2016 8:00,0,0,0
9/4/2016 9:00,0,0,0
9/4/2016 10:00,0,0,0
9/4/2016 11:00,0,0,0
9/4/2016 12:00,0,0,0
9/4/2016 13:00,0,0,0
9/4/2016 14:00,0,0,0
9/4/2016 15:00,0,0,0
9/4/2016 16:00,0,0,0
9/4/2016 17:00,0,0,0
9/4/2016 18:00,0,0,0
9/4/2016 19:00,0,0,0
9/4/2016 20:00,0,0,0
9/4/2016 21:00,0,0,0
9/4/2016 22:00,0,0,0
9/4/2016 23:00,0,0,0
9/5/2016 0:00,0,0,0
9/5/2016 1:00,0,0,0
9/5/2016 2:00,0,0,0
9/5/2016 3:00,0,0,0
9/5/2016 4:00,0,0,0
9/5/2016 5:00,0,0,0
9/5/2016 6:00,0,0,0
9/5/2016 7:00,0,0,0
9/5/2016 8:00,0,0,0
9/5/2016 9:00,0,0,0
9/5/2016 10:00,0,0,0
9/5/2016 11:00,0,0,0
9/5/2016 12:00,0,0,0
9/5/2016 13:00,0,0,0
9/5/2016 14:00,0,0,0
9/5/2016 15:00,0,0,0
9/5/2016 16:00,0,0,0
9/5/2016 17:00,0,0,0
9/5/2016 18:00,0,0,0
9/5/2016 19:00,0,0,0
9/5/2016 20:00,0,0,0
9/5/2016 21:00,0,0,0
9/5/2016 22:00,0,0,0
9/5/2016 23:00,0,0,0
9/6/2016 0:00,0,0,0
9/6/2016 1:00,0,0,0
9/6/2016 2:00,0,0,0
9/6/2016 3:00,0,0,0
9/6/2016 4:00,0,0,0
9/6/2016 5:00,0,0,0
9/6/2016 6:00,0,0,0
9/6/2016 7:00,0,0,0
9/6/2016 8:00,0,0,0
9/6/2016 9:00,0,0,0
9/6/2016 10:00,0,0,0
9/6/2016 11:00,0,0,0
9/6/2016 12:00,0,0,0
9/6/2016 13:00,0,0,0
9/6/2016 14:00,0,0,0
9/6/2016 15:00,0,0,0
9/6/2016 16:00,0,0,0
9/6/2016 17:00,0,0,0
9/6/2016 18:00,0,0,0
9/6/2016 19:00,0,0,0
9/6/2016 20:00,0,0,0
9/6/2016 21:00,0,0,0
9/6/2016 22:00,0,0,0
9/6/2016 23:00,0,0,0
9/7/2016 0:00,0,0,0
9/7/2016 1:00,0,0,0
9/7/2016 2:00,0,0,0
9/7/2016 3:00,0,0,0
9/7/2016 4:00,0,0,0
9/7/2016 5:00,0,0,0
9/7/2016 6:00,0,0,0
9/7/2016 7:00,0,0,0
9/7/2016 8:00,0,0,0
9/7/2016 9:00,0,0,0
9/7/2016 10:00,0,0,0
9/7/2016 11:00,0,0,0
9/7/2016 12:00,0,0,0
9/7/2016 13:00,0,0,0
9/7/2016 14:00,0,0,0
9/7/2016 15:00,0,0,0
9/7/2016 16:00,0,0,0
9/7/2016 17:00,0,0,0
9/7/2016 18:00,0,0,0
9/7/2016 19:00,0,0,0
9/7/2016 20:00,0,0,0
9/7/2016 21:00,0,0,0
9/7/2016 22:00,0,0,0
9/7/2016 23:00,0,0,0
9/8/2016 0:00,0,0,0
9/8/2016 1:00,0,0,0
9/8/2016 2:00,0,0,0
9/8/2016 3:00,0,0,0
9/8/2016 4:00,0,0,0
9/8/2016 5:00,0,0,0
9/8/2016 6:00,0,0,0
9/8/2016 7:00,0,0,0
9/8/2016 8:00,0,0,0
9/8/2016 9:00,0,0,0
9/8/2016 10:00,0,0,0
9/8/2016 11:00,0,0,0
9/8/2016 12:00,0,0,0
9/8/2016 13:00,0,0,0
9/8/2016 14:00,0,0,0
9/8/2016 15:00,0,0,0
9/8/2016 16:00,0,0,0
9/8/2016 17:00,0,0,0
9/8/2016 18:00,0,0,0
9/8/2016 19:00,0,0,0
9/8/2016 20:00,0,0,0
9/8/2016 21:00,0,0,0
9/8/2016 22:00,0,0,0
9/8/2016 23:00,0,0,0
9/9/2016 0:00,0,0,0
9/9/2016 1:00,0,0,0
9/9/2016 2:00,0,0,0
9/9/2016 3:00,0,0,0
9/9/2016 4:00,0,0,0
9/9/2016 5:00,0,0,0
9/9/2016 6:00,0,0,0
9/9/2016 7:00,0,0,0
9/9/2016 8:00,0,0,0
9/9/2016 9:00,0,0,0
9/9/2016 10:00,0,0,0
9/9/2016 11:00,25,17,8
9/9/2016 12:00,19,12,7
9/9/2016 13:00,37,32,5
9/9/2016 14:00,25,17,8
9/9/2016 15:00,17,13,4
9/9/2016 16:00,41,35,6
9/9/2016 17:00,21,12,9
9/9/2016 18:00,29,22,7
9/9/2016 19:00,25,21,4
9/9/2016 20:00,14,11,3
9/9/2016 21:00,14,11,3
9/9/2016 22:00,7,5,2
9/9/2016 23:00,6,3,3
9/10/2016 0:00,4,4,0
9/10/2016 1:00,8,7,1
9/10/2016 2:00,3,2,1
9/10/2016 3:00,0,0,0
9/10/2016 4:00,1,1,0
9/10/2016 5:00,0,0,0
9/10/2016 6:00,0,0,0
9/10/2016 7:00,2,2,0
9/10/2016 8:00,17,12,5
9/10/2016 9:00,21,15,6
9/10/2016 10:00,26,21,5
9/10/2016 11:00,49,38,11
9/10/2016 12:00,34,26,8
9/10/2016 13:00,44,33,11
9/10/2016 14:00,32,23,9
9/10/2016 15:00,39,27,12
9/10/2016 16:00,35,32,3
9/10/2016 17:00,38,26,12
9/10/2016 18:00,21,16,5
9/10/2016 19:00,39,34,5
9/10/2016 20:00,7,6,1
9/10/2016 21:00,8,7,1
9/10/2016 22:00,12,11,1
9/10/2016 23:00,11,7,4
9/11/2016 0:00,7,6,1
9/11/2016 1:00,2,2,0
9/11/2016 2:00,0,0,0
9/11/2016 3:00,0,0,0
9/11/2016 4:00,0,0,0
9/11/2016 5:00,2,2,0
9/11/2016 6:00,2,1,1
9/11/2016 7:00,4,2,2
9/11/2016 8:00,10,9,1
9/11/2016 9:00,18,10,8
9/11/2016 10:00,37,27,10
9/11/2016 11:00,53,44,9
9/11/2016 12:00,49,35,14
9/11/2016 13:00,71,44,27
9/11/2016 14:00,57,40,17
9/11/2016 15:00,19,15,4
9/11/2016 16:00,29,21,8
9/11/2016 17:00,28,25,3
9/11/2016 18:00,23,17,6
9/11/2016 19:00,15,10,5
9/11/2016 20:00,16,12,4
9/11/2016 21:00,5,5,0
9/11/2016 22:00,2,2,0
9/11/2016 23:00,5,3,2
9/12/2016 0:00,5,4,1
9/12/2016 1:00,2,2,0
9/12/2016 2:00,0,0,0
9/12/2016 3:00,0,0,0
9/12/2016 4:00,0,0,0
9/12/2016 5:00,1,0,1
9/12/2016 6:00,15,12,3
9/12/2016 7:00,31,26,5
9/12/2016 8:00,26,20,6
9/12/2016 9:00,26,21,5
9/12/2016 10:00,16,11,5
9/12/2016 11:00,41,36,5
9/12/2016 12:00,36,30,6
9/12/2016 13:00,44,33,11
9/12/2016 14:00,30,26,4
9/12/2016 15:00,28,24,4
9/12/2016 16:00,47,33,14
9/12/2016 17:00,49,40,9
9/12/2016 18:00,44,31,13
9/12/2016 19:00,31,29,2
9/12/2016 20:00,23,19,4
9/12/2016 21:00,10,9,1
9/12/2016 22:00,11,8,3
9/12/2016 23:00,3,2,1
9/13/2016 0:00,0,0,0
9/13/2016 1:00,0,0,0
9/13/2016 2:00,2,2,0
9/13/2016 3:00,0,0,0
9/13/2016 4:00,2,0,2
9/13/2016 5:00,2,0,2
9/13/2016 6:00,2,1,1
9/13/2016 7:00,25,22,3
9/13/2016 8:00,37,24,13
9/13/2016 9:00,23,13,10
9/13/2016 10:00,24,17,7
9/13/2016 11:00,32,17,15
9/13/2016 12:00,26,13,13
9/13/2016 13:00,52,40,12
9/13/2016 14:00,40,31,9
9/13/2016 15:00,36,27,9
9/13/2016 16:00,27,20,7
9/13/2016 17:00,54,41,13
9/13/2016 18:00,20,14,6
9/13/2016 19:00,26,13,13
9/13/2016 20:00,22,18,4
9/13/2016 21:00,19,18,1
9/13/2016 22:00,3,2,1
9/13/2016 23:00,3,2,1
9/14/2016 0:00,1,1,0
9/14/2016 1:00,0,0,0
9/14/2016 2:00,4,4,0
9/14/2016 3:00,0,0,0
9/14/2016 4:00,2,0,2
9/14/2016 5:00,5,2,3
9/14/2016 6:00,11,10,1
9/14/2016 7:00,28,22,6
9/14/2016 8:00,28,19,9
9/14/2016 9:00,17,9,8
9/14/2016 10:00,16,9,7
9/14/2016 11:00,31,22,9
9/14/2016 12:00,38,32,6
9/14/2016 13:00,28,20,8
9/14/2016 14:00,29,21,8
9/14/2016 15:00,39,32,7
9/14/2016 16:00,26,12,14
9/14/2016 17:00,33,26,7
9/14/2016 18:00,45,29,16
9/14/2016 19:00,29,19,10
9/14/2016 20:00,16,8,8
9/14/2016 21:00,10,6,4
9/14/2016 22:00,3,3,0
9/14/2016 23:00,5,3,2
9/15/2016 0:00,2,0,2
9/15/2016 1:00,1,0,1
9/15/2016 2:00,0,0,0
9/15/2016 3:00,0,0,0
9/15/2016 4:00,1,0,1
9/15/2016 5:00,2,0,2
9/15/2016 6:00,11,8,3
9/15/2016 7:00,28,26,2
9/15/2016 8:00,34,26,8
9/15/2016 9:00,39,34,5
9/15/2016 10:00,37,30,7
9/15/2016 11:00,17,10,7
9/15/2016 12:00,2,1,1
9/15/2016 13:00,7,4,3
9/15/2016 14:00,8,4,4
9/15/2016 15:00,10,4,6
9/15/2016 16:00,12,5,7
9/15/2016 17:00,22,12,10
9/15/2016 18:00,20,9,11
9/15/2016 19:00,11,6,5
9/15/2016 20:00,6,3,3
9/15/2016 21:00,5,1,4
9/15/2016 22:00,1,1,0
9/15/2016 23:00,2,1,1
9/16/2016 0:00,0,0,0
9/16/2016 1:00,0,0,0
9/16/2016 2:00,0,0,0
9/16/2016 3:00,0,0,0
9/16/2016 4:00,0,0,0
9/16/2016 5:00,2,1,1
9/16/2016 6:00,3,1,2
9/16/2016 7:00,11,5,6
9/16/2016 8:00,13,8,5
9/16/2016 9:00,10,6,4
9/16/2016 10:00,18,1,17
9/16/2016 11:00,3,1,2
9/16/2016 12:00,5,2,3
9/16/2016 13:00,9,5,4
9/16/2016 14:00,20,15,5
9/16/2016 15:00,13,7,6
9/16/2016 16:00,12,6,6
9/16/2016 17:00,13,6,7
9/16/2016 18:00,7,4,3
9/16/2016 19:00,10,3,7
9/16/2016 20:00,4,2,2
9/16/2016 21:00,2,0,2
9/16/2016 22:00,3,0,3
9/16/2016 23:00,1,0,1
9/17/2016 0:00,1,0,1
9/17/2016 1:00,1,0,1
9/17/2016 2:00,1,0,1
9/17/2016 3:00,1,1,0
9/17/2016 4:00,0,0,0
9/17/2016 5:00,0,0,0
9/17/2016 6:00,1,0,1
9/17/2016 7:00,3,0,3
9/17/2016 8:00,4,1,3
9/17/2016 9:00,4,1,3
9/17/2016 10:00,10,1,9
9/17/2016 11:00,8,5,3
9/17/2016 12:00,9,5,4
9/17/2016 13:00,10,3,7
9/17/2016 14:00,11,4,7
9/17/2016 15:00,9,2,7
9/17/2016 16:00,10,5,5
9/17/2016 17:00,10,4,6
9/17/2016 18:00,6,2,4
9/17/2016 19:00,7,5,2
9/17/2016 20:00,2,0,2
9/17/2016 21:00,4,1,3
9/17/2016 22:00,1,0,1
9/17/2016 23:00,1,1,0
9/18/2016 0:00,2,2,0
9/18/2016 1:00,1,0,1
9/18/2016 2:00,1,1,0
9/18/2016 3:00,0,0,0
9/18/2016 4:00,1,0,1
9/18/2016 5:00,0,0,0
9/18/2016 6:00,2,1,1
9/18/2016 7:00,3,0,3
9/18/2016 8:00,4,3,1
9/18/2016 9:00,8,2,6
9/18/2016 10:00,22,3,19
9/18/2016 11:00,12,6,6
9/18/2016 12:00,18,9,9
9/18/2016 13:00,19,7,12
9/18/2016 14:00,19,8,11
9/18/2016 15:00,24,10,14
9/18/2016 16:00,23,13,10
9/18/2016 17:00,13,6,7
9/18/2016 18:00,8,3,5
9/18/2016 19:00,6,3,3
9/18/2016 20:00,3,0,3
9/18/2016 21:00,5,2,3
9/18/2016 22:00,1,0,1
9/18/2016 23:00,1,1,0
9/19/2016 0:00,0,0,0
9/19/2016 1:00,0,0,0
9/19/2016 2:00,1,0,1
9/19/2016 3:00,0,0,0
9/19/2016 4:00,0,0,0
9/19/2016 5:00,3,0,3
9/19/2016 6:00,0,0,0
9/19/2016 7:00,11,4,7
9/19/2016 8:00,11,5,6
9/19/2016 9:00,8,5,3
9/19/2016 10:00,5,2,3
9/19/2016 11:00,8,5,3
9/19/2016 12:00,10,4,6
9/19/2016 13:00,10,3,7
9/19/2016 14:00,8,2,6
9/19/2016 15:00,6,2,4
9/19/2016 16:00,10,7,3
9/19/2016 17:00,14,4,10
9/19/2016 18:00,19,8,11
9/19/2016 19:00,11,4,7
9/19/2016 20:00,6,4,2
9/19/2016 21:00,1,1,0
9/19/2016 22:00,0,0,0
9/19/2016 23:00,1,1,0
9/20/2016 0:00,1,1,0
9/20/2016 1:00,0,0,0
9/20/2016 2:00,0,0,0
9/20/2016 3:00,0,0,0
9/20/2016 4:00,0,0,0
9/20/2016 5:00,1,0,1
9/20/2016 6:00,2,1,1
9/20/2016 7:00,12,5,7
9/20/2016 8:00,15,7,8
9/20/2016 9:00,12,3,9
9/20/2016 10:00,2,0,2
9/20/2016 11:00,10,3,7
9/20/2016 12:00,5,3,2
9/20/2016 13:00,6,3,3
9/20/2016 14:00,9,5,4
9/20/2016 15:00,10,4,6
9/20/2016 16:00,12,8,4
9/20/2016 17:00,22,15,7
9/20/2016 18:00,24,6,18
9/20/2016 19:00,12,7,5
9/20/2016 20:00,3,1,2
9/20/2016 21:00,2,1,1
9/20/2016 22:00,1,1,0
9/20/2016 23:00,2,1,1
9/21/2016 0:00,0,0,0
9/21/2016 1:00,0,0,0
9/21/2016 2:00,0,0,0
9/21/2016 3:00,0,0,0
9/21/2016 4:00,1,1,0
9/21/2016 5:00,3,1,2
9/21/2016 6:00,2,0,2
9/21/2016 7:00,13,7,6
9/21/2016 8:00,12,4,8
9/21/2016 9:00,8,4,4
9/21/2016 10:00,7,3,4
9/21/2016 11:00,7,1,6
9/21/2016 12:00,7,2,5
9/21/2016 13:00,11,5,6
9/21/2016 14:00,4,2,2
9/21/2016 15:00,11,5,6
9/21/2016 16:00,10,7,3
9/21/2016 17:00,13,4,9
9/21/2016 18:00,13,7,6
9/21/2016 19:00,8,2,6
9/21/2016 20:00,3,0,3
9/21/2016 21:00,6,2,4
9/21/2016 22:00,5,3,2
9/21/2016 23:00,2,0,2
9/22/2016 0:00,0,0,0
9/22/2016 1:00,0,0,0
9/22/2016 2:00,0,0,0
9/22/2016 3:00,0,0,0
9/22/2016 4:00,0,0,0
9/22/2016 5:00,2,0,2
9/22/2016 6:00,3,2,1
9/22/2016 7:00,6,3,3
9/22/2016 8:00,10,6,4
9/22/2016 9:00,13,5,8
9/22/2016 10:00,7,2,5
9/22/2016 11:00,7,3,4
9/22/2016 12:00,15,7,8
9/22/2016 13:00,7,4,3
9/22/2016 14:00,8,3,5
9/22/2016 15:00,6,2,4
9/22/2016 16:00,15,5,10
9/22/2016 17:00,25,17,8
9/22/2016 18:00,15,4,11
9/22/2016 19:00,9,4,5
9/22/2016 20:00,4,4,0
9/22/2016 21:00,2,1,1
9/22/2016 22:00,2,0,2
9/22/2016 23:00,1,0,1
9/23/2016 0:00,1,0,1
9/23/2016 1:00,0,0,0
9/23/2016 2:00,0,0,0
9/23/2016 3:00,2,0,2
9/23/2016 4:00,1,0,1
9/23/2016 5:00,1,0,1
9/23/2016 6:00,2,0,2
9/23/2016 7:00,9,3,6
9/23/2016 8:00,9,4,5
9/23/2016 9:00,7,1,6
9/23/2016 10:00,9,2,7
9/23/2016 11:00,11,1,10
9/23/2016 12:00,5,3,2
9/23/2016 13:00,7,3,4
9/23/2016 14:00,6,3,3
9/23/2016 15:00,3,2,1
9/23/2016 16:00,8,4,4
9/23/2016 17:00,14,3,11
9/23/2016 18:00,8,0,8
9/23/2016 19:00,11,1,10
9/23/2016 20:00,3,3,0
9/23/2016 21:00,2,1,1
9/23/2016 22:00,3,0,3
9/23/2016 23:00,0,0,0
9/24/2016 0:00,2,1,1
9/24/2016 1:00,2,1,1
9/24/2016 2:00,1,1,0
9/24/2016 3:00,1,0,1
9/24/2016 4:00,0,0,0
9/24/2016 5:00,1,0,1
9/24/2016 6:00,1,1,0
9/24/2016 7:00,1,0,1
9/24/2016 8:00,6,2,4
9/24/2016 9:00,6,4,2
9/24/2016 10:00,9,1,8
9/24/2016 11:00,10,5,5
9/24/2016 12:00,16,12,4
9/24/2016 13:00,11,3,8
9/24/2016 14:00,14,5,9
9/24/2016 15:00,9,3,6
9/24/2016 16:00,22,9,13
9/24/2016 17:00,10,7,3
9/24/2016 18:00,17,5,12
9/24/2016 19:00,9,6,3
9/24/2016 20:00,3,1,2
9/24/2016 21:00,6,3,3
9/24/2016 22:00,3,1,2
9/24/2016 23:00,1,0,1
9/25/2016 0:00,0,0,0
9/25/2016 1:00,0,0,0
9/25/2016 2:00,0,0,0
9/25/2016 3:00,1,0,1
9/25/2016 4:00,0,0,0
9/25/2016 5:00,0,0,0
9/25/2016 6:00,1,1,0
9/25/2016 7:00,3,1,2
9/25/2016 8:00,2,0,2
9/25/2016 9:00,10,6,4
9/25/2016 10:00,7,2,5
9/25/2016 11:00,17,8,9
9/25/2016 12:00,10,4,6
9/25/2016 13:00,22,9,13
9/25/2016 14:00,13,4,9
9/25/2016 15:00,14,7,7
9/25/2016 16:00,16,6,10
9/25/2016 17:00,9,3,6
9/25/2016 18:00,10,8,2
9/25/2016 19:00,10,2,8
9/25/2016 20:00,6,4,2
9/25/2016 21:00,1,1,0
9/25/2016 22:00,3,2,1
9/25/2016 23:00,2,1,1
9/26/2016 0:00,0,0,0
9/26/2016 1:00,0,0,0
9/26/2016 2:00,0,0,0
9/26/2016 3:00,0,0,0
9/26/2016 4:00,0,0,0
9/26/2016 5:00,1,0,1
9/26/2016 6:00,5,2,3
9/26/2016 7:00,6,3,3
9/26/2016 8:00,13,5,8
9/26/2016 9:00,13,4,9
9/26/2016 10:00,12,6,6
9/26/2016 11:00,10,4,6
9/26/2016 12:00,8,0,8
9/26/2016 13:00,16,6,10
9/26/2016 14:00,14,9,5
9/26/2016 15:00,18,8,10
9/26/2016 16:00,12,7,5
9/26/2016 17:00,24,16,8
9/26/2016 18:00,22,9,13
9/26/2016 19:00,4,4,0
9/26/2016 20:00,11,5,6
9/26/2016 21:00,4,0,4
9/26/2016 22:00,2,1,1
9/26/2016 23:00,1,0,1
9/27/2016 0:00,2,1,1
9/27/2016 1:00,0,0,0
9/27/2016 2:00,0,0,0
9/27/2016 3:00,0,0,0
9/27/2016 4:00,0,0,0
9/27/2016 5:00,4,1,3
9/27/2016 6:00,2,2,0
9/27/2016 7:00,5,3,2
9/27/2016 8:00,11,5,6
9/27/2016 9:00,7,2,5
9/27/2016 10:00,12,2,10
9/27/2016 11:00,7,5,2
9/27/2016 12:00,8,3,5
9/27/2016 13:00,12,3,9
9/27/2016 14:00,6,4,2
9/27/2016 15:00,11,6,5
9/27/2016 16:00,15,6,9
9/27/2016 17:00,24,12,12
9/27/2016 18:00,13,7,6
9/27/2016 19:00,6,5,1
9/27/2016 20:00,8,2,6
9/27/2016 21:00,5,3,2
9/27/2016 22:00,3,2,1
9/27/2016 23:00,0,0,0
9/28/2016 0:00,0,0,0
9/28/2016 1:00,1,1,0
9/28/2016 2:00,0,0,0
9/28/2016 3:00,0,0,0
9/28/2016 4:00,0,0,0
9/28/2016 5:00,1,0,1
9/28/2016 6:00,2,1,1
9/28/2016 7:00,5,3,2
9/28/2016 8:00,10,4,6
9/28/2016 9:00,10,5,5
9/28/2016 10:00,8,1,7
9/28/2016 11:00,6,2,4
9/28/2016 12:00,5,1,4
9/28/2016 13:00,11,6,5
9/28/2016 14:00,11,2,9
9/28/2016 15:00,8,4,4
9/28/2016 16:00,13,7,6
9/28/2016 17:00,22,16,6
9/28/2016 18:00,20,8,12
9/28/2016 19:00,8,3,5
9/28/2016 20:00,11,7,4
9/28/2016 21:00,5,2,3
9/28/2016 22:00,0,0,0
9/28/2016 23:00,1,1,0
9/29/2016 0:00,0,0,0
9/29/2016 1:00,0,0,0
9/29/2016 2:00,1,0,1
9/29/2016 3:00,0,0,0
9/29/2016 4:00,0,0,0
9/29/2016 5:00,1,0,1
9/29/2016 6:00,3,2,1
9/29/2016 7:00,3,3,0
9/29/2016 8:00,16,7,9
9/29/2016 9:00,16,8,8
9/29/2016 10:00,5,2,3
9/29/2016 11:00,19,12,7
9/29/2016 12:00,3,1,2
9/29/2016 13:00,10,3,7
9/29/2016 14:00,12,7,5
9/29/2016 15:00,8,3,5
9/29/2016 16:00,9,4,5
9/29/2016 17:00,7,6,1
9/29/2016 18:00,13,7,6
9/29/2016 19:00,11,3,8
9/29/2016 20:00,2,2,0
9/29/2016 21:00,2,1,1
9/29/2016 22:00,2,1,1
9/29/2016 23:00,2,1,1
9/30/2016 0:00,0,0,0
9/30/2016 1:00,0,0,0
9/30/2016 2:00,0,0,0
9/30/2016 3:00,1,1,0
9/30/2016 4:00,0,0,0
9/30/2016 5:00,1,1,0
9/30/2016 6:00,5,4,1
9/30/2016 7:00,6,5,1
9/30/2016 8:00,15,5,10
9/30/2016 9:00,11,5,6
9/30/2016 10:00,5,1,4
9/30/2016 11:00,13,0,13
9/30/2016 12:00,14,4,10
9/30/2016 13:00,15,9,6
9/30/2016 14:00,9,5,4
9/30/2016 15:00,8,2,6
9/30/2016 16:00,11,5,6
9/30/2016 17:00,16,8,8
9/30/2016 18:00,17,8,9
9/30/2016 19:00,7,2,5
9/30/2016 20:00,7,2,5
9/30/2016 21:00,8,1,7
9/30/2016 22:00,3,0,3
9/30/2016 23:00,3,2,1
10/1/2016 0:00,3,1,2
10/1/2016 1:00,1,1,0
10/1/2016 2:00,0,0,0
10/1/2016 3:00,0,0,0
10/1/2016 4:00,1,1,0
10/1/2016 5:00,0,0,0
10/1/2016 6:00,1,0,1
10/1/2016 7:00,1,0,1
10/1/2016 8:00,4,1,3
10/1/2016 9:00,8,4,4
10/1/2016 10:00,12,7,5
10/1/2016 11:00,21,6,15
10/1/2016 12:00,15,4,11
10/1/2016 13:00,6,1,5
10/1/2016 14:00,5,2,3
10/1/2016 15:00,15,5,10
10/1/2016 16:00,10,4,6
10/1/2016 17:00,14,6,8
10/1/2016 18:00,2,2,0
10/1/2016 19:00,3,0,3
10/1/2016 20:00,5,2,3
10/1/2016 21:00,2,1,1
10/1/2016 22:00,5,2,3
10/1/2016 23:00,0,0,0
10/2/2016 0:00,1,1,0
10/2/2016 1:00,2,1,1
10/2/2016 2:00,0,0,0
10/2/2016 3:00,0,0,0
10/2/2016 4:00,1,0,1
10/2/2016 5:00,0,0,0
10/2/2016 6:00,1,0,1
10/2/2016 7:00,1,0,1
10/2/2016 8:00,3,2,1
10/2/2016 9:00,8,5,3
10/2/2016 10:00,5,2,3
10/2/2016 11:00,13,7,6
10/2/2016 12:00,11,9,2
10/2/2016 13:00,21,11,10
10/2/2016 14:00,12,5,7
10/2/2016 15:00,15,7,8
10/2/2016 16:00,13,7,6
10/2/2016 17:00,8,4,4
10/2/2016 18:00,7,5,2
10/2/2016 19:00,9,6,3
10/2/2016 20:00,3,3,0
10/2/2016 21:00,4,2,2
10/2/2016 22:00,2,0,2
10/2/2016 23:00,0,0,0
10/3/2016 0:00,0,0,0
10/3/2016 1:00,0,0,0
10/3/2016 2:00,1,0,1
10/3/2016 3:00,0,0,0
10/3/2016 4:00,0,0,0
10/3/2016 5:00,1,0,1
10/3/2016 6:00,4,2,2
10/3/2016 7:00,12,6,6
10/3/2016 8:00,12,6,6
10/3/2016 9:00,11,5,6
10/3/2016 10:00,6,2,4
10/3/2016 11:00,9,5,4
10/3/2016 12:00,12,3,9
10/3/2016 13:00,14,6,8
10/3/2016 14:00,10,3,7
10/3/2016 15:00,11,3,8
10/3/2016 16:00,17,12,5
10/3/2016 17:00,19,5,14
10/3/2016 18:00,17,9,8
10/3/2016 19:00,6,2,4
10/3/2016 20:00,2,1,1
10/3/2016 21:00,0,0,0
10/3/2016 22:00,2,0,2
10/3/2016 23:00,2,1,1
10/4/2016 0:00,1,0,1
10/4/2016 1:00,0,0,0
10/4/2016 2:00,0,0,0
10/4/2016 3:00,0,0,0
10/4/2016 4:00,0,0,0
10/4/2016 5:00,1,0,1
10/4/2016 6:00,1,0,1
10/4/2016 7:00,6,4,2
10/4/2016 8:00,18,10,8
10/4/2016 9:00,10,2,8
10/4/2016 10:00,11,2,9
10/4/2016 11:00,14,6,8
10/4/2016 12:00,11,5,6
10/4/2016 13:00,4,2,2
10/4/2016 14:00,1,1,0
10/4/2016 15:00,8,3,5
10/4/2016 16:00,6,1,5
10/4/2016 17:00,15,2,13
10/4/2016 18:00,16,8,8
10/4/2016 19:00,4,3,1
10/4/2016 20:00,6,3,3
10/4/2016 21:00,5,3,2
10/4/2016 22:00,2,0,2
10/4/2016 23:00,2,0,2
10/5/2016 0:00,0,0,0
10/5/2016 1:00,0,0,0
10/5/2016 2:00,0,0,0
10/5/2016 3:00,2,1,1
10/5/2016 4:00,2,1,1
10/5/2016 5:00,1,0,1
10/5/2016 6:00,4,2,2
10/5/2016 7:00,9,5,4
10/5/2016 8:00,18,5,13
10/5/2016 9:00,8,3,5
10/5/2016 10:00,9,3,6
10/5/2016 11:00,13,2,11
10/5/2016 12:00,10,2,8
10/5/2016 13:00,10,5,5
10/5/2016 14:00,5,3,2
10/5/2016 15:00,14,4,10
10/5/2016 16:00,8,4,4
10/5/2016 17:00,12,7,5
10/5/2016 18:00,21,6,15
10/5/2016 19:00,14,4,10
10/5/2016 20:00,4,1,3
10/5/2016 21:00,2,2,0
10/5/2016 22:00,1,1,0
10/5/2016 23:00,0,0,0
10/6/2016 0:00,0,0,0
10/6/2016 1:00,0,0,0
10/6/2016 2:00,0,0,0
10/6/2016 3:00,0,0,0
10/6/2016 4:00,0,0,0
10/6/2016 5:00,1,0,1
10/6/2016 6:00,4,1,3
10/6/2016 7:00,8,4,4
10/6/2016 8:00,12,2,10
10/6/2016 9:00,18,7,11
10/6/2016 10:00,15,3,12
10/6/2016 11:00,9,3,6
10/6/2016 12:00,13,3,10
10/6/2016 13:00,9,4,5
10/6/2016 14:00,17,8,9
10/6/2016 15:00,15,4,11
10/6/2016 16:00,8,5,3
10/6/2016 17:00,24,8,16
10/6/2016 18:00,8,0,8
10/6/2016 19:00,4,2,2
10/6/2016 20:00,4,1,3
10/6/2016 21:00,5,3,2
10/6/2016 22:00,2,0,2
10/6/2016 23:00,1,0,1
10/7/2016 0:00,3,2,1
10/7/2016 1:00,1,0,1
10/7/2016 2:00,0,0,0
10/7/2016 3:00,0,0,0
10/7/2016 4:00,0,0,0
10/7/2016 5:00,1,0,1
10/7/2016 6:00,2,1,1
10/7/2016 7:00,3,3,0
10/7/2016 8:00,9,3,6
10/7/2016 9:00,7,1,6
10/7/2016 10:00,7,2,5
10/7/2016 11:00,8,2,6
10/7/2016 12:00,10,2,8
10/7/2016 13:00,11,6,5
10/7/2016 14:00,6,2,4
10/7/2016 15:00,11,5,6
10/7/2016 16:00,12,4,8
10/7/2016 17:00,12,5,7
10/7/2016 18:00,18,8,10
10/7/2016 19:00,2,1,1
10/7/2016 20:00,2,1,1
10/7/2016 21:00,10,3,7
10/7/2016 22:00,1,0,1
10/7/2016 23:00,3,3,0
10/8/2016 0:00,1,0,1
10/8/2016 1:00,0,0,0
10/8/2016 2:00,0,0,0
10/8/2016 3:00,0,0,0
10/8/2016 4:00,0,0,0
10/8/2016 5:00,0,0,0
10/8/2016 6:00,0,0,0
10/8/2016 7:00,2,0,2
10/8/2016 8:00,3,2,1
10/8/2016 9:00,8,1,7
10/8/2016 10:00,4,1,3
10/8/2016 11:00,16,5,11
10/8/2016 12:00,6,1,5
10/8/2016 13:00,13,6,7
10/8/2016 14:00,4,1,3
10/8/2016 15:00,7,2,5
10/8/2016 16:00,8,3,5
10/8/2016 17:00,2,1,1
10/8/2016 18:00,6,0,6
10/8/2016 19:00,5,3,2
10/8/2016 20:00,3,2,1
10/8/2016 21:00,3,1,2
10/8/2016 22:00,1,1,0
10/8/2016 23:00,0,0,0
10/9/2016 0:00,1,0,1
10/9/2016 1:00,1,0,1
10/9/2016 2:00,0,0,0
10/9/2016 3:00,1,0,1
10/9/2016 4:00,0,0,0
10/9/2016 5:00,0,0,0
10/9/2016 6:00,0,0,0
10/9/2016 7:00,1,1,0
10/9/2016 8:00,2,1,1
10/9/2016 9:00,4,2,2
10/9/2016 10:00,13,3,10
10/9/2016 11:00,4,1,3
10/9/2016 12:00,16,8,8
10/9/2016 13:00,16,6,10
10/9/2016 14:00,12,8,4
10/9/2016 15:00,10,6,4
10/9/2016 16:00,10,5,5
10/9/2016 17:00,12,4,8
10/9/2016 18:00,6,1,5
10/9/2016 19:00,4,4,0
10/9/2016 20:00,3,0,3
10/9/2016 21:00,1,1,0
10/9/2016 22:00,1,1,0
10/9/2016 23:00,1,1,0
10/10/2016 0:00,1,0,1
10/10/2016 1:00,1,0,1
10/10/2016 2:00,1,0,1
10/10/2016 3:00,0,0,0
10/10/2016 4:00,1,1,0
10/10/2016 5:00,3,0,3
10/10/2016 6:00,2,1,1
10/10/2016 7:00,5,2,3
10/10/2016 8:00,12,4,8
10/10/2016 9:00,9,6,3
10/10/2016 10:00,9,3,6
10/10/2016 11:00,7,3,4
10/10/2016 12:00,7,5,2
10/10/2016 13:00,13,6,7
10/10/2016 14:00,9,6,3
10/10/2016 15:00,8,2,6
10/10/2016 16:00,15,6,9
10/10/2016 17:00,16,8,8
10/10/2016 18:00,7,5,2
10/10/2016 19:00,9,5,4
10/10/2016 20:00,6,3,3
10/10/2016 21:00,6,3,3
10/10/2016 22:00,0,0,0
10/10/2016 23:00,0,0,0
10/11/2016 0:00,0,0,0
10/11/2016 1:00,0,0,0
10/11/2016 2:00,0,0,0
10/11/2016 3:00,0,0,0
10/11/2016 4:00,0,0,0
10/11/2016 5:00,2,0,2
10/11/2016 6:00,2,2,0
10/11/2016 7:00,9,5,4
10/11/2016 8:00,13,7,6
10/11/2016 9:00,12,5,7
10/11/2016 10:00,8,2,6
10/11/2016 11:00,11,9,2
10/11/2016 12:00,14,4,10
10/11/2016 13:00,11,4,7
10/11/2016 14:00,15,8,7
10/11/2016 15:00,7,5,2
10/11/2016 16:00,11,3,8
10/11/2016 17:00,22,12,10
10/11/2016 18:00,18,7,11
10/11/2016 19:00,12,5,7
10/11/2016 20:00,5,0,5
10/11/2016 21:00,3,3,0
10/11/2016 22:00,2,1,1
10/11/2016 23:00,1,0,1
10/12/2016 0:00,0,0,0
10/12/2016 1:00,0,0,0
10/12/2016 2:00,0,0,0
10/12/2016 3:00,0,0,0
10/12/2016 4:00,0,0,0
10/12/2016 5:00,2,2,0
10/12/2016 6:00,5,2,3
10/12/2016 7:00,6,5,1
10/12/2016 8:00,11,4,7
10/12/2016 9:00,15,7,8
10/12/2016 10:00,10,5,5
10/12/2016 11:00,4,1,3
10/12/2016 12:00,13,5,8
10/12/2016 13:00,10,4,6
10/12/2016 14:00,8,2,6
10/12/2016 15:00,10,5,5
10/12/2016 16:00,20,12,8
10/12/2016 17:00,11,5,6
10/12/2016 18:00,16,9,7
10/12/2016 19:00,7,4,3
10/12/2016 20:00,7,2,5
10/12/2016 21:00,3,2,1
10/12/2016 22:00,2,0,2
10/12/2016 23:00,0,0,0
10/13/2016 0:00,0,0,0
10/13/2016 1:00,0,0,0
10/13/2016 2:00,0,0,0
10/13/2016 3:00,0,0,0
10/13/2016 4:00,0,0,0
10/13/2016 5:00,2,1,1
10/13/2016 6:00,1,1,0
10/13/2016 7:00,7,3,4
10/13/2016 8:00,4,2,2
10/13/2016 9:00,2,1,1
10/13/2016 10:00,1,0,1
10/13/2016 11:00,5,0,5
10/13/2016 12:00,3,0,3
10/13/2016 13:00,8,1,7
10/13/2016 14:00,8,3,5
10/13/2016 15:00,10,3,7
10/13/2016 16:00,4,2,2
10/13/2016 17:00,8,4,4
10/13/2016 18:00,14,7,7
10/13/2016 19:00,3,0,3
10/13/2016 20:00,4,1,3
10/13/2016 21:00,0,0,0
10/13/2016 22:00,1,0,1
10/13/2016 23:00,1,1,0
10/14/2016 0:00,0,0,0
10/14/2016 1:00,0,0,0
10/14/2016 2:00,0,0,0
10/14/2016 3:00,0,0,0
10/14/2016 4:00,0,0,0
10/14/2016 5:00,1,0,1
10/14/2016 6:00,0,0,0
10/14/2016 7:00,2,1,1
10/14/2016 8:00,7,4,3
10/14/2016 9:00,3,1,2
10/14/2016 10:00,1,0,1
10/14/2016 11:00,8,3,5
10/14/2016 12:00,7,1,6
10/14/2016 13:00,5,3,2
10/14/2016 14:00,6,4,2
10/14/2016 15:00,4,2,2
10/14/2016 16:00,6,1,5
10/14/2016 17:00,11,0,11
10/14/2016 18:00,7,3,4
10/14/2016 19:00,4,1,3
10/14/2016 20:00,3,1,2
10/14/2016 21:00,4,1,3
10/14/2016 22:00,2,1,1
10/14/2016 23:00,5,3,2
10/15/2016 0:00,2,1,1
10/15/2016 1:00,0,0,0
10/15/2016 2:00,1,0,1
10/15/2016 3:00,0,0,0
10/15/2016 4:00,0,0,0
10/15/2016 5:00,0,0,0
10/15/2016 6:00,1,0,1
10/15/2016 7:00,2,0,2
10/15/2016 8:00,2,2,0
10/15/2016 9:00,8,2,6
10/15/2016 10:00,6,0,6
10/15/2016 11:00,9,3,6
10/15/2016 12:00,7,2,5
10/15/2016 13:00,3,1,2
10/15/2016 14:00,7,1,6
10/15/2016 15:00,13,4,9
10/15/2016 16:00,2,1,1
10/15/2016 17:00,4,0,4
10/15/2016 18:00,2,2,0
10/15/2016 19:00,2,1,1
10/15/2016 20:00,3,2,1
10/15/2016 21:00,0,0,0
10/15/2016 22:00,1,1,0
10/15/2016 23:00,0,0,0
10/16/2016 0:00,0,0,0
10/16/2016 1:00,0,0,0
10/16/2016 2:00,1,0,1
10/16/2016 3:00,0,0,0
10/16/2016 4:00,0,0,0
10/16/2016 5:00,0,0,0
10/16/2016 6:00,1,0,1
10/16/2016 7:00,1,0,1
10/16/2016 8:00,2,1,1
10/16/2016 9:00,5,1,4
10/16/2016 10:00,5,3,2
10/16/2016 11:00,9,4,5
10/16/2016 12:00,8,1,7
10/16/2016 13:00,9,1,8
10/16/2016 14:00,8,4,4
10/16/2016 15:00,9,5,4
10/16/2016 16:00,4,0,4
10/16/2016 17:00,8,7,1
10/16/2016 18:00,1,1,0
10/16/2016 19:00,3,1,2
10/16/2016 20:00,2,0,2
10/16/2016 21:00,1,0,1
10/16/2016 22:00,4,1,3
10/16/2016 23:00,0,0,0
10/17/2016 0:00,0,0,0
10/17/2016 1:00,0,0,0
10/17/2016 2:00,0,0,0
10/17/2016 3:00,0,0,0
10/17/2016 4:00,0,0,0
10/17/2016 5:00,1,0,1
10/17/2016 6:00,4,3,1
10/17/2016 7:00,8,2,6
10/17/2016 8:00,9,3,6
10/17/2016 9:00,8,2,6
10/17/2016 10:00,11,5,6
10/17/2016 11:00,8,0,8
10/17/2016 12:00,5,1,4
10/17/2016 13:00,4,1,3
10/17/2016 14:00,11,3,8
10/17/2016 15:00,9,3,6
10/17/2016 16:00,7,2,5
10/17/2016 17:00,13,6,7
10/17/2016 18:00,13,6,7
10/17/2016 19:00,10,3,7
10/17/2016 20:00,8,4,4
10/17/2016 21:00,1,1,0
10/17/2016 22:00,1,1,0
10/17/2016 23:00,1,0,1
10/18/2016 0:00,0,0,0
10/18/2016 1:00,0,0,0
10/18/2016 2:00,0,0,0
10/18/2016 3:00,0,0,0
10/18/2016 4:00,0,0,0
10/18/2016 5:00,1,0,1
10/18/2016 6:00,0,0,0
10/18/2016 7:00,7,2,5
10/18/2016 8:00,7,3,4
10/18/2016 9:00,9,6,3
10/18/2016 10:00,9,2,7
10/18/2016 11:00,7,2,5
10/18/2016 12:00,2,1,1
10/18/2016 13:00,13,7,6
10/18/2016 14:00,12,4,8
10/18/2016 15:00,6,0,6
10/18/2016 16:00,12,6,6
10/18/2016 17:00,21,10,11
10/18/2016 18:00,15,9,6
10/18/2016 19:00,5,4,1
10/18/2016 20:00,7,4,3
10/18/2016 21:00,3,1,2
10/18/2016 22:00,0,0,0
10/18/2016 23:00,0,0,0
10/19/2016 0:00,0,0,0
10/19/2016 1:00,0,0,0
10/19/2016 2:00,1,0,1
10/19/2016 3:00,0,0,0
10/19/2016 4:00,0,0,0
10/19/2016 5:00,1,0,1
10/19/2016 6:00,3,1,2
10/19/2016 7:00,8,6,2
10/19/2016 8:00,9,2,7
10/19/2016 9:00,7,1,6
10/19/2016 10:00,11,4,7
10/19/2016 11:00,7,3,4
10/19/2016 12:00,11,2,9
10/19/2016 13:00,9,2,7
10/19/2016 14:00,8,5,3
10/19/2016 15:00,9,4,5
10/19/2016 16:00,9,6,3
10/19/2016 17:00,17,6,11
10/19/2016 18:00,8,3,5
10/19/2016 19:00,7,1,6
10/19/2016 20:00,6,3,3
10/19/2016 21:00,6,3,3
10/19/2016 22:00,3,3,0
10/19/2016 23:00,0,0,0
10/20/2016 0:00,0,0,0
10/20/2016 1:00,1,0,1
10/20/2016 2:00,0,0,0
10/20/2016 3:00,0,0,0
10/20/2016 4:00,0,0,0
10/20/2016 5:00,2,0,2
10/20/2016 6:00,1,0,1
10/20/2016 7:00,6,4,2
10/20/2016 8:00,8,4,4
10/20/2016 9:00,7,3,4
10/20/2016 10:00,4,0,4
10/20/2016 11:00,7,1,6
10/20/2016 12:00,5,1,4
10/20/2016 13:00,10,2,8
10/20/2016 14:00,8,3,5
10/20/2016 15:00,4,2,2
10/20/2016 16:00,7,3,4
10/20/2016 17:00,16,7,9
10/20/2016 18:00,9,5,4
10/20/2016 19:00,6,3,3
10/20/2016 20:00,7,3,4
10/20/2016 21:00,4,2,2
10/20/2016 22:00,1,1,0
10/20/2016 23:00,1,1,0
10/21/2016 0:00,1,0,1
10/21/2016 1:00,0,0,0
10/21/2016 2:00,0,0,0
10/21/2016 3:00,0,0,0
10/21/2016 4:00,0,0,0
10/21/2016 5:00,0,0,0
10/21/2016 6:00,2,2,0
10/21/2016 7:00,2,1,1
10/21/2016 8:00,10,2,8
10/21/2016 9:00,10,1,9
10/21/2016 10:00,4,2,2
10/21/2016 11:00,12,4,8
10/21/2016 12:00,8,2,6
10/21/2016 13:00,11,5,6
10/21/2016 14:00,14,7,7
10/21/2016 15:00,15,7,8
10/21/2016 16:00,11,7,4
10/21/2016 17:00,9,7,2
10/21/2016 18:00,10,4,6
10/21/2016 19:00,9,5,4
10/21/2016 20:00,3,2,1
10/21/2016 21:00,6,4,2
10/21/2016 22:00,0,0,0
10/21/2016 23:00,1,1,0
10/22/2016 0:00,0,0,0
10/22/2016 1:00,0,0,0
10/22/2016 2:00,1,1,0
10/22/2016 3:00,0,0,0
10/22/2016 4:00,0,0,0
10/22/2016 5:00,0,0,0
10/22/2016 6:00,1,0,1
10/22/2016 7:00,1,0,1
10/22/2016 8:00,3,1,2
10/22/2016 9:00,7,2,5
10/22/2016 10:00,15,6,9
10/22/2016 11:00,9,5,4
10/22/2016 12:00,7,2,5
10/22/2016 13:00,11,5,6
10/22/2016 14:00,10,7,3
10/22/2016 15:00,16,7,9
10/22/2016 16:00,17,8,9
10/22/2016 17:00,8,3,5
10/22/2016 18:00,6,4,2
10/22/2016 19:00,4,2,2
10/22/2016 20:00,2,0,2
10/22/2016 21:00,3,0,3
10/22/2016 22:00,1,0,1
10/22/2016 23:00,2,0,2
10/23/2016 0:00,3,3,0
10/23/2016 1:00,0,0,0
10/23/2016 2:00,0,0,0
10/23/2016 3:00,0,0,0
10/23/2016 4:00,0,0,0
10/23/2016 5:00,0,0,0
10/23/2016 6:00,2,0,2
10/23/2016 7:00,0,0,0
10/23/2016 8:00,3,2,1
10/23/2016 9:00,7,5,2
10/23/2016 10:00,6,2,4
10/23/2016 11:00,9,1,8
10/23/2016 12:00,15,3,12
10/23/2016 13:00,17,9,8
10/23/2016 14:00,18,11,7
10/23/2016 15:00,13,6,7
10/23/2016 16:00,8,5,3
10/23/2016 17:00,4,3,1
10/23/2016 18:00,4,3,1
10/23/2016 19:00,2,1,1
10/23/2016 20:00,0,0,0
10/23/2016 21:00,4,3,1
10/23/2016 22:00,2,1,1
10/23/2016 23:00,0,0,0
10/24/2016 0:00,0,0,0
10/24/2016 1:00,0,0,0
10/24/2016 2:00,0,0,0
10/24/2016 3:00,0,0,0
10/24/2016 4:00,0,0,0
10/24/2016 5:00,2,1,1
10/24/2016 6:00,3,0,3
10/24/2016 7:00,9,4,5
10/24/2016 8:00,7,3,4
10/24/2016 9:00,13,4,9
10/24/2016 10:00,7,5,2
10/24/2016 11:00,6,4,2
10/24/2016 12:00,6,0,6
10/24/2016 13:00,12,5,7
10/24/2016 14:00,11,4,7
10/24/2016 15:00,15,6,9
10/24/2016 16:00,10,4,6
10/24/2016 17:00,13,6,7
10/24/2016 18:00,8,1,7
10/24/2016 19:00,6,2,4
10/24/2016 20:00,4,3,1
10/24/2016 21:00,5,2,3
10/24/2016 22:00,2,1,1
10/24/2016 23:00,0,0,0
10/25/2016 0:00,1,1,0
10/25/2016 1:00,0,0,0
10/25/2016 2:00,0,0,0
10/25/2016 3:00,0,0,0
10/25/2016 4:00,0,0,0
10/25/2016 5:00,1,0,1
10/25/2016 6:00,0,0,0
10/25/2016 7:00,11,7,4
10/25/2016 8:00,10,3,7
10/25/2016 9:00,6,1,5
10/25/2016 10:00,7,1,6
10/25/2016 11:00,2,1,1
10/25/2016 12:00,13,7,6
10/25/2016 13:00,8,3,5
10/25/2016 14:00,9,3,6
10/25/2016 15:00,7,2,5
10/25/2016 16:00,8,4,4
10/25/2016 17:00,21,6,15
10/25/2016 18:00,1,1,0
10/25/2016 19:00,0,0,0
10/25/2016 20:00,0,0,0
10/25/2016 21:00,0,0,0
10/25/2016 22:00,0,0,0
10/25/2016 23:00,0,0,0
10/26/2016 0:00,0,0,0
10/26/2016 1:00,0,0,0
10/26/2016 2:00,0,0,0
10/26/2016 3:00,0,0,0
10/26/2016 4:00,0,0,0
10/26/2016 5:00,0,0,0
10/26/2016 6:00,0,0,0
10/26/2016 7:00,6,4,2
10/26/2016 8:00,8,3,5
10/26/2016 9:00,7,1,6
10/26/2016 10:00,4,0,4
10/26/2016 11:00,3,1,2
10/26/2016 12:00,5,3,2
10/26/2016 13:00,4,0,4
10/26/2016 14:00,6,1,5
10/26/2016 15:00,7,4,3
10/26/2016 16:00,8,3,5
10/26/2016 17:00,10,3,7
10/26/2016 18:00,5,2,3
10/26/2016 19:00,13,4,9
10/26/2016 20:00,1,0,1
10/26/2016 21:00,1,0,1
10/26/2016 22:00,2,0,2
10/26/2016 23:00,3,2,1
10/27/2016 0:00,0,0,0
10/27/2016 1:00,0,0,0
10/27/2016 2:00,0,0,0
10/27/2016 3:00,2,0,2
10/27/2016 4:00,0,0,0
10/27/2016 5:00,1,0,1
10/27/2016 6:00,0,0,0
10/27/2016 7:00,5,2,3
10/27/2016 8:00,5,1,4
10/27/2016 9:00,11,5,6
10/27/2016 10:00,5,1,4
10/27/2016 11:00,5,2,3
10/27/2016 12:00,4,3,1
10/27/2016 13:00,10,3,7
10/27/2016 14:00,2,2,0
10/27/2016 15:00,11,4,7
10/27/2016 16:00,10,2,8
10/27/2016 17:00,16,7,9
10/27/2016 18:00,14,6,8
10/27/2016 19:00,7,5,2
10/27/2016 20:00,2,1,1
10/27/2016 21:00,4,1,3
10/27/2016 22:00,2,1,1
10/27/2016 23:00,1,0,1
10/28/2016 0:00,1,1,0
10/28/2016 1:00,0,0,0
10/28/2016 2:00,1,0,1
10/28/2016 3:00,0,0,0
10/28/2016 4:00,0,0,0
10/28/2016 5:00,0,0,0
10/28/2016 6:00,3,3,0
10/28/2016 7:00,5,4,1
10/28/2016 8:00,8,2,6
10/28/2016 9:00,5,1,4
10/28/2016 10:00,9,5,4
10/28/2016 11:00,7,1,6
10/28/2016 12:00,3,0,3
10/28/2016 13:00,11,4,7
10/28/2016 14:00,7,3,4
10/28/2016 15:00,12,5,7
10/28/2016 16:00,21,12,9
10/28/2016 17:00,2,1,1
10/28/2016 18:00,0,0,0
10/28/2016 19:00,0,0,0
10/28/2016 20:00,0,0,0
10/28/2016 21:00,0,0,0
10/28/2016 22:00,0,0,0
10/28/2016 23:00,0,0,0
10/29/2016 0:00,0,0,0
10/29/2016 1:00,0,0,0
10/29/2016 2:00,0,0,0
10/29/2016 3:00,0,0,0
10/29/2016 4:00,0,0,0
10/29/2016 5:00,0,0,0
10/29/2016 6:00,0,0,0
10/29/2016 7:00,2,1,1
10/29/2016 8:00,0,0,0
10/29/2016 9:00,3,2,1
10/29/2016 10:00,9,2,7
10/29/2016 11:00,4,0,4
10/29/2016 12:00,6,2,4
10/29/2016 13:00,6,2,4
10/29/2016 14:00,7,4,3
10/29/2016 15:00,12,4,8
10/29/2016 16:00,5,2,3
10/29/2016 17:00,9,3,6
10/29/2016 18:00,8,2,6
10/29/2016 19:00,5,2,3
10/29/2016 20:00,9,4,5
10/29/2016 21:00,6,2,4
10/29/2016 22:00,5,2,3
10/29/2016 23:00,2,2,0
10/30/2016 0:00,1,0,1
10/30/2016 1:00,2,0,2
10/30/2016 2:00,1,1,0
10/30/2016 3:00,0,0,0
10/30/2016 4:00,0,0,0
10/30/2016 5:00,0,0,0
10/30/2016 6:00,0,0,0
10/30/2016 7:00,1,0,1
10/30/2016 8:00,0,0,0
10/30/2016 9:00,1,0,1
10/30/2016 10:00,14,2,12
10/30/2016 11:00,5,4,1
10/30/2016 12:00,12,4,8
10/30/2016 13:00,6,2,4
10/30/2016 14:00,5,1,4
10/30/2016 15:00,10,3,7
10/30/2016 16:00,8,3,5
10/30/2016 17:00,3,1,2
10/30/2016 18:00,4,2,2
10/30/2016 19:00,3,2,1
10/30/2016 20:00,3,2,1
10/30/2016 21:00,1,1,0
10/30/2016 22:00,2,0,2
10/30/2016 23:00,0,0,0
10/31/2016 0:00,1,0,1
10/31/2016 1:00,0,0,0
10/31/2016 2:00,0,0,0
10/31/2016 3:00,0,0,0
10/31/2016 4:00,0,0,0
10/31/2016 5:00,1,0,1
10/31/2016 6:00,2,2,0
10/31/2016 7:00,8,5,3
10/31/2016 8:00,4,3,1
10/31/2016 9:00,2,1,1
10/31/2016 10:00,0,0,0
10/31/2016 11:00,9,2,7
10/31/2016 12:00,7,1,6
10/31/2016 13:00,9,3,6
10/31/2016 14:00,9,4,5
10/31/2016 15:00,5,3,2
10/31/2016 16:00,12,3,9
10/31/2016 17:00,8,2,6
10/31/2016 18:00,5,1,4
10/31/2016 19:00,4,3,1
10/31/2016 20:00,3,1,2
10/31/2016 21:00,3,1,2
10/31/2016 22:00,1,1,0
10/31/2016 23:00,3,2,1
11/1/2016 0:00,0,0,0
11/1/2016 1:00,0,0,0
11/1/2016 2:00,0,0,0
11/1/2016 3:00,1,0,1
11/1/2016 4:00,0,0,0
11/1/2016 5:00,1,0,1
11/1/2016 6:00,0,0,0
11/1/2016 7:00,5,3,2
11/1/2016 8:00,5,4,1
11/1/2016 9:00,11,3,8
11/1/2016 10:00,3,2,1
11/1/2016 11:00,4,2,2
11/1/2016 12:00,7,2,5
11/1/2016 13:00,9,4,5
11/1/2016 14:00,10,3,7
11/1/2016 15:00,10,1,9
11/1/2016 16:00,8,2,6
11/1/2016 17:00,14,8,6
11/1/2016 18:00,4,2,2
11/1/2016 19:00,8,1,7
11/1/2016 20:00,1,0,1
11/1/2016 21:00,3,3,0
11/1/2016 22:00,1,1,0
11/1/2016 23:00,1,0,1
11/2/2016 0:00,0,0,0
11/2/2016 1:00,0,0,0
11/2/2016 2:00,0,0,0
11/2/2016 3:00,1,1,0
11/2/2016 4:00,0,0,0
11/2/2016 5:00,3,1,2
11/2/2016 6:00,4,3,1
11/2/2016 7:00,6,2,4
11/2/2016 8:00,8,5,3
11/2/2016 9:00,10,5,5
11/2/2016 10:00,3,0,3
11/2/2016 11:00,9,4,5
11/2/2016 12:00,4,1,3
11/2/2016 13:00,8,4,4
11/2/2016 14:00,4,2,2
11/2/2016 15:00,10,6,4
11/2/2016 16:00,19,5,14
11/2/2016 17:00,18,6,12
11/2/2016 18:00,10,3,7
11/2/2016 19:00,12,2,10
11/2/2016 20:00,7,4,3
11/2/2016 21:00,3,2,1
11/2/2016 22:00,2,1,1
11/2/2016 23:00,0,0,0
11/3/2016 0:00,1,0,1
11/3/2016 1:00,1,0,1
11/3/2016 2:00,0,0,0
11/3/2016 3:00,1,0,1
11/3/2016 4:00,0,0,0
11/3/2016 5:00,1,0,1
11/3/2016 6:00,2,1,1
11/3/2016 7:00,5,3,2
11/3/2016 8:00,8,3,5
11/3/2016 9:00,4,2,2
11/3/2016 10:00,8,4,4
11/3/2016 11:00,12,2,10
11/3/2016 12:00,7,2,5
11/3/2016 13:00,9,4,5
11/3/2016 14:00,17,6,11
11/3/2016 15:00,18,7,11
11/3/2016 16:00,17,5,12
11/3/2016 17:00,21,14,7
11/3/2016 18:00,15,8,7
11/3/2016 19:00,7,3,4
11/3/2016 20:00,1,0,1
11/3/2016 21:00,3,2,1
11/3/2016 22:00,0,0,0
11/3/2016 23:00,1,0,1
11/4/2016 0:00,0,0,0
11/4/2016 1:00,0,0,0
11/4/2016 2:00,0,0,0
11/4/2016 3:00,0,0,0
11/4/2016 4:00,0,0,0
11/4/2016 5:00,1,0,1
11/4/2016 6:00,4,3,1
11/4/2016 7:00,6,4,2
11/4/2016 8:00,16,4,12
11/4/2016 9:00,9,4,5
11/4/2016 10:00,9,3,6
11/4/2016 11:00,10,0,10
11/4/2016 12:00,15,4,11
11/4/2016 13:00,11,5,6
11/4/2016 14:00,7,4,3
11/4/2016 15:00,13,2,11
11/4/2016 16:00,17,9,8
11/4/2016 17:00,15,5,10
11/4/2016 18:00,18,6,12
11/4/2016 19:00,12,4,8
11/4/2016 20:00,3,2,1
11/4/2016 21:00,5,2,3
11/4/2016 22:00,0,0,0
11/4/2016 23:00,2,2,0
11/5/2016 0:00,2,0,2
11/5/2016 1:00,2,2,0
11/5/2016 2:00,1,1,0
11/5/2016 3:00,1,0,1
11/5/2016 4:00,0,0,0
11/5/2016 5:00,0,0,0
11/5/2016 6:00,3,0,3
11/5/2016 7:00,1,1,0
11/5/2016 8:00,3,0,3
11/5/2016 9:00,4,2,2
11/5/2016 10:00,6,2,4
11/5/2016 11:00,9,2,7
11/5/2016 12:00,6,1,5
11/5/2016 13:00,16,7,9
11/5/2016 14:00,10,3,7
11/5/2016 15:00,6,2,4
11/5/2016 16:00,8,3,5
11/5/2016 17:00,10,2,8
11/5/2016 18:00,7,1,6
11/5/2016 19:00,4,1,3
11/5/2016 20:00,3,2,1
11/5/2016 21:00,1,1,0
11/5/2016 22:00,0,0,0
11/5/2016 23:00,1,1,0
11/6/2016 0:00,0,0,0
11/6/2016 1:00,1,0,1
11/6/2016 2:00,0,0,0
11/6/2016 3:00,1,1,0
11/6/2016 4:00,0,0,0
11/6/2016 5:00,0,0,0
11/6/2016 6:00,1,0,1
11/6/2016 7:00,1,0,1
11/6/2016 8:00,7,2,5
11/6/2016 9:00,8,4,4
11/6/2016 10:00,8,0,8
11/6/2016 11:00,21,9,12
11/6/2016 12:00,18,1,17
11/6/2016 13:00,16,4,12
11/6/2016 14:00,12,7,5
11/6/2016 15:00,22,9,13
11/6/2016 16:00,13,6,7
11/6/2016 17:00,6,2,4
11/6/2016 18:00,3,3,0
11/6/2016 19:00,0,0,0
11/6/2016 20:00,0,0,0
11/6/2016 21:00,0,0,0
11/6/2016 22:00,0,0,0
11/6/2016 23:00,0,0,0
11/7/2016 0:00,0,0,0
11/7/2016 1:00,0,0,0
11/7/2016 2:00,0,0,0
11/7/2016 3:00,0,0,0
11/7/2016 4:00,0,0,0
11/7/2016 5:00,0,0,0
11/7/2016 6:00,2,0,2
11/7/2016 7:00,7,4,3
11/7/2016 8:00,12,5,7
11/7/2016 9:00,8,3,5
11/7/2016 10:00,6,2,4
11/7/2016 11:00,6,3,3
11/7/2016 12:00,14,4,10
11/7/2016 13:00,10,2,8
11/7/2016 14:00,9,7,2
11/7/2016 15:00,7,2,5
11/7/2016 16:00,15,8,7
11/7/2016 17:00,8,6,2
11/7/2016 18:00,0,0,0
11/7/2016 19:00,0,0,0
11/7/2016 20:00,0,0,0
11/7/2016 21:00,0,0,0
11/7/2016 22:00,0,0,0
11/7/2016 23:00,0,0,0
11/8/2016 0:00,1,0,1
11/8/2016 1:00,0,0,0
11/8/2016 2:00,1,0,1
11/8/2016 3:00,0,0,0
11/8/2016 4:00,0,0,0
11/8/2016 5:00,2,0,2
11/8/2016 6:00,2,1,1
11/8/2016 7:00,6,2,4
11/8/2016 8:00,15,5,10
11/8/2016 9:00,7,2,5
11/8/2016 10:00,23,9,14
11/8/2016 11:00,5,2,3
11/8/2016 12:00,22,8,14
11/8/2016 13:00,10,3,7
11/8/2016 14:00,12,7,5
11/8/2016 15:00,20,7,13
11/8/2016 16:00,24,9,15
11/8/2016 17:00,15,8,7
11/8/2016 18:00,7,6,1
11/8/2016 19:00,19,9,10
11/8/2016 20:00,1,0,1
11/8/2016 21:00,3,2,1
11/8/2016 22:00,4,1,3
11/8/2016 23:00,3,2,1
11/9/2016 0:00,2,1,1
11/9/2016 1:00,0,0,0
11/9/2016 2:00,2,0,2
11/9/2016 3:00,0,0,0
11/9/2016 4:00,0,0,0
11/9/2016 5:00,3,2,1
11/9/2016 6:00,2,1,1
11/9/2016 7:00,4,4,0
11/9/2016 8:00,12,6,6
11/9/2016 9:00,7,2,5
11/9/2016 10:00,4,1,3
11/9/2016 11:00,8,5,3
11/9/2016 12:00,4,2,2
11/9/2016 13:00,12,2,10
11/9/2016 14:00,5,1,4
11/9/2016 15:00,5,1,4
11/9/2016 16:00,5,1,4
11/9/2016 17:00,11,6,5
11/9/2016 18:00,9,2,7
11/9/2016 19:00,9,3,6
11/9/2016 20:00,2,1,1
11/9/2016 21:00,4,3,1
11/9/2016 22:00,2,2,0
11/9/2016 23:00,1,1,0
11/10/2016 0:00,1,1,0
11/10/2016 1:00,1,0,1
11/10/2016 2:00,0,0,0
11/10/2016 3:00,0,0,0
11/10/2016 4:00,0,0,0
11/10/2016 5:00,1,0,1
11/10/2016 6:00,1,1,0
11/10/2016 7:00,10,7,3
11/10/2016 8:00,13,5,8
11/10/2016 9:00,7,3,4
11/10/2016 10:00,7,3,4
11/10/2016 11:00,3,1,2
11/10/2016 12:00,8,4,4
11/10/2016 13:00,11,3,8
11/10/2016 14:00,15,8,7
11/10/2016 15:00,11,5,6
11/10/2016 16:00,5,5,0
11/10/2016 17:00,18,13,5
11/10/2016 18:00,18,6,12
11/10/2016 19:00,7,4,3
11/10/2016 20:00,3,2,1
11/10/2016 21:00,7,3,4
11/10/2016 22:00,8,7,1
11/10/2016 23:00,5,4,1
11/11/2016 0:00,1,1,0
11/11/2016 1:00,0,0,0
11/11/2016 2:00,1,0,1
11/11/2016 3:00,0,0,0
11/11/2016 4:00,0,0,0
11/11/2016 5:00,2,2,0
11/11/2016 6:00,0,0,0
11/11/2016 7:00,7,5,2
11/11/2016 8:00,10,3,7
11/11/2016 9:00,5,1,4
11/11/2016 10:00,2,0,2
11/11/2016 11:00,10,3,7
11/11/2016 12:00,10,3,7
11/11/2016 13:00,5,3,2
11/11/2016 14:00,14,7,7
11/11/2016 15:00,9,6,3
11/11/2016 16:00,12,7,5
11/11/2016 17:00,5,4,1
11/11/2016 18:00,11,7,4
11/11/2016 19:00,11,6,5
11/11/2016 20:00,4,3,1
11/11/2016 21:00,1,1,0
11/11/2016 22:00,3,0,3
11/11/2016 23:00,1,1,0
11/12/2016 0:00,2,2,0
11/12/2016 1:00,2,0,2
11/12/2016 2:00,1,1,0
11/12/2016 3:00,2,2,0
11/12/2016 4:00,0,0,0
11/12/2016 5:00,0,0,0
11/12/2016 6:00,1,0,1
11/12/2016 7:00,0,0,0
11/12/2016 8:00,6,4,2
11/12/2016 9:00,4,0,4
11/12/2016 10:00,4,1,3
11/12/2016 11:00,13,4,9
11/12/2016 12:00,4,1,3
11/12/2016 13:00,7,3,4
11/12/2016 14:00,14,5,9
11/12/2016 15:00,12,2,10
11/12/2016 16:00,13,7,6
11/12/2016 17:00,4,1,3
11/12/2016 18:00,7,2,5
11/12/2016 19:00,6,1,5
11/12/2016 20:00,4,1,3
11/12/2016 21:00,1,1,0
11/12/2016 22:00,0,0,0
11/12/2016 23:00,1,1,0
11/13/2016 0:00,1,0,1
11/13/2016 1:00,0,0,0
11/13/2016 2:00,0,0,0
11/13/2016 3:00,0,0,0
11/13/2016 4:00,0,0,0
11/13/2016 5:00,2,2,0
11/13/2016 6:00,0,0,0
11/13/2016 7:00,1,1,0
11/13/2016 8:00,3,2,1
11/13/2016 9:00,2,1,1
11/13/2016 10:00,11,2,9
11/13/2016 11:00,11,3,8
11/13/2016 12:00,3,1,2
11/13/2016 13:00,8,3,5
11/13/2016 14:00,13,5,8
11/13/2016 15:00,6,2,4
11/13/2016 16:00,5,2,3
11/13/2016 17:00,2,0,2
11/13/2016 18:00,7,4,3
11/13/2016 19:00,4,1,3
11/13/2016 20:00,2,1,1
11/13/2016 21:00,3,1,2
11/13/2016 22:00,0,0,0
11/13/2016 23:00,0,0,0
11/14/2016 0:00,0,0,0
11/14/2016 1:00,1,0,1
11/14/2016 2:00,0,0,0
11/14/2016 3:00,0,0,0
11/14/2016 4:00,0,0,0
11/14/2016 5:00,4,0,4
11/14/2016 6:00,2,2,0
11/14/2016 7:00,12,4,8
11/14/2016 8:00,7,5,2
11/14/2016 9:00,10,7,3
11/14/2016 10:00,6,2,4
11/14/2016 11:00,8,2,6
11/14/2016 12:00,6,1,5
11/14/2016 13:00,11,5,6
11/14/2016 14:00,9,3,6
11/14/2016 15:00,11,1,10
11/14/2016 16:00,7,6,1
11/14/2016 17:00,16,2,14
11/14/2016 18:00,16,3,13
11/14/2016 19:00,10,7,3
11/14/2016 20:00,3,3,0
11/14/2016 21:00,1,1,0
11/14/2016 22:00,0,0,0
11/14/2016 23:00,0,0,0
11/15/2016 0:00,0,0,0
11/15/2016 1:00,1,0,1
11/15/2016 2:00,0,0,0
11/15/2016 3:00,0,0,0
11/15/2016 4:00,0,0,0
11/15/2016 5:00,1,0,1
11/15/2016 6:00,3,0,3
11/15/2016 7:00,6,5,1
11/15/2016 8:00,6,3,3
11/15/2016 9:00,10,4,6
11/15/2016 10:00,11,2,9
11/15/2016 11:00,6,2,4
11/15/2016 12:00,8,4,4
11/15/2016 13:00,7,2,5
11/15/2016 14:00,10,3,7
11/15/2016 15:00,6,3,3
11/15/2016 16:00,7,3,4
11/15/2016 17:00,12,6,6
11/15/2016 18:00,16,4,12
11/15/2016 19:00,11,7,4
11/15/2016 20:00,3,1,2
11/15/2016 21:00,1,1,0
11/15/2016 22:00,0,0,0
11/15/2016 23:00,0,0,0
11/16/2016 0:00,1,0,1
11/16/2016 1:00,0,0,0
11/16/2016 2:00,0,0,0
11/16/2016 3:00,0,0,0
11/16/2016 4:00,0,0,0
11/16/2016 5:00,2,1,1
11/16/2016 6:00,3,3,0
11/16/2016 7:00,9,5,4
11/16/2016 8:00,6,3,3
11/16/2016 9:00,7,2,5
11/16/2016 10:00,5,1,4
11/16/2016 11:00,8,2,6
11/16/2016 12:00,7,2,5
11/16/2016 13:00,10,2,8
11/16/2016 14:00,5,4,1
11/16/2016 15:00,8,3,5
11/16/2016 16:00,3,1,2
11/16/2016 17:00,15,11,4
11/16/2016 18:00,7,3,4
11/16/2016 19:00,10,8,2
11/16/2016 20:00,1,1,0
11/16/2016 21:00,8,3,5
11/16/2016 22:00,3,2,1
11/16/2016 23:00,3,2,1
11/17/2016 0:00,1,0,1
11/17/2016 1:00,0,0,0
11/17/2016 2:00,0,0,0
11/17/2016 3:00,1,1,0
11/17/2016 4:00,0,0,0
11/17/2016 5:00,1,0,1
11/17/2016 6:00,1,1,0
11/17/2016 7:00,5,3,2
11/17/2016 8:00,7,5,2
11/17/2016 9:00,10,4,6
11/17/2016 10:00,6,1,5
11/17/2016 11:00,6,3,3
11/17/2016 12:00,9,5,4
11/17/2016 13:00,11,4,7
11/17/2016 14:00,11,5,6
11/17/2016 15:00,14,4,10
11/17/2016 16:00,15,6,9
11/17/2016 17:00,11,7,4
11/17/2016 18:00,16,8,8
11/17/2016 19:00,7,5,2
11/17/2016 20:00,5,2,3
11/17/2016 21:00,5,3,2
11/17/2016 22:00,3,3,0
11/17/2016 23:00,3,1,2
11/18/2016 0:00,0,0,0
11/18/2016 1:00,1,0,1
11/18/2016 2:00,0,0,0
11/18/2016 3:00,1,1,0
11/18/2016 4:00,0,0,0
11/18/2016 5:00,0,0,0
11/18/2016 6:00,3,1,2
11/18/2016 7:00,3,1,2
11/18/2016 8:00,4,2,2
11/18/2016 9:00,4,2,2
11/18/2016 10:00,8,6,2
11/18/2016 11:00,7,6,1
11/18/2016 12:00,5,2,3
11/18/2016 13:00,10,2,8
11/18/2016 14:00,14,5,9
11/18/2016 15:00,3,2,1
11/18/2016 16:00,11,6,5
11/18/2016 17:00,2,1,1
11/18/2016 18:00,8,2,6
11/18/2016 19:00,8,2,6
11/18/2016 20:00,0,0,0
11/18/2016 21:00,7,3,4
11/18/2016 22:00,2,2,0
11/18/2016 23:00,2,0,2
11/19/2016 0:00,0,0,0
11/19/2016 1:00,1,0,1
11/19/2016 2:00,1,1,0
11/19/2016 3:00,0,0,0
11/19/2016 4:00,0,0,0
11/19/2016 5:00,0,0,0
11/19/2016 6:00,1,0,1
11/19/2016 7:00,1,0,1
11/19/2016 8:00,3,1,2
11/19/2016 9:00,2,1,1
11/19/2016 10:00,7,1,6
11/19/2016 11:00,3,0,3
11/19/2016 12:00,5,3,2
11/19/2016 13:00,9,3,6
11/19/2016 14:00,12,6,6
11/19/2016 15:00,10,4,6
11/19/2016 16:00,5,3,2
11/19/2016 17:00,4,1,3
11/19/2016 18:00,10,7,3
11/19/2016 19:00,3,3,0
11/19/2016 20:00,3,3,0
11/19/2016 21:00,4,1,3
11/19/2016 22:00,2,0,2
11/19/2016 23:00,1,1,0
11/20/2016 0:00,2,2,0
11/20/2016 1:00,0,0,0
11/20/2016 2:00,0,0,0
11/20/2016 3:00,0,0,0
11/20/2016 4:00,0,0,0
11/20/2016 5:00,0,0,0
11/20/2016 6:00,0,0,0
11/20/2016 7:00,1,1,0
11/20/2016 8:00,3,1,2
11/20/2016 9:00,5,2,3
11/20/2016 10:00,5,2,3
11/20/2016 11:00,12,4,8
11/20/2016 12:00,9,3,6
11/20/2016 13:00,5,1,4
11/20/2016 14:00,9,3,6
11/20/2016 15:00,4,2,2
11/20/2016 16:00,5,2,3
11/20/2016 17:00,6,2,4
11/20/2016 18:00,6,3,3
11/20/2016 19:00,1,0,1
11/20/2016 20:00,4,1,3
11/20/2016 21:00,1,0,1
11/20/2016 22:00,0,0,0
11/20/2016 23:00,0,0,0
11/21/2016 0:00,2,1,1
11/21/2016 1:00,0,0,0
11/21/2016 2:00,0,0,0
11/21/2016 3:00,0,0,0
11/21/2016 4:00,0,0,0
11/21/2016 5:00,1,0,1
11/21/2016 6:00,1,0,1
11/21/2016 7:00,5,2,3
11/21/2016 8:00,9,6,3
11/21/2016 9:00,9,2,7
11/21/2016 10:00,8,4,4
11/21/2016 11:00,5,2,3
11/21/2016 12:00,8,2,6
11/21/2016 13:00,9,4,5
11/21/2016 14:00,11,7,4
11/21/2016 15:00,15,7,8
11/21/2016 16:00,9,4,5
11/21/2016 17:00,10,6,4
11/21/2016 18:00,12,6,6
11/21/2016 19:00,5,2,3
11/21/2016 20:00,7,2,5
11/21/2016 21:00,1,1,0
11/21/2016 22:00,3,2,1
11/21/2016 23:00,1,1,0
11/22/2016 0:00,0,0,0
11/22/2016 1:00,0,0,0
11/22/2016 2:00,0,0,0
11/22/2016 3:00,0,0,0
11/22/2016 4:00,0,0,0
11/22/2016 5:00,1,0,1
11/22/2016 6:00,1,0,1
11/22/2016 7:00,7,4,3
11/22/2016 8:00,4,3,1
11/22/2016 9:00,7,3,4
11/22/2016 10:00,13,2,11
11/22/2016 11:00,11,4,7
11/22/2016 12:00,12,1,11
11/22/2016 13:00,9,5,4
11/22/2016 14:00,4,3,1
11/22/2016 15:00,12,5,7
11/22/2016 16:00,8,1,7
11/22/2016 17:00,8,3,5
11/22/2016 18:00,12,4,8
11/22/2016 19:00,3,1,2
11/22/2016 20:00,3,1,2
11/22/2016 21:00,4,2,2
11/22/2016 22:00,1,0,1
11/22/2016 23:00,1,0,1
11/23/2016 0:00,0,0,0
11/23/2016 1:00,0,0,0
11/23/2016 2:00,0,0,0
11/23/2016 3:00,1,1,0
11/23/2016 4:00,1,0,1
11/23/2016 5:00,1,0,1
11/23/2016 6:00,5,1,4
11/23/2016 7:00,8,6,2
11/23/2016 8:00,7,5,2
11/23/2016 9:00,8,5,3
11/23/2016 10:00,9,0,9
11/23/2016 11:00,13,2,11
11/23/2016 12:00,9,4,5
11/23/2016 13:00,5,4,1
11/23/2016 14:00,7,2,5
11/23/2016 15:00,7,3,4
11/23/2016 16:00,7,2,5
11/23/2016 17:00,9,6,3
11/23/2016 18:00,8,0,8
11/23/2016 19:00,3,0,3
11/23/2016 20:00,6,1,5
11/23/2016 21:00,0,0,0
11/23/2016 22:00,0,0,0
11/23/2016 23:00,2,2,0
11/24/2016 0:00,0,0,0
11/24/2016 1:00,0,0,0
11/24/2016 2:00,0,0,0
11/24/2016 3:00,0,0,0
11/24/2016 4:00,0,0,0
11/24/2016 5:00,0,0,0
11/24/2016 6:00,0,0,0
11/24/2016 7:00,1,1,0
11/24/2016 8:00,0,0,0
11/24/2016 9:00,1,0,1
11/24/2016 10:00,3,2,1
11/24/2016 11:00,1,1,0
11/24/2016 12:00,1,1,0
11/24/2016 13:00,1,0,1
11/24/2016 14:00,0,0,0
11/24/2016 15:00,0,0,0
11/24/2016 16:00,3,3,0
11/24/2016 17:00,0,0,0
11/24/2016 18:00,0,0,0
11/24/2016 19:00,2,0,2
11/24/2016 20:00,1,0,1
11/24/2016 21:00,0,0,0
11/24/2016 22:00,0,0,0
11/24/2016 23:00,2,1,1
11/25/2016 0:00,0,0,0
11/25/2016 1:00,0,0,0
11/25/2016 2:00,0,0,0
11/25/2016 3:00,0,0,0
11/25/2016 4:00,1,1,0
11/25/2016 5:00,1,0,1
11/25/2016 6:00,0,0,0
11/25/2016 7:00,3,0,3
11/25/2016 8:00,3,2,1
11/25/2016 9:00,3,1,2
11/25/2016 10:00,6,1,5
11/25/2016 11:00,7,3,4
11/25/2016 12:00,13,5,8
11/25/2016 13:00,5,0,5
11/25/2016 14:00,11,8,3
11/25/2016 15:00,13,7,6
11/25/2016 16:00,8,4,4
11/25/2016 17:00,4,1,3
11/25/2016 18:00,3,1,2
11/25/2016 19:00,3,2,1
11/25/2016 20:00,3,0,3
11/25/2016 21:00,2,0,2
11/25/2016 22:00,0,0,0
11/25/2016 23:00,0,0,0
11/26/2016 0:00,1,0,1
11/26/2016 1:00,2,2,0
11/26/2016 2:00,0,0,0
11/26/2016 3:00,0,0,0
11/26/2016 4:00,0,0,0
11/26/2016 5:00,0,0,0
11/26/2016 6:00,0,0,0
11/26/2016 7:00,0,0,0
11/26/2016 8:00,2,1,1
11/26/2016 9:00,0,0,0
11/26/2016 10:00,9,4,5
11/26/2016 11:00,3,1,2
11/26/2016 12:00,5,1,4
11/26/2016 13:00,7,2,5
11/26/2016 14:00,2,1,1
11/26/2016 15:00,6,3,3
11/26/2016 16:00,7,1,6
11/26/2016 17:00,4,2,2
11/26/2016 18:00,7,4,3
11/26/2016 19:00,5,2,3
11/26/2016 20:00,4,4,0
11/26/2016 21:00,2,0,2
11/26/2016 22:00,0,0,0
11/26/2016 23:00,1,0,1
11/27/2016 0:00,0,0,0
11/27/2016 1:00,0,0,0
11/27/2016 2:00,0,0,0
11/27/2016 3:00,0,0,0
11/27/2016 4:00,1,1,0
11/27/2016 5:00,0,0,0
11/27/2016 6:00,2,0,2
11/27/2016 7:00,4,0,4
11/27/2016 8:00,1,1,0
11/27/2016 9:00,6,4,2
11/27/2016 10:00,3,0,3
11/27/2016 11:00,9,5,4
11/27/2016 12:00,17,7,10
11/27/2016 13:00,11,7,4
11/27/2016 14:00,6,4,2
11/27/2016 15:00,6,5,1
11/27/2016 16:00,1,0,1
11/27/2016 17:00,4,1,3
11/27/2016 18:00,0,0,0
11/27/2016 19:00,3,1,2
11/27/2016 20:00,2,1,1
11/27/2016 21:00,2,1,1
11/27/2016 22:00,1,0,1
11/27/2016 23:00,4,3,1
11/28/2016 0:00,1,0,1
11/28/2016 1:00,0,0,0
11/28/2016 2:00,0,0,0
11/28/2016 3:00,1,1,0
11/28/2016 4:00,0,0,0
11/28/2016 5:00,1,0,1
11/28/2016 6:00,1,1,0
11/28/2016 7:00,13,10,3
11/28/2016 8:00,6,3,3
11/28/2016 9:00,15,5,10
11/28/2016 10:00,12,8,4
11/28/2016 11:00,7,2,5
11/28/2016 12:00,8,4,4
11/28/2016 13:00,12,1,11
11/28/2016 14:00,6,2,4
11/28/2016 15:00,10,4,6
11/28/2016 16:00,13,7,6
11/28/2016 17:00,12,6,6
11/28/2016 18:00,7,3,4
11/28/2016 19:00,6,2,4
11/28/2016 20:00,3,2,1
11/28/2016 21:00,2,2,0
11/28/2016 22:00,0,0,0
11/28/2016 23:00,0,0,0
11/29/2016 0:00,0,0,0
11/29/2016 1:00,1,1,0
11/29/2016 2:00,0,0,0
11/29/2016 3:00,0,0,0
11/29/2016 4:00,0,0,0
11/29/2016 5:00,3,2,1
11/29/2016 6:00,3,2,1
11/29/2016 7:00,10,3,7
11/29/2016 8:00,7,4,3
11/29/2016 9:00,9,2,7
11/29/2016 10:00,5,1,4
11/29/2016 11:00,4,3,1
11/29/2016 12:00,3,3,0
11/29/2016 13:00,11,6,5
11/29/2016 14:00,7,0,7
11/29/2016 15:00,10,6,4
11/29/2016 16:00,2,1,1
11/29/2016 17:00,14,7,7
11/29/2016 18:00,8,3,5
11/29/2016 19:00,4,0,4
11/29/2016 20:00,5,4,1
11/29/2016 21:00,3,2,1
11/29/2016 22:00,1,1,0
11/29/2016 23:00,1,0,1
11/30/2016 0:00,1,1,0
11/30/2016 1:00,0,0,0
11/30/2016 2:00,0,0,0
11/30/2016 3:00,1,1,0
11/30/2016 4:00,0,0,0
11/30/2016 5:00,2,0,2
11/30/2016 6:00,6,5,1
11/30/2016 7:00,7,6,1
11/30/2016 8:00,5,2,3
11/30/2016 9:00,3,1,2
11/30/2016 10:00,6,4,2
11/30/2016 11:00,9,4,5
11/30/2016 12:00,6,4,2
11/30/2016 13:00,3,1,2
11/30/2016 14:00,10,0,10
11/30/2016 15:00,3,1,2
11/30/2016 16:00,7,5,2
11/30/2016 17:00,9,6,3
11/30/2016 18:00,10,7,3
11/30/2016 19:00,7,4,3
11/30/2016 20:00,5,2,3
11/30/2016 21:00,2,2,0
11/30/2016 22:00,0,0,0
11/30/2016 23:00,1,0,1
12/1/2016 0:00,1,0,1
12/1/2016 1:00,0,0,0
12/1/2016 2:00,1,1,0
12/1/2016 3:00,1,0,1
12/1/2016 4:00,0,0,0
12/1/2016 5:00,1,0,1
12/1/2016 6:00,1,0,1
12/1/2016 7:00,4,3,1
12/1/2016 8:00,4,2,2
12/1/2016 9:00,7,4,3
12/1/2016 10:00,5,0,5
12/1/2016 11:00,9,3,6
12/1/2016 12:00,5,2,3
12/1/2016 13:00,10,4,6
12/1/2016 14:00,9,5,4
12/1/2016 15:00,8,4,4
12/1/2016 16:00,9,4,5
12/1/2016 17:00,7,4,3
12/1/2016 18:00,4,3,1
12/1/2016 19:00,5,3,2
12/1/2016 20:00,3,2,1
12/1/2016 21:00,5,3,2
12/1/2016 22:00,0,0,0
12/1/2016 23:00,0,0,0
12/2/2016 0:00,0,0,0
12/2/2016 1:00,0,0,0
12/2/2016 2:00,0,0,0
12/2/2016 3:00,0,0,0
12/2/2016 4:00,0,0,0
12/2/2016 5:00,1,0,1
12/2/2016 6:00,1,1,0
12/2/2016 7:00,6,4,2
12/2/2016 8:00,10,6,4
12/2/2016 9:00,5,2,3
12/2/2016 10:00,4,0,4
12/2/2016 11:00,2,0,2
12/2/2016 12:00,6,1,5
12/2/2016 13:00,7,3,4
12/2/2016 14:00,4,1,3
12/2/2016 15:00,2,1,1
12/2/2016 16:00,4,4,0
12/2/2016 17:00,1,0,1
12/2/2016 18:00,0,0,0
12/2/2016 19:00,0,0,0
12/2/2016 20:00,0,0,0
12/2/2016 21:00,0,0,0
12/2/2016 22:00,0,0,0
12/2/2016 23:00,0,0,0
12/3/2016 0:00,0,0,0
12/3/2016 1:00,0,0,0
12/3/2016 2:00,0,0,0
12/3/2016 3:00,0,0,0
12/3/2016 4:00,0,0,0
12/3/2016 5:00,0,0,0
12/3/2016 6:00,0,0,0
12/3/2016 7:00,0,0,0
12/3/2016 8:00,0,0,0
12/3/2016 9:00,0,0,0
12/3/2016 10:00,0,0,0
12/3/2016 11:00,3,2,1
12/3/2016 12:00,7,3,4
12/3/2016 13:00,12,6,6
12/3/2016 14:00,10,6,4
12/3/2016 15:00,9,3,6
12/3/2016 16:00,11,8,3
12/3/2016 17:00,7,5,2
12/3/2016 18:00,4,2,2
12/3/2016 19:00,6,3,3
12/3/2016 20:00,1,1,0
12/3/2016 21:00,1,0,1
12/3/2016 22:00,2,1,1
12/3/2016 23:00,0,0,0
12/4/2016 0:00,1,1,0
12/4/2016 1:00,0,0,0
12/4/2016 2:00,0,0,0
12/4/2016 3:00,0,0,0
12/4/2016 4:00,0,0,0
12/4/2016 5:00,0,0,0
12/4/2016 6:00,1,0,1
12/4/2016 7:00,1,0,1
12/4/2016 8:00,4,0,4
12/4/2016 9:00,2,2,0
12/4/2016 10:00,7,3,4
12/4/2016 11:00,4,3,1
12/4/2016 12:00,19,13,6
12/4/2016 13:00,16,9,7
12/4/2016 14:00,12,8,4
12/4/2016 15:00,7,4,3
12/4/2016 16:00,11,5,6
12/4/2016 17:00,4,2,2
12/4/2016 18:00,2,1,1
12/4/2016 19:00,5,4,1
12/4/2016 20:00,0,0,0
12/4/2016 21:00,2,1,1
12/4/2016 22:00,1,1,0
12/4/2016 23:00,1,1,0
12/5/2016 0:00,0,0,0
12/5/2016 1:00,0,0,0
12/5/2016 2:00,0,0,0
12/5/2016 3:00,0,0,0
12/5/2016 4:00,0,0,0
12/5/2016 5:00,1,0,1
12/5/2016 6:00,3,2,1
12/5/2016 7:00,7,4,3
12/5/2016 8:00,6,2,4
12/5/2016 9:00,4,1,3
12/5/2016 10:00,1,0,1
12/5/2016 11:00,9,3,6
12/5/2016 12:00,4,0,4
12/5/2016 13:00,7,2,5
12/5/2016 14:00,5,3,2
12/5/2016 15:00,8,2,6
12/5/2016 16:00,5,2,3
12/5/2016 17:00,8,4,4
12/5/2016 18:00,9,3,6
12/5/2016 19:00,3,1,2
12/5/2016 20:00,1,0,1
12/5/2016 21:00,2,1,1
12/5/2016 22:00,0,0,0
12/5/2016 23:00,2,1,1
12/6/2016 0:00,0,0,0
12/6/2016 1:00,0,0,0
12/6/2016 2:00,0,0,0
12/6/2016 3:00,0,0,0
12/6/2016 4:00,0,0,0
12/6/2016 5:00,1,0,1
12/6/2016 6:00,1,1,0
12/6/2016 7:00,2,1,1
12/6/2016 8:00,2,2,0
12/6/2016 9:00,4,2,2
12/6/2016 10:00,3,2,1
12/6/2016 11:00,4,3,1
12/6/2016 12:00,8,4,4
12/6/2016 13:00,4,1,3
12/6/2016 14:00,7,3,4
12/6/2016 15:00,8,4,4
12/6/2016 16:00,8,6,2
12/6/2016 17:00,12,7,5
12/6/2016 18:00,10,5,5
12/6/2016 19:00,8,4,4
12/6/2016 20:00,3,2,1
12/6/2016 21:00,4,3,1
12/6/2016 22:00,3,1,2
12/6/2016 23:00,0,0,0
12/7/2016 0:00,0,0,0
12/7/2016 1:00,0,0,0
12/7/2016 2:00,0,0,0
12/7/2016 3:00,0,0,0
12/7/2016 4:00,0,0,0
12/7/2016 5:00,1,0,1
12/7/2016 6:00,0,0,0
12/7/2016 7:00,1,1,0
12/7/2016 8:00,7,2,5
12/7/2016 9:00,1,1,0
12/7/2016 10:00,3,1,2
12/7/2016 11:00,2,1,1
12/7/2016 12:00,6,4,2
12/7/2016 13:00,3,2,1
12/7/2016 14:00,5,3,2
12/7/2016 15:00,6,4,2
12/7/2016 16:00,7,6,1
12/7/2016 17:00,7,4,3
12/7/2016 18:00,5,4,1
12/7/2016 19:00,2,1,1
12/7/2016 20:00,1,0,1
12/7/2016 21:00,2,2,0
12/7/2016 22:00,0,0,0
12/7/2016 23:00,0,0,0
12/8/2016 0:00,3,1,2
12/8/2016 1:00,0,0,0
12/8/2016 2:00,0,0,0
12/8/2016 3:00,0,0,0
12/8/2016 4:00,0,0,0
12/8/2016 5:00,1,0,1
12/8/2016 6:00,1,0,1
12/8/2016 7:00,5,2,3
12/8/2016 8:00,6,4,2
12/8/2016 9:00,7,3,4
12/8/2016 10:00,5,1,4
12/8/2016 11:00,7,5,2
12/8/2016 12:00,7,3,4
12/8/2016 13:00,3,2,1
12/8/2016 14:00,10,5,5
12/8/2016 15:00,5,2,3
12/8/2016 16:00,8,3,5
12/8/2016 17:00,8,6,2
12/8/2016 18:00,3,3,0
12/8/2016 19:00,3,2,1
12/8/2016 20:00,3,2,1
12/8/2016 21:00,2,2,0
12/8/2016 22:00,0,0,0
12/8/2016 23:00,0,0,0
12/9/2016 0:00,0,0,0
12/9/2016 1:00,1,1,0
12/9/2016 2:00,0,0,0
12/9/2016 3:00,1,0,1
12/9/2016 4:00,0,0,0
12/9/2016 5:00,0,0,0
12/9/2016 6:00,2,0,2
12/9/2016 7:00,3,0,3
12/9/2016 8:00,5,4,1
12/9/2016 9:00,3,1,2
12/9/2016 10:00,3,1,2
12/9/2016 11:00,4,0,4
12/9/2016 12:00,3,2,1
12/9/2016 13:00,10,2,8
12/9/2016 14:00,4,1,3
12/9/2016 15:00,4,1,3
12/9/2016 16:00,7,0,7
12/9/2016 17:00,4,2,2
12/9/2016 18:00,2,2,0
12/9/2016 19:00,5,5,0
12/9/2016 20:00,1,1,0
12/9/2016 21:00,1,1,0
12/9/2016 22:00,0,0,0
12/9/2016 23:00,0,0,0
12/10/2016 0:00,0,0,0
12/10/2016 1:00,0,0,0
12/10/2016 2:00,0,0,0
12/10/2016 3:00,0,0,0
12/10/2016 4:00,0,0,0
12/10/2016 5:00,0,0,0
12/10/2016 6:00,1,0,1
12/10/2016 7:00,0,0,0
12/10/2016 8:00,0,0,0
12/10/2016 9:00,3,2,1
12/10/2016 10:00,5,2,3
12/10/2016 11:00,9,2,7
12/10/2016 12:00,3,2,1
12/10/2016 13:00,3,2,1
12/10/2016 14:00,1,0,1
12/10/2016 15:00,5,2,3
12/10/2016 16:00,4,1,3
12/10/2016 17:00,4,1,3
12/10/2016 18:00,5,2,3
12/10/2016 19:00,3,3,0
12/10/2016 20:00,1,0,1
12/10/2016 21:00,3,2,1
12/10/2016 22:00,2,1,1
12/10/2016 23:00,4,3,1
12/11/2016 0:00,1,1,0
12/11/2016 1:00,2,1,1
12/11/2016 2:00,0,0,0
12/11/2016 3:00,0,0,0
12/11/2016 4:00,0,0,0
12/11/2016 5:00,0,0,0
12/11/2016 6:00,1,0,1
12/11/2016 7:00,0,0,0
12/11/2016 8:00,2,1,1
12/11/2016 9:00,1,0,1
12/11/2016 10:00,3,2,1
12/11/2016 11:00,10,4,6
12/11/2016 12:00,7,4,3
12/11/2016 13:00,12,5,7
12/11/2016 14:00,5,2,3
12/11/2016 15:00,1,0,1
12/11/2016 16:00,5,2,3
12/11/2016 17:00,4,1,3
12/11/2016 18:00,1,1,0
12/11/2016 19:00,1,1,0
12/11/2016 20:00,0,0,0
12/11/2016 21:00,0,0,0
12/11/2016 22:00,1,0,1
12/11/2016 23:00,0,0,0
12/12/2016 0:00,1,1,0
12/12/2016 1:00,0,0,0
12/12/2016 2:00,0,0,0
12/12/2016 3:00,0,0,0
12/12/2016 4:00,0,0,0
12/12/2016 5:00,1,0,1
12/12/2016 6:00,3,1,2
12/12/2016 7:00,9,2,7
12/12/2016 8:00,12,5,7
12/12/2016 9:00,7,2,5
12/12/2016 10:00,3,0,3
12/12/2016 11:00,3,1,2
12/12/2016 12:00,10,3,7
12/12/2016 13:00,8,1,7
12/12/2016 14:00,11,4,7
12/12/2016 15:00,4,1,3
12/12/2016 16:00,8,5,3
12/12/2016 17:00,8,5,3
12/12/2016 18:00,5,3,2
12/12/2016 19:00,3,3,0
12/12/2016 20:00,0,0,0
12/12/2016 21:00,0,0,0
12/12/2016 22:00,1,1,0
12/12/2016 23:00,1,0,1
12/13/2016 0:00,0,0,0
12/13/2016 1:00,0,0,0
12/13/2016 2:00,0,0,0
12/13/2016 3:00,0,0,0
12/13/2016 4:00,0,0,0
12/13/2016 5:00,0,0,0
12/13/2016 6:00,1,1,0
12/13/2016 7:00,6,6,0
12/13/2016 8:00,3,3,0
12/13/2016 9:00,4,3,1
12/13/2016 10:00,8,2,6
12/13/2016 11:00,9,4,5
12/13/2016 12:00,6,1,5
12/13/2016 13:00,9,4,5
12/13/2016 14:00,5,2,3
12/13/2016 15:00,8,4,4
12/13/2016 16:00,15,8,7
12/13/2016 17:00,15,5,10
12/13/2016 18:00,9,5,4
12/13/2016 19:00,9,7,2
12/13/2016 20:00,3,2,1
12/13/2016 21:00,1,0,1
12/13/2016 22:00,1,0,1
12/13/2016 23:00,0,0,0
12/14/2016 0:00,0,0,0
12/14/2016 1:00,0,0,0
12/14/2016 2:00,0,0,0
12/14/2016 3:00,0,0,0
12/14/2016 4:00,0,0,0
12/14/2016 5:00,1,0,1
12/14/2016 6:00,2,2,0
12/14/2016 7:00,5,4,1
12/14/2016 8:00,1,1,0
12/14/2016 9:00,7,5,2
12/14/2016 10:00,5,1,4
12/14/2016 11:00,2,0,2
12/14/2016 12:00,6,2,4
12/14/2016 13:00,4,2,2
12/14/2016 14:00,7,3,4
12/14/2016 15:00,4,3,1
12/14/2016 16:00,8,3,5
12/14/2016 17:00,3,2,1
12/14/2016 18:00,5,2,3
12/14/2016 19:00,2,1,1
12/14/2016 20:00,6,4,2
12/14/2016 21:00,3,0,3
12/14/2016 22:00,2,1,1
12/14/2016 23:00,2,1,1
12/15/2016 0:00,0,0,0
12/15/2016 1:00,0,0,0
12/15/2016 2:00,0,0,0
12/15/2016 3:00,0,0,0
12/15/2016 4:00,0,0,0
12/15/2016 5:00,0,0,0
12/15/2016 6:00,2,0,2
12/15/2016 7:00,6,4,2
12/15/2016 8:00,6,2,4
12/15/2016 9:00,8,3,5
12/15/2016 10:00,4,1,3
12/15/2016 11:00,10,4,6
12/15/2016 12:00,2,0,2
12/15/2016 13:00,6,2,4
12/15/2016 14:00,2,2,0
12/15/2016 15:00,7,4,3
12/15/2016 16:00,8,5,3
12/15/2016 17:00,7,4,3
12/15/2016 18:00,6,3,3
12/15/2016 19:00,6,5,1
12/15/2016 20:00,0,0,0
12/15/2016 21:00,2,1,1
12/15/2016 22:00,2,2,0
12/15/2016 23:00,0,0,0
12/16/2016 0:00,0,0,0
12/16/2016 1:00,0,0,0
12/16/2016 2:00,0,0,0
12/16/2016 3:00,0,0,0
12/16/2016 4:00,0,0,0
12/16/2016 5:00,0,0,0
12/16/2016 6:00,0,0,0
12/16/2016 7:00,5,4,1
12/16/2016 8:00,6,4,2
12/16/2016 9:00,2,0,2
12/16/2016 10:00,6,3,3
12/16/2016 11:00,3,1,2
12/16/2016 12:00,9,1,8
12/16/2016 13:00,6,2,4
12/16/2016 14:00,7,5,2
12/16/2016 15:00,9,2,7
12/16/2016 16:00,8,2,6
12/16/2016 17:00,8,3,5
12/16/2016 18:00,4,1,3
12/16/2016 19:00,8,6,2
12/16/2016 20:00,5,1,4
12/16/2016 21:00,1,0,1
12/16/2016 22:00,5,3,2
12/16/2016 23:00,2,2,0
12/17/2016 0:00,3,1,2
12/17/2016 1:00,1,0,1
12/17/2016 2:00,1,1,0
12/17/2016 3:00,0,0,0
12/17/2016 4:00,0,0,0
12/17/2016 5:00,0,0,0
12/17/2016 6:00,0,0,0
12/17/2016 7:00,1,1,0
12/17/2016 8:00,2,1,1
12/17/2016 9:00,4,2,2
12/17/2016 10:00,2,1,1
12/17/2016 11:00,6,3,3
12/17/2016 12:00,6,3,3
12/17/2016 13:00,10,4,6
12/17/2016 14:00,7,1,6
12/17/2016 15:00,3,1,2
12/17/2016 16:00,4,3,1
12/17/2016 17:00,4,3,1
12/17/2016 18:00,5,3,2
12/17/2016 19:00,7,3,4
12/17/2016 20:00,1,1,0
12/17/2016 21:00,0,0,0
12/17/2016 22:00,0,0,0
12/17/2016 23:00,1,1,0
12/18/2016 0:00,1,1,0
12/18/2016 1:00,0,0,0
12/18/2016 2:00,0,0,0
12/18/2016 3:00,0,0,0
12/18/2016 4:00,0,0,0
12/18/2016 5:00,0,0,0
12/18/2016 6:00,2,0,2
12/18/2016 7:00,0,0,0
12/18/2016 8:00,1,1,0
12/18/2016 9:00,6,3,3
12/18/2016 10:00,6,2,4
12/18/2016 11:00,6,1,5
12/18/2016 12:00,15,3,12
12/18/2016 13:00,12,9,3
12/18/2016 14:00,15,6,9
12/18/2016 15:00,10,2,8
12/18/2016 16:00,11,4,7
12/18/2016 17:00,3,2,1
12/18/2016 18:00,2,2,0
12/18/2016 19:00,4,2,2
12/18/2016 20:00,2,0,2
12/18/2016 21:00,2,0,2
12/18/2016 22:00,0,0,0
12/18/2016 23:00,2,1,1
12/19/2016 0:00,0,0,0
12/19/2016 1:00,0,0,0
12/19/2016 2:00,0,0,0
12/19/2016 3:00,0,0,0
12/19/2016 4:00,1,1,0
12/19/2016 5:00,1,0,1
12/19/2016 6:00,1,1,0
12/19/2016 7:00,7,5,2
12/19/2016 8:00,4,2,2
12/19/2016 9:00,8,4,4
12/19/2016 10:00,1,1,0
12/19/2016 11:00,7,0,7
12/19/2016 12:00,3,1,2
12/19/2016 13:00,4,0,4
12/19/2016 14:00,8,2,6
12/19/2016 15:00,6,3,3
12/19/2016 16:00,8,2,6
12/19/2016 17:00,10,2,8
12/19/2016 18:00,3,1,2
12/19/2016 19:00,8,2,6
12/19/2016 20:00,3,3,0
12/19/2016 21:00,3,2,1
12/19/2016 22:00,2,1,1
12/19/2016 23:00,0,0,0
12/20/2016 0:00,0,0,0
12/20/2016 1:00,0,0,0
12/20/2016 2:00,0,0,0
12/20/2016 3:00,0,0,0
12/20/2016 4:00,0,0,0
12/20/2016 5:00,0,0,0
12/20/2016 6:00,1,0,1
12/20/2016 7:00,3,3,0
12/20/2016 8:00,11,6,5
12/20/2016 9:00,4,4,0
12/20/2016 10:00,1,0,1
12/20/2016 11:00,9,4,5
12/20/2016 12:00,8,3,5
12/20/2016 13:00,9,5,4
12/20/2016 14:00,3,1,2
12/20/2016 15:00,11,5,6
12/20/2016 16:00,7,2,5
12/20/2016 17:00,9,7,2
12/20/2016 18:00,10,7,3
12/20/2016 19:00,4,3,1
12/20/2016 20:00,2,2,0
12/20/2016 21:00,1,1,0
12/20/2016 22:00,1,0,1
12/20/2016 23:00,3,3,0
12/21/2016 0:00,1,0,1
12/21/2016 1:00,0,0,0
12/21/2016 2:00,0,0,0
12/21/2016 3:00,0,0,0
12/21/2016 4:00,0,0,0
12/21/2016 5:00,0,0,0
12/21/2016 6:00,3,1,2
12/21/2016 7:00,4,3,1
12/21/2016 8:00,7,2,5
12/21/2016 9:00,4,1,3
12/21/2016 10:00,5,2,3
12/21/2016 11:00,8,1,7
12/21/2016 12:00,10,2,8
12/21/2016 13:00,4,1,3
12/21/2016 14:00,4,4,0
12/21/2016 15:00,5,2,3
12/21/2016 16:00,2,1,1
12/21/2016 17:00,11,3,8
12/21/2016 18:00,4,1,3
12/21/2016 19:00,7,6,1
12/21/2016 20:00,1,1,0
12/21/2016 21:00,0,0,0
12/21/2016 22:00,1,0,1
12/21/2016 23:00,1,1,0
12/22/2016 0:00,0,0,0
12/22/2016 1:00,0,0,0
12/22/2016 2:00,0,0,0
12/22/2016 3:00,0,0,0
12/22/2016 4:00,0,0,0
12/22/2016 5:00,1,0,1
12/22/2016 6:00,0,0,0
12/22/2016 7:00,7,7,0
12/22/2016 8:00,2,2,0
12/22/2016 9:00,5,3,2
12/22/2016 10:00,3,2,1
12/22/2016 11:00,10,5,5
12/22/2016 12:00,3,3,0
12/22/2016 13:00,13,1,12
12/22/2016 14:00,6,2,4
12/22/2016 15:00,4,2,2
12/22/2016 16:00,1,1,0
12/22/2016 17:00,9,3,6
12/22/2016 18:00,6,3,3
12/22/2016 19:00,4,0,4
12/22/2016 20:00,7,3,4
12/22/2016 21:00,0,0,0
12/22/2016 22:00,1,1,0
12/22/2016 23:00,1,1,0
12/23/2016 0:00,1,1,0
12/23/2016 1:00,1,0,1
12/23/2016 2:00,0,0,0
12/23/2016 3:00,0,0,0
12/23/2016 4:00,0,0,0
12/23/2016 5:00,0,0,0
12/23/2016 6:00,0,0,0
12/23/2016 7:00,2,2,0
12/23/2016 8:00,5,2,3
12/23/2016 9:00,5,3,2
12/23/2016 10:00,4,2,2
12/23/2016 11:00,3,2,1
12/23/2016 12:00,3,1,2
12/23/2016 13:00,4,3,1
12/23/2016 14:00,4,2,2
12/23/2016 15:00,5,1,4
12/23/2016 16:00,2,1,1
12/23/2016 17:00,6,0,6
12/23/2016 18:00,3,1,2
12/23/2016 19:00,1,0,1
12/23/2016 20:00,0,0,0
12/23/2016 21:00,1,1,0
12/23/2016 22:00,0,0,0
12/23/2016 23:00,1,1,0
12/24/2016 0:00,0,0,0
12/24/2016 1:00,0,0,0
12/24/2016 2:00,0,0,0
12/24/2016 3:00,0,0,0
12/24/2016 4:00,0,0,0
12/24/2016 5:00,0,0,0
12/24/2016 6:00,0,0,0
12/24/2016 7:00,0,0,0
12/24/2016 8:00,0,0,0
12/24/2016 9:00,1,1,0
12/24/2016 10:00,2,1,1
12/24/2016 11:00,2,1,1
12/24/2016 12:00,3,3,0
12/24/2016 13:00,4,2,2
12/24/2016 14:00,3,3,0
12/24/2016 15:00,5,2,3
12/24/2016 16:00,2,1,1
12/24/2016 17:00,0,0,0
12/24/2016 18:00,1,1,0
12/24/2016 19:00,1,1,0
12/24/2016 20:00,3,1,2
12/24/2016 21:00,2,2,0
12/24/2016 22:00,0,0,0
12/24/2016 23:00,0,0,0
12/25/2016 0:00,0,0,0
12/25/2016 1:00,0,0,0
12/25/2016 2:00,0,0,0
12/25/2016 3:00,0,0,0
12/25/2016 4:00,0,0,0
12/25/2016 5:00,0,0,0
12/25/2016 6:00,0,0,0
12/25/2016 7:00,0,0,0
12/25/2016 8:00,1,1,0
12/25/2016 9:00,0,0,0
12/25/2016 10:00,0,0,0
12/25/2016 11:00,3,3,0
12/25/2016 12:00,0,0,0
12/25/2016 13:00,3,3,0
12/25/2016 14:00,1,1,0
12/25/2016 15:00,1,1,0
12/25/2016 16:00,1,1,0
12/25/2016 17:00,0,0,0
12/25/2016 18:00,0,0,0
12/25/2016 19:00,1,1,0
12/25/2016 20:00,0,0,0
12/25/2016 21:00,0,0,0
12/25/2016 22:00,0,0,0
12/25/2016 23:00,0,0,0
12/26/2016 0:00,0,0,0
12/26/2016 1:00,1,1,0
12/26/2016 2:00,0,0,0
12/26/2016 3:00,0,0,0
12/26/2016 4:00,0,0,0
12/26/2016 5:00,0,0,0
12/26/2016 6:00,1,1,0
12/26/2016 7:00,0,0,0
12/26/2016 8:00,0,0,0
12/26/2016 9:00,4,3,1
12/26/2016 10:00,0,0,0
12/26/2016 11:00,4,4,0
12/26/2016 12:00,1,1,0
12/26/2016 13:00,5,5,0
12/26/2016 14:00,2,1,1
12/26/2016 15:00,5,3,2
12/26/2016 16:00,2,2,0
12/26/2016 17:00,0,0,0
12/26/2016 18:00,2,2,0
12/26/2016 19:00,1,1,0
12/26/2016 20:00,0,0,0
12/26/2016 21:00,0,0,0
12/26/2016 22:00,0,0,0
12/26/2016 23:00,0,0,0
12/27/2016 0:00,0,0,0
12/27/2016 1:00,0,0,0
12/27/2016 2:00,1,1,0
12/27/2016 3:00,0,0,0
12/27/2016 4:00,0,0,0
12/27/2016 5:00,0,0,0
12/27/2016 6:00,0,0,0
12/27/2016 7:00,2,1,1
12/27/2016 8:00,2,2,0
12/27/2016 9:00,3,2,1
12/27/2016 10:00,1,0,1
12/27/2016 11:00,3,1,2
12/27/2016 12:00,3,1,2
12/27/2016 13:00,4,4,0
12/27/2016 14:00,2,1,1
12/27/2016 15:00,1,1,0
12/27/2016 16:00,1,1,0
12/27/2016 17:00,5,4,1
12/27/2016 18:00,2,2,0
12/27/2016 19:00,4,3,1
12/27/2016 20:00,1,1,0
12/27/2016 21:00,1,1,0
12/27/2016 22:00,0,0,0
12/27/2016 23:00,0,0,0
12/28/2016 0:00,0,0,0
12/28/2016 1:00,0,0,0
12/28/2016 2:00,0,0,0
12/28/2016 3:00,0,0,0
12/28/2016 4:00,0,0,0
12/28/2016 5:00,0,0,0
12/28/2016 6:00,1,0,1
12/28/2016 7:00,6,5,1
12/28/2016 8:00,2,2,0
12/28/2016 9:00,5,2,3
12/28/2016 10:00,3,2,1
12/28/2016 11:00,6,1,5
12/28/2016 12:00,4,3,1
12/28/2016 13:00,7,6,1
12/28/2016 14:00,8,5,3
12/28/2016 15:00,6,6,0
12/28/2016 16:00,3,2,1
12/28/2016 17:00,3,2,1
12/28/2016 18:00,3,3,0
12/28/2016 19:00,2,2,0
12/28/2016 20:00,1,1,0
12/28/2016 21:00,1,1,0
12/28/2016 22:00,0,0,0
12/28/2016 23:00,1,1,0
12/29/2016 0:00,0,0,0
12/29/2016 1:00,0,0,0
12/29/2016 2:00,0,0,0
12/29/2016 3:00,0,0,0
12/29/2016 4:00,0,0,0
12/29/2016 5:00,0,0,0
12/29/2016 6:00,1,1,0
12/29/2016 7:00,3,2,1
12/29/2016 8:00,6,5,1
12/29/2016 9:00,2,2,0
12/29/2016 10:00,3,3,0
12/29/2016 11:00,3,3,0
12/29/2016 12:00,5,4,1
12/29/2016 13:00,3,2,1
12/29/2016 14:00,1,1,0
12/29/2016 15:00,5,5,0
12/29/2016 16:00,4,3,1
12/29/2016 17:00,1,1,0
12/29/2016 18:00,6,5,1
12/29/2016 19:00,4,4,0
12/29/2016 20:00,3,2,1
12/29/2016 21:00,1,1,0
12/29/2016 22:00,2,2,0
12/29/2016 23:00,0,0,0
12/30/2016 0:00,0,0,0
12/30/2016 1:00,0,0,0
12/30/2016 2:00,0,0,0
12/30/2016 3:00,0,0,0
12/30/2016 4:00,0,0,0
12/30/2016 5:00,0,0,0
12/30/2016 6:00,2,2,0
12/30/2016 7:00,4,4,0
12/30/2016 8:00,0,0,0
12/30/2016 9:00,7,7,0
12/30/2016 10:00,4,3,1
12/30/2016 11:00,7,6,1
12/30/2016 12:00,6,6,0
12/30/2016 13:00,7,6,1
12/30/2016 14:00,3,3,0
12/30/2016 15:00,5,2,3
12/30/2016 16:00,7,5,2
12/30/2016 17:00,4,3,1
12/30/2016 18:00,0,0,0
12/30/2016 19:00,2,1,1
12/30/2016 20:00,3,2,1
12/30/2016 21:00,4,4,0
12/30/2016 22:00,1,0,1
12/30/2016 23:00,1,1,0
12/31/2016 0:00,2,1,1
12/31/2016 1:00,0,0,0
12/31/2016 2:00,0,0,0
12/31/2016 3:00,0,0,0
12/31/2016 4:00,0,0,0
12/31/2016 5:00,0,0,0
12/31/2016 6:00,0,0,0
12/31/2016 7:00,1,1,0
12/31/2016 8:00,2,1,1
12/31/2016 9:00,1,0,1
12/31/2016 10:00,5,5,0
12/31/2016 11:00,4,2,2
12/31/2016 12:00,4,3,1
12/31/2016 13:00,7,5,2
12/31/2016 14:00,3,1,2
12/31/2016 15:00,3,2,1
12/31/2016 16:00,3,2,1
12/31/2016 17:00,3,3,0
12/31/2016 18:00,1,0,1
12/31/2016 19:00,1,1,0
12/31/2016 20:00,2,1,1
12/31/2016 21:00,0,0,0
12/31/2016 22:00,0,0,0
12/31/2016 23:00,2,1,1
1/1/2017 0:00,0,0,0
1/1/2017 1:00,2,1,1
1/1/2017 2:00,0,0,0
1/1/2017 3:00,0,0,0
1/1/2017 4:00,0,0,0
1/1/2017 5:00,0,0,0
1/1/2017 6:00,0,0,0
1/1/2017 7:00,1,1,0
1/1/2017 8:00,0,0,0
1/1/2017 9:00,3,3,0
1/1/2017 10:00,1,1,0
1/1/2017 11:00,1,1,0
1/1/2017 12:00,4,3,1
1/1/2017 13:00,2,2,0
1/1/2017 14:00,0,0,0
1/1/2017 15:00,4,1,3
1/1/2017 16:00,4,0,4
1/1/2017 17:00,1,0,1
1/1/2017 18:00,7,1,6
1/1/2017 19:00,0,0,0
1/1/2017 20:00,4,0,4
1/1/2017 21:00,6,1,5
1/1/2017 22:00,2,0,2
1/1/2017 23:00,1,0,1
1/2/2017 0:00,3,0,3
1/2/2017 1:00,2,1,1
1/2/2017 2:00,0,0,0
1/2/2017 3:00,1,0,1
1/2/2017 4:00,1,0,1
1/2/2017 5:00,0,0,0
1/2/2017 6:00,0,0,0
1/2/2017 7:00,4,1,3
1/2/2017 8:00,1,0,1
1/2/2017 9:00,3,1,2
1/2/2017 10:00,0,0,0
1/2/2017 11:00,6,5,1
1/2/2017 12:00,9,8,1
1/2/2017 13:00,2,1,1
1/2/2017 14:00,7,4,3
1/2/2017 15:00,8,6,2
1/2/2017 16:00,5,3,2
1/2/2017 17:00,8,4,4
1/2/2017 18:00,3,2,1
1/2/2017 19:00,1,1,0
1/2/2017 20:00,3,1,2
1/2/2017 21:00,6,1,5
1/2/2017 22:00,3,1,2
1/2/2017 23:00,2,1,1
1/3/2017 0:00,2,0,2
1/3/2017 1:00,0,0,0
1/3/2017 2:00,0,0,0
1/3/2017 3:00,1,1,0
1/3/2017 4:00,0,0,0
1/3/2017 5:00,0,0,0
1/3/2017 6:00,2,0,2
1/3/2017 7:00,2,1,1
1/3/2017 8:00,0,0,0
1/3/2017 9:00,4,3,1
1/3/2017 10:00,,,
1/3/2017 11:00,3,3,0
1/3/2017 12:00,0,0,0
1/3/2017 13:00,5,2,3
1/3/2017 14:00,11,2,9
1/3/2017 15:00,5,2,3
1/3/2017 16:00,6,1,5
1/3/2017 17:00,5,4,1
1/3/2017 18:00,2,2,0
1/3/2017 19:00,2,2,0
1/3/2017 20:00,1,1,0
1/3/2017 21:00,2,1,1
1/3/2017 22:00,1,0,1
1/3/2017 23:00,0,0,0
1/4/2017 0:00,0,0,0
1/4/2017 1:00,0,0,0
1/4/2017 2:00,0,0,0
1/4/2017 3:00,0,0,0
1/4/2017 4:00,0,0,0
1/4/2017 5:00,0,0,0
1/4/2017 6:00,0,0,0
1/4/2017 7:00,0,0,0
1/4/2017 8:00,0,0,0
1/4/2017 9:00,0,0,0
1/4/2017 10:00,0,0,0
1/4/2017 11:00,4,2,2
1/4/2017 12:00,0,0,0
1/4/2017 13:00,4,3,1
1/4/2017 14:00,4,1,3
1/4/2017 15:00,6,1,5
1/4/2017 16:00,5,5,0
1/4/2017 17:00,9,9,0
1/4/2017 18:00,1,1,0
1/4/2017 19:00,0,0,0
1/4/2017 20:00,0,0,0
1/4/2017 21:00,0,0,0
1/4/2017 22:00,0,0,0
1/4/2017 23:00,0,0,0
1/5/2017 0:00,0,0,0
1/5/2017 1:00,0,0,0
1/5/2017 2:00,0,0,0
1/5/2017 3:00,0,0,0
1/5/2017 4:00,0,0,0
1/5/2017 5:00,0,0,0
1/5/2017 6:00,0,0,0
1/5/2017 7:00,0,0,0
1/5/2017 8:00,0,0,0
1/5/2017 9:00,0,0,0
1/5/2017 10:00,0,0,0
1/5/2017 11:00,0,0,0
1/5/2017 12:00,2,1,1
1/5/2017 13:00,2,2,0
1/5/2017 14:00,0,0,0
1/5/2017 15:00,0,0,0
1/5/2017 16:00,1,1,0
1/5/2017 17:00,0,0,0
1/5/2017 18:00,2,2,0
1/5/2017 19:00,0,0,0
1/5/2017 20:00,1,1,0
1/5/2017 21:00,3,3,0
1/5/2017 22:00,1,1,0
1/5/2017 23:00,0,0,0
1/6/2017 0:00,0,0,0
1/6/2017 1:00,0,0,0
1/6/2017 2:00,0,0,0
1/6/2017 3:00,0,0,0
1/6/2017 4:00,0,0,0
1/6/2017 5:00,0,0,0
1/6/2017 6:00,0,0,0
1/6/2017 7:00,0,0,0
1/6/2017 8:00,0,0,0
1/6/2017 9:00,0,0,0
1/6/2017 10:00,3,3,0
1/6/2017 11:00,0,0,0
1/6/2017 12:00,0,0,0
1/6/2017 13:00,0,0,0
1/6/2017 14:00,0,0,0
1/6/2017 15:00,3,3,0
1/6/2017 16:00,0,0,0
1/6/2017 17:00,0,0,0
1/6/2017 18:00,0,0,0
1/6/2017 19:00,0,0,0
1/6/2017 20:00,1,1,0
1/6/2017 21:00,0,0,0
1/6/2017 22:00,0,0,0
1/6/2017 23:00,0,0,0
1/7/2017 0:00,0,0,0
1/7/2017 1:00,0,0,0
1/7/2017 2:00,0,0,0
1/7/2017 3:00,0,0,0
1/7/2017 4:00,0,0,0
1/7/2017 5:00,0,0,0
1/7/2017 6:00,0,0,0
1/7/2017 7:00,0,0,0
1/7/2017 8:00,0,0,0
1/7/2017 9:00,1,0,1
1/7/2017 10:00,7,4,3
1/7/2017 11:00,8,4,4
1/7/2017 12:00,4,1,3
1/7/2017 13:00,4,1,3
1/7/2017 14:00,5,3,2
1/7/2017 15:00,7,4,3
1/7/2017 16:00,4,2,2
1/7/2017 17:00,5,2,3
1/7/2017 18:00,4,3,1
1/7/2017 19:00,1,1,0
1/7/2017 20:00,2,1,1
1/7/2017 21:00,1,0,1
1/7/2017 22:00,1,0,1
1/7/2017 23:00,1,1,0
1/8/2017 0:00,0,0,0
1/8/2017 1:00,0,0,0
1/8/2017 2:00,0,0,0
1/8/2017 3:00,2,0,2
1/8/2017 4:00,0,0,0
1/8/2017 5:00,0,0,0
1/8/2017 6:00,0,0,0
1/8/2017 7:00,0,0,0
1/8/2017 8:00,0,0,0
1/8/2017 9:00,1,1,0
1/8/2017 10:00,3,3,0
1/8/2017 11:00,2,2,0
1/8/2017 12:00,3,2,1
1/8/2017 13:00,3,3,0
1/8/2017 14:00,6,5,1
1/8/2017 15:00,3,1,2
1/8/2017 16:00,2,2,0
1/8/2017 17:00,3,2,1
1/8/2017 18:00,7,2,5
1/8/2017 19:00,2,0,2
1/8/2017 20:00,3,2,1
1/8/2017 21:00,0,0,0
1/8/2017 22:00,1,0,1
1/8/2017 23:00,2,0,2
1/9/2017 0:00,0,0,0
1/9/2017 1:00,0,0,0
1/9/2017 2:00,0,0,0
1/9/2017 3:00,0,0,0
1/9/2017 4:00,0,0,0
1/9/2017 5:00,1,0,1
1/9/2017 6:00,1,0,1
1/9/2017 7:00,3,3,0
1/9/2017 8:00,4,1,3
1/9/2017 9:00,0,0,0
1/9/2017 10:00,3,1,2
1/9/2017 11:00,6,3,3
1/9/2017 12:00,2,2,0
1/9/2017 13:00,3,1,2
1/9/2017 14:00,6,3,3
1/9/2017 15:00,3,1,2
1/9/2017 16:00,4,2,2
1/9/2017 17:00,8,5,3
1/9/2017 18:00,2,0,2
1/9/2017 19:00,3,0,3
1/9/2017 20:00,5,2,3
1/9/2017 21:00,3,0,3
1/9/2017 22:00,3,0,3
1/9/2017 23:00,1,1,0
1/10/2017 0:00,1,0,1
1/10/2017 1:00,1,1,0
1/10/2017 2:00,0,0,0
1/10/2017 3:00,0,0,0
1/10/2017 4:00,0,0,0
1/10/2017 5:00,2,0,2
1/10/2017 6:00,1,0,1
1/10/2017 7:00,1,0,1
1/10/2017 8:00,1,1,0
1/10/2017 9:00,3,1,2
1/10/2017 10:00,3,3,0
1/10/2017 11:00,5,2,3
1/10/2017 12:00,13,2,11
1/10/2017 13:00,11,2,9
1/10/2017 14:00,8,2,6
1/10/2017 15:00,11,0,11
1/10/2017 16:00,17,4,13
1/10/2017 17:00,25,6,19
1/10/2017 18:00,13,1,12
1/10/2017 19:00,9,2,7
1/10/2017 20:00,4,0,4
1/10/2017 21:00,9,0,9
1/10/2017 22:00,7,0,7
1/10/2017 23:00,1,1,0
1/11/2017 0:00,3,0,3
1/11/2017 1:00,1,0,1
1/11/2017 2:00,1,0,1
1/11/2017 3:00,0,0,0
1/11/2017 4:00,0,0,0
1/11/2017 5:00,4,0,4
1/11/2017 6:00,3,2,1
1/11/2017 7:00,4,0,4
1/11/2017 8:00,8,5,3
1/11/2017 9:00,3,1,2
1/11/2017 10:00,5,4,1
1/11/2017 11:00,4,3,1
1/11/2017 12:00,13,7,6
1/11/2017 13:00,12,3,9
1/11/2017 14:00,12,8,4
1/11/2017 15:00,10,8,2
1/11/2017 16:00,14,8,6
1/11/2017 17:00,8,3,5
1/11/2017 18:00,4,2,2
1/11/2017 19:00,5,1,4
1/11/2017 20:00,4,1,3
1/11/2017 21:00,6,1,5
1/11/2017 22:00,0,0,0
1/11/2017 23:00,2,1,1
1/12/2017 0:00,1,0,1
1/12/2017 1:00,0,0,0
1/12/2017 2:00,0,0,0
1/12/2017 3:00,0,0,0
1/12/2017 4:00,0,0,0
1/12/2017 5:00,1,0,1
1/12/2017 6:00,2,1,1
1/12/2017 7:00,1,1,0
1/12/2017 8:00,3,3,0
1/12/2017 9:00,2,1,1
1/12/2017 10:00,4,1,3
1/12/2017 11:00,2,1,1
1/12/2017 12:00,3,2,1
1/12/2017 13:00,14,4,10
1/12/2017 14:00,4,3,1
1/12/2017 15:00,1,1,0
1/12/2017 16:00,1,1,0
1/12/2017 17:00,4,3,1
1/12/2017 18:00,7,5,2
1/12/2017 19:00,8,4,4
1/12/2017 20:00,1,0,1
1/12/2017 21:00,0,0,0
1/12/2017 22:00,3,1,2
1/12/2017 23:00,1,1,0
1/13/2017 0:00,0,0,0
1/13/2017 1:00,1,1,0
1/13/2017 2:00,0,0,0
1/13/2017 3:00,0,0,0
1/13/2017 4:00,1,1,0
1/13/2017 5:00,0,0,0
1/13/2017 6:00,0,0,0
1/13/2017 7:00,3,0,3
1/13/2017 8:00,2,2,0
1/13/2017 9:00,3,3,0
1/13/2017 10:00,3,2,1
1/13/2017 11:00,3,3,0
1/13/2017 12:00,3,2,1
1/13/2017 13:00,5,3,2
1/13/2017 14:00,2,2,0
1/13/2017 15:00,3,2,1
1/13/2017 16:00,1,1,0
1/13/2017 17:00,2,2,0
1/13/2017 18:00,4,2,2
1/13/2017 19:00,5,3,2
1/13/2017 20:00,1,0,1
1/13/2017 21:00,0,0,0
1/13/2017 22:00,1,0,1
1/13/2017 23:00,2,2,0
1/14/2017 0:00,0,0,0
1/14/2017 1:00,0,0,0
1/14/2017 2:00,1,0,1
1/14/2017 3:00,0,0,0
1/14/2017 4:00,0,0,0
1/14/2017 5:00,0,0,0
1/14/2017 6:00,1,1,0
1/14/2017 7:00,2,1,1
1/14/2017 8:00,1,1,0
1/14/2017 9:00,4,3,1
1/14/2017 10:00,7,5,2
1/14/2017 11:00,5,3,2
1/14/2017 12:00,2,1,1
1/14/2017 13:00,7,4,3
1/14/2017 14:00,0,0,0
1/14/2017 15:00,2,2,0
1/14/2017 16:00,7,5,2
1/14/2017 17:00,5,5,0
1/14/2017 18:00,1,1,0
1/14/2017 19:00,1,0,1
1/14/2017 20:00,2,2,0
1/14/2017 21:00,0,0,0
1/14/2017 22:00,0,0,0
1/14/2017 23:00,2,1,1
1/15/2017 0:00,1,1,0
1/15/2017 1:00,2,0,2
1/15/2017 2:00,1,0,1
1/15/2017 3:00,0,0,0
1/15/2017 4:00,0,0,0
1/15/2017 5:00,0,0,0
1/15/2017 6:00,0,0,0
1/15/2017 7:00,1,0,1
1/15/2017 8:00,0,0,0
1/15/2017 9:00,1,1,0
1/15/2017 10:00,5,5,0
1/15/2017 11:00,7,4,3
1/15/2017 12:00,6,5,1
1/15/2017 13:00,12,10,2
1/15/2017 14:00,15,11,4
1/15/2017 15:00,8,4,4
1/15/2017 16:00,5,5,0
1/15/2017 17:00,4,3,1
1/15/2017 18:00,8,8,0
1/15/2017 19:00,1,1,0
1/15/2017 20:00,2,1,1
1/15/2017 21:00,0,0,0
1/15/2017 22:00,0,0,0
1/15/2017 23:00,0,0,0
1/16/2017 0:00,0,0,0
1/16/2017 1:00,0,0,0
1/16/2017 2:00,0,0,0
1/16/2017 3:00,0,0,0
1/16/2017 4:00,0,0,0
1/16/2017 5:00,0,0,0
1/16/2017 6:00,4,4,0
1/16/2017 7:00,6,4,2
1/16/2017 8:00,2,1,1
1/16/2017 9:00,6,6,0
1/16/2017 10:00,2,1,1
1/16/2017 11:00,2,1,1
1/16/2017 12:00,4,3,1
1/16/2017 13:00,9,6,3
1/16/2017 14:00,4,3,1
1/16/2017 15:00,2,1,1
1/16/2017 16:00,2,0,2
1/16/2017 17:00,7,6,1
1/16/2017 18:00,0,0,0
1/16/2017 19:00,2,2,0
1/16/2017 20:00,2,2,0
1/16/2017 21:00,1,0,1
1/16/2017 22:00,0,0,0
1/16/2017 23:00,0,0,0
1/17/2017 0:00,0,0,0
1/17/2017 1:00,0,0,0
1/17/2017 2:00,0,0,0
1/17/2017 3:00,0,0,0
1/17/2017 4:00,0,0,0
1/17/2017 5:00,0,0,0
1/17/2017 6:00,1,1,0
1/17/2017 7:00,8,8,0
1/17/2017 8:00,5,5,0
1/17/2017 9:00,6,6,0
1/17/2017 10:00,2,0,2
1/17/2017 11:00,5,4,1
1/17/2017 12:00,5,1,4
1/17/2017 13:00,2,0,2
1/17/2017 14:00,5,2,3
1/17/2017 15:00,0,0,0
1/17/2017 16:00,5,2,3
1/17/2017 17:00,2,2,0
1/17/2017 18:00,6,0,6
1/17/2017 19:00,4,0,4
1/17/2017 20:00,3,0,3
1/17/2017 21:00,3,1,2
1/17/2017 22:00,1,0,1
1/17/2017 23:00,2,0,2
1/18/2017 0:00,1,0,1
1/18/2017 1:00,0,0,0
1/18/2017 2:00,2,0,2
1/18/2017 3:00,0,0,0
1/18/2017 4:00,0,0,0
1/18/2017 5:00,4,1,3
1/18/2017 6:00,2,1,1
1/18/2017 7:00,1,1,0
1/18/2017 8:00,3,1,2
1/18/2017 9:00,7,2,5
1/18/2017 10:00,1,0,1
1/18/2017 11:00,1,0,1
1/18/2017 12:00,1,0,1
1/18/2017 13:00,0,0,0
1/18/2017 14:00,4,1,3
1/18/2017 15:00,5,3,2
1/18/2017 16:00,1,0,1
1/18/2017 17:00,2,2,0
1/18/2017 18:00,2,1,1
1/18/2017 19:00,2,1,1
1/18/2017 20:00,0,0,0
1/18/2017 21:00,2,1,1
1/18/2017 22:00,1,0,1
1/18/2017 23:00,0,0,0
1/19/2017 0:00,0,0,0
1/19/2017 1:00,0,0,0
1/19/2017 2:00,0,0,0
1/19/2017 3:00,0,0,0
1/19/2017 4:00,1,0,1
1/19/2017 5:00,0,0,0
1/19/2017 6:00,2,1,1
1/19/2017 7:00,1,1,0
1/19/2017 8:00,2,0,2
1/19/2017 9:00,1,1,0
1/19/2017 10:00,3,2,1
1/19/2017 11:00,0,0,0
1/19/2017 12:00,4,4,0
1/19/2017 13:00,3,1,2
1/19/2017 14:00,6,1,5
1/19/2017 15:00,2,1,1
1/19/2017 16:00,4,2,2
1/19/2017 17:00,1,1,0
1/19/2017 18:00,4,1,3
1/19/2017 19:00,2,0,2
1/19/2017 20:00,1,0,1
1/19/2017 21:00,2,0,2
1/19/2017 22:00,2,1,1
1/19/2017 23:00,2,0,2
1/20/2017 0:00,0,0,0
1/20/2017 1:00,1,1,0
1/20/2017 2:00,0,0,0
1/20/2017 3:00,0,0,0
1/20/2017 4:00,0,0,0
1/20/2017 5:00,0,0,0
1/20/2017 6:00,1,0,1
1/20/2017 7:00,3,2,1
1/20/2017 8:00,2,0,2
1/20/2017 9:00,4,1,3
1/20/2017 10:00,3,1,2
1/20/2017 11:00,5,1,4
1/20/2017 12:00,2,0,2
1/20/2017 13:00,2,1,1
1/20/2017 14:00,9,1,8
1/20/2017 15:00,8,4,4
1/20/2017 16:00,5,1,4
1/20/2017 17:00,3,0,3
1/20/2017 18:00,2,2,0
1/20/2017 19:00,8,1,7
1/20/2017 20:00,5,1,4
1/20/2017 21:00,3,0,3
1/20/2017 22:00,1,1,0
1/20/2017 23:00,4,0,4
1/21/2017 0:00,2,0,2
1/21/2017 1:00,1,0,1
1/21/2017 2:00,1,0,1
1/21/2017 3:00,0,0,0
1/21/2017 4:00,0,0,0
1/21/2017 5:00,0,0,0
1/21/2017 6:00,0,0,0
1/21/2017 7:00,2,0,2
1/21/2017 8:00,3,0,3
1/21/2017 9:00,3,1,2
1/21/2017 10:00,2,0,2
1/21/2017 11:00,3,1,2
1/21/2017 12:00,3,1,2
1/21/2017 13:00,2,1,1
1/21/2017 14:00,7,0,7
1/21/2017 15:00,5,0,5
1/21/2017 16:00,10,4,6
1/21/2017 17:00,3,0,3
1/21/2017 18:00,6,0,6
1/21/2017 19:00,4,0,4
1/21/2017 20:00,2,0,2
1/21/2017 21:00,2,0,2
1/21/2017 22:00,2,2,0
1/21/2017 23:00,2,0,2
1/22/2017 0:00,2,0,2
1/22/2017 1:00,0,0,0
1/22/2017 2:00,1,0,1
1/22/2017 3:00,2,0,2
1/22/2017 4:00,1,0,1
1/22/2017 5:00,0,0,0
1/22/2017 6:00,0,0,0
1/22/2017 7:00,0,0,0
1/22/2017 8:00,2,1,1
1/22/2017 9:00,0,0,0
1/22/2017 10:00,0,0,0
1/22/2017 11:00,4,2,2
1/22/2017 12:00,0,0,0
1/22/2017 13:00,7,1,6
1/22/2017 14:00,4,2,2
1/22/2017 15:00,5,2,3
1/22/2017 16:00,3,0,3
1/22/2017 17:00,5,3,2
1/22/2017 18:00,2,0,2
1/22/2017 19:00,4,0,4
1/22/2017 20:00,5,0,5
1/22/2017 21:00,0,0,0
1/22/2017 22:00,2,1,1
1/22/2017 23:00,1,0,1
1/23/2017 0:00,0,0,0
1/23/2017 1:00,0,0,0
1/23/2017 2:00,0,0,0
1/23/2017 3:00,0,0,0
1/23/2017 4:00,0,0,0
1/23/2017 5:00,1,0,1
1/23/2017 6:00,0,0,0
1/23/2017 7:00,1,1,0
1/23/2017 8:00,1,1,0
1/23/2017 9:00,2,1,1
1/23/2017 10:00,3,1,2
1/23/2017 11:00,3,1,2
1/23/2017 12:00,3,0,3
1/23/2017 13:00,2,1,1
1/23/2017 14:00,4,3,1
1/23/2017 15:00,5,2,3
1/23/2017 16:00,9,3,6
1/23/2017 17:00,14,3,11
1/23/2017 18:00,2,0,2
1/23/2017 19:00,5,0,5
1/23/2017 20:00,2,0,2
1/23/2017 21:00,3,1,2
1/23/2017 22:00,1,0,1
1/23/2017 23:00,2,0,2
1/24/2017 0:00,0,0,0
1/24/2017 1:00,1,0,1
1/24/2017 2:00,0,0,0
1/24/2017 3:00,0,0,0
1/24/2017 4:00,1,0,1
1/24/2017 5:00,1,0,1
1/24/2017 6:00,0,0,0
1/24/2017 7:00,5,2,3
1/24/2017 8:00,0,0,0
1/24/2017 9:00,2,0,2
1/24/2017 10:00,1,1,0
1/24/2017 11:00,8,2,6
1/24/2017 12:00,7,1,6
1/24/2017 13:00,6,0,6
1/24/2017 14:00,5,3,2
1/24/2017 15:00,2,0,2
1/24/2017 16:00,6,1,5
1/24/2017 17:00,2,0,2
1/24/2017 18:00,4,2,2
1/24/2017 19:00,3,1,2
1/24/2017 20:00,2,1,1
1/24/2017 21:00,1,1,0
1/24/2017 22:00,1,1,0
1/24/2017 23:00,0,0,0
1/25/2017 0:00,0,0,0
1/25/2017 1:00,0,0,0
1/25/2017 2:00,0,0,0
1/25/2017 3:00,0,0,0
1/25/2017 4:00,0,0,0
1/25/2017 5:00,2,2,0
1/25/2017 6:00,1,1,0
1/25/2017 7:00,2,2,0
1/25/2017 8:00,3,3,0
1/25/2017 9:00,2,2,0
1/25/2017 10:00,1,0,1
1/25/2017 11:00,2,1,1
1/25/2017 12:00,2,1,1
1/25/2017 13:00,0,0,0
1/25/2017 14:00,4,4,0
1/25/2017 15:00,0,0,0
1/25/2017 16:00,4,4,0
1/25/2017 17:00,2,2,0
1/25/2017 18:00,2,2,0
1/25/2017 19:00,6,6,0
1/25/2017 20:00,3,3,0
1/25/2017 21:00,3,2,1
1/25/2017 22:00,1,1,0
1/25/2017 23:00,0,0,0
1/26/2017 0:00,0,0,0
1/26/2017 1:00,0,0,0
1/26/2017 2:00,0,0,0
1/26/2017 3:00,1,1,0
1/26/2017 4:00,0,0,0
1/26/2017 5:00,0,0,0
1/26/2017 6:00,0,0,0
1/26/2017 7:00,1,1,0
1/26/2017 8:00,3,3,0
1/26/2017 9:00,0,0,0
1/26/2017 10:00,3,3,0
1/26/2017 11:00,2,2,0
1/26/2017 12:00,2,2,0
1/26/2017 13:00,2,1,1
1/26/2017 14:00,2,2,0
1/26/2017 15:00,3,3,0
1/26/2017 16:00,0,0,0
1/26/2017 17:00,4,4,0
1/26/2017 18:00,0,0,0
1/26/2017 19:00,4,4,0
1/26/2017 20:00,0,0,0
1/26/2017 21:00,0,0,0
1/26/2017 22:00,0,0,0
1/26/2017 23:00,0,0,0
1/27/2017 0:00,0,0,0
1/27/2017 1:00,0,0,0
1/27/2017 2:00,0,0,0
1/27/2017 3:00,0,0,0
1/27/2017 4:00,1,1,0
1/27/2017 5:00,0,0,0
1/27/2017 6:00,1,1,0
1/27/2017 7:00,0,0,0
1/27/2017 8:00,1,1,0
1/27/2017 9:00,2,2,0
1/27/2017 10:00,1,1,0
1/27/2017 11:00,0,0,0
1/27/2017 12:00,1,1,0
1/27/2017 13:00,1,1,0
1/27/2017 14:00,0,0,0
1/27/2017 15:00,0,0,0
1/27/2017 16:00,2,2,0
1/27/2017 17:00,1,1,0
1/27/2017 18:00,1,1,0
1/27/2017 19:00,3,3,0
1/27/2017 20:00,5,5,0
1/27/2017 21:00,0,0,0
1/27/2017 22:00,1,1,0
1/27/2017 23:00,0,0,0
1/28/2017 0:00,0,0,0
1/28/2017 1:00,0,0,0
1/28/2017 2:00,1,0,1
1/28/2017 3:00,0,0,0
1/28/2017 4:00,0,0,0
1/28/2017 5:00,0,0,0
1/28/2017 6:00,0,0,0
1/28/2017 7:00,0,0,0
1/28/2017 8:00,0,0,0
1/28/2017 9:00,0,0,0
1/28/2017 10:00,3,2,1
1/28/2017 11:00,1,1,0
1/28/2017 12:00,0,0,0
1/28/2017 13:00,0,0,0
1/28/2017 14:00,1,1,0
1/28/2017 15:00,2,2,0
1/28/2017 16:00,1,1,0
1/28/2017 17:00,3,3,0
1/28/2017 18:00,1,1,0
1/28/2017 19:00,0,0,0
1/28/2017 20:00,0,0,0
1/28/2017 21:00,0,0,0
1/28/2017 22:00,1,1,0
1/28/2017 23:00,0,0,0
1/29/2017 0:00,0,0,0
1/29/2017 1:00,0,0,0
1/29/2017 2:00,0,0,0
1/29/2017 3:00,0,0,0
1/29/2017 4:00,0,0,0
1/29/2017 5:00,0,0,0
1/29/2017 6:00,0,0,0
1/29/2017 7:00,0,0,0
1/29/2017 8:00,0,0,0
1/29/2017 9:00,1,1,0
1/29/2017 10:00,2,2,0
1/29/2017 11:00,2,2,0
1/29/2017 12:00,2,2,0
1/29/2017 13:00,3,3,0
1/29/2017 14:00,1,1,0
1/29/2017 15:00,2,2,0
1/29/2017 16:00,1,0,1
1/29/2017 17:00,1,1,0
1/29/2017 18:00,0,0,0
1/29/2017 19:00,0,0,0
1/29/2017 20:00,0,0,0
1/29/2017 21:00,0,0,0
1/29/2017 22:00,0,0,0
1/29/2017 23:00,0,0,0
1/30/2017 0:00,0,0,0
1/30/2017 1:00,0,0,0
1/30/2017 2:00,0,0,0
1/30/2017 3:00,0,0,0
1/30/2017 4:00,0,0,0
1/30/2017 5:00,0,0,0
1/30/2017 6:00,0,0,0
1/30/2017 7:00,0,0,0
1/30/2017 8:00,0,0,0
1/30/2017 9:00,5,5,0
1/30/2017 10:00,1,0,1
1/30/2017 11:00,2,1,1
1/30/2017 12:00,1,1,0
1/30/2017 13:00,1,1,0
1/30/2017 14:00,2,2,0
1/30/2017 15:00,3,3,0
1/30/2017 16:00,2,2,0
1/30/2017 17:00,1,1,0
1/30/2017 18:00,3,3,0
1/30/2017 19:00,2,2,0
1/30/2017 20:00,0,0,0
1/30/2017 21:00,0,0,0
1/30/2017 22:00,0,0,0
1/30/2017 23:00,0,0,0
1/31/2017 0:00,0,0,0
1/31/2017 1:00,0,0,0
1/31/2017 2:00,0,0,0
1/31/2017 3:00,0,0,0
1/31/2017 4:00,0,0,0
1/31/2017 5:00,1,1,0
1/31/2017 6:00,0,0,0
1/31/2017 7:00,2,2,0
1/31/2017 8:00,0,0,0
1/31/2017 9:00,1,0,1
1/31/2017 10:00,2,2,0
1/31/2017 11:00,4,2,2
1/31/2017 12:00,0,0,0
1/31/2017 13:00,1,1,0
1/31/2017 14:00,2,2,0
1/31/2017 15:00,2,2,0
1/31/2017 16:00,0,0,0
1/31/2017 17:00,1,1,0
1/31/2017 18:00,0,0,0
1/31/2017 19:00,0,0,0
1/31/2017 20:00,0,0,0
1/31/2017 21:00,0,0,0
1/31/2017 22:00,0,0,0
1/31/2017 23:00,0,0,0
2/1/2017 0:00,0,0,0
2/1/2017 1:00,0,0,0
2/1/2017 2:00,0,0,0
2/1/2017 3:00,0,0,0
2/1/2017 4:00,0,0,0
2/1/2017 5:00,0,0,0
2/1/2017 6:00,1,1,0
2/1/2017 7:00,0,0,0
2/1/2017 8:00,1,1,0
2/1/2017 9:00,1,1,0
2/1/2017 10:00,0,0,0
2/1/2017 11:00,1,0,1
2/1/2017 12:00,0,0,0
2/1/2017 13:00,0,0,0
2/1/2017 14:00,1,1,0
2/1/2017 15:00,0,0,0
2/1/2017 16:00,1,1,0
2/1/2017 17:00,1,1,0
2/1/2017 18:00,0,0,0
2/1/2017 19:00,0,0,0
2/1/2017 20:00,0,0,0
2/1/2017 21:00,0,0,0
2/1/2017 22:00,0,0,0
2/1/2017 23:00,0,0,0
2/2/2017 0:00,0,0,0
2/2/2017 1:00,0,0,0
2/2/2017 2:00,0,0,0
2/2/2017 3:00,0,0,0
2/2/2017 4:00,0,0,0
2/2/2017 5:00,0,0,0
2/2/2017 6:00,0,0,0
2/2/2017 7:00,0,0,0
2/2/2017 8:00,1,1,0
2/2/2017 9:00,0,0,0
2/2/2017 10:00,0,0,0
2/2/2017 11:00,0,0,0
2/2/2017 12:00,0,0,0
2/2/2017 13:00,0,0,0
2/2/2017 14:00,0,0,0
2/2/2017 15:00,0,0,0
2/2/2017 16:00,0,0,0
2/2/2017 17:00,1,1,0
2/2/2017 18:00,0,0,0
2/2/2017 19:00,0,0,0
2/2/2017 20:00,0,0,0
2/2/2017 21:00,0,0,0
2/2/2017 22:00,0,0,0
2/2/2017 23:00,0,0,0
2/3/2017 0:00,0,0,0
2/3/2017 1:00,0,0,0
2/3/2017 2:00,0,0,0
2/3/2017 3:00,0,0,0
2/3/2017 4:00,0,0,0
2/3/2017 5:00,0,0,0
2/3/2017 6:00,0,0,0
2/3/2017 7:00,0,0,0
2/3/2017 8:00,1,1,0
2/3/2017 9:00,1,1,0
2/3/2017 10:00,0,0,0
2/3/2017 11:00,2,2,0
2/3/2017 12:00,1,1,0
2/3/2017 13:00,0,0,0
2/3/2017 14:00,0,0,0
2/3/2017 15:00,0,0,0
2/3/2017 16:00,1,1,0
2/3/2017 17:00,2,2,0
2/3/2017 18:00,1,1,0
2/3/2017 19:00,0,0,0
2/3/2017 20:00,1,1,0
2/3/2017 21:00,0,0,0
2/3/2017 22:00,0,0,0
2/3/2017 23:00,0,0,0
2/4/2017 0:00,0,0,0
2/4/2017 1:00,0,0,0
2/4/2017 2:00,0,0,0
2/4/2017 3:00,0,0,0
2/4/2017 4:00,0,0,0
2/4/2017 5:00,1,1,0
2/4/2017 6:00,0,0,0
2/4/2017 7:00,0,0,0
2/4/2017 8:00,0,0,0
2/4/2017 9:00,2,2,0
2/4/2017 10:00,1,1,0
2/4/2017 11:00,0,0,0
2/4/2017 12:00,1,1,0
2/4/2017 13:00,1,1,0
2/4/2017 14:00,1,1,0
2/4/2017 15:00,0,0,0
2/4/2017 16:00,2,2,0
2/4/2017 17:00,0,0,0
2/4/2017 18:00,0,0,0
2/4/2017 19:00,0,0,0
2/4/2017 20:00,1,1,0
2/4/2017 21:00,1,1,0
2/4/2017 22:00,0,0,0
2/4/2017 23:00,1,1,0
2/5/2017 0:00,0,0,0
2/5/2017 1:00,0,0,0
2/5/2017 2:00,1,1,0
2/5/2017 3:00,0,0,0
2/5/2017 4:00,0,0,0
2/5/2017 5:00,0,0,0
2/5/2017 6:00,0,0,0
2/5/2017 7:00,0,0,0
2/5/2017 8:00,0,0,0
2/5/2017 9:00,0,0,0
2/5/2017 10:00,0,0,0
2/5/2017 11:00,1,1,0
2/5/2017 12:00,2,2,0
2/5/2017 13:00,0,0,0
2/5/2017 14:00,1,1,0
2/5/2017 15:00,4,4,0
2/5/2017 16:00,0,0,0
2/5/2017 17:00,0,0,0
2/5/2017 18:00,0,0,0
2/5/2017 19:00,0,0,0
2/5/2017 20:00,0,0,0
2/5/2017 21:00,0,0,0
2/5/2017 22:00,0,0,0
2/5/2017 23:00,0,0,0
2/6/2017 0:00,0,0,0
2/6/2017 1:00,0,0,0
2/6/2017 2:00,0,0,0
2/6/2017 3:00,0,0,0
2/6/2017 4:00,0,0,0
2/6/2017 5:00,0,0,0
2/6/2017 6:00,1,1,0
2/6/2017 7:00,0,0,0
2/6/2017 8:00,1,1,0
2/6/2017 9:00,1,1,0
2/6/2017 10:00,2,2,0
2/6/2017 11:00,3,1,2
2/6/2017 12:00,1,1,0
2/6/2017 13:00,0,0,0
2/6/2017 14:00,0,0,0
2/6/2017 15:00,1,1,0
2/6/2017 16:00,2,2,0
2/6/2017 17:00,1,1,0
2/6/2017 18:00,0,0,0
2/6/2017 19:00,0,0,0
2/6/2017 20:00,1,1,0
2/6/2017 21:00,1,1,0
2/6/2017 22:00,0,0,0
2/6/2017 23:00,0,0,0
2/7/2017 0:00,0,0,0
2/7/2017 1:00,0,0,0
2/7/2017 2:00,0,0,0
2/7/2017 3:00,0,0,0
2/7/2017 4:00,0,0,0
2/7/2017 5:00,0,0,0
2/7/2017 6:00,0,0,0
2/7/2017 7:00,0,0,0
2/7/2017 8:00,0,0,0
2/7/2017 9:00,1,0,1
2/7/2017 10:00,2,1,1
2/7/2017 11:00,0,0,0
2/7/2017 12:00,0,0,0
2/7/2017 13:00,1,1,0
2/7/2017 14:00,0,0,0
2/7/2017 15:00,0,0,0
2/7/2017 16:00,3,3,0
2/7/2017 17:00,1,1,0
2/7/2017 18:00,1,1,0
2/7/2017 19:00,0,0,0
2/7/2017 20:00,0,0,0
2/7/2017 21:00,0,0,0
2/7/2017 22:00,0,0,0
2/7/2017 23:00,0,0,0
2/8/2017 0:00,0,0,0
2/8/2017 1:00,0,0,0
2/8/2017 2:00,0,0,0
2/8/2017 3:00,0,0,0
2/8/2017 4:00,0,0,0
2/8/2017 5:00,0,0,0
2/8/2017 6:00,0,0,0
2/8/2017 7:00,1,1,0
2/8/2017 8:00,1,0,1
2/8/2017 9:00,0,0,0
2/8/2017 10:00,0,0,0
2/8/2017 11:00,0,0,0
2/8/2017 12:00,2,1,1
2/8/2017 13:00,0,0,0
2/8/2017 14:00,0,0,0
2/8/2017 15:00,0,0,0
2/8/2017 16:00,0,0,0
2/8/2017 17:00,0,0,0
2/8/2017 18:00,1,1,0
2/8/2017 19:00,0,0,0
2/8/2017 20:00,0,0,0
2/8/2017 21:00,0,0,0
2/8/2017 22:00,0,0,0
2/8/2017 23:00,0,0,0
2/9/2017 0:00,0,0,0
2/9/2017 1:00,0,0,0
2/9/2017 2:00,0,0,0
2/9/2017 3:00,0,0,0
2/9/2017 4:00,0,0,0
2/9/2017 5:00,0,0,0
2/9/2017 6:00,0,0,0
2/9/2017 7:00,0,0,0
2/9/2017 8:00,0,0,0
2/9/2017 9:00,1,1,0
2/9/2017 10:00,1,1,0
2/9/2017 11:00,1,0,1
2/9/2017 12:00,0,0,0
2/9/2017 13:00,2,2,0
2/9/2017 14:00,1,0,1
2/9/2017 15:00,1,1,0
2/9/2017 16:00,0,0,0
2/9/2017 17:00,1,1,0
2/9/2017 18:00,2,2,0
2/9/2017 19:00,0,0,0
2/9/2017 20:00,0,0,0
2/9/2017 21:00,0,0,0
2/9/2017 22:00,0,0,0
2/9/2017 23:00,0,0,0
2/10/2017 0:00,0,0,0
2/10/2017 1:00,0,0,0
2/10/2017 2:00,0,0,0
2/10/2017 3:00,0,0,0
2/10/2017 4:00,0,0,0
2/10/2017 5:00,0,0,0
2/10/2017 6:00,0,0,0
2/10/2017 7:00,0,0,0
2/10/2017 8:00,1,1,0
2/10/2017 9:00,1,1,0
2/10/2017 10:00,0,0,0
2/10/2017 11:00,2,2,0
2/10/2017 12:00,1,1,0
2/10/2017 13:00,0,0,0
2/10/2017 14:00,0,0,0
2/10/2017 15:00,0,0,0
2/10/2017 16:00,1,1,0
2/10/2017 17:00,1,0,1
2/10/2017 18:00,0,0,0
2/10/2017 19:00,2,0,2
2/10/2017 20:00,0,0,0
2/10/2017 21:00,0,0,0
2/10/2017 22:00,3,0,3
2/10/2017 23:00,3,0,3
2/11/2017 0:00,1,1,0
2/11/2017 1:00,1,0,1
2/11/2017 2:00,4,0,4
2/11/2017 3:00,0,0,0
2/11/2017 4:00,0,0,0
2/11/2017 5:00,0,0,0
2/11/2017 6:00,2,0,2
2/11/2017 7:00,3,1,2
2/11/2017 8:00,6,1,5
2/11/2017 9:00,2,0,2
2/11/2017 10:00,0,0,0
2/11/2017 11:00,1,1,0
2/11/2017 12:00,5,2,3
2/11/2017 13:00,2,1,1
2/11/2017 14:00,4,0,4
2/11/2017 15:00,6,2,4
2/11/2017 16:00,5,3,2
2/11/2017 17:00,10,1,9
2/11/2017 18:00,3,0,3
2/11/2017 19:00,2,0,2
2/11/2017 20:00,3,0,3
2/11/2017 21:00,3,0,3
2/11/2017 22:00,3,0,3
2/11/2017 23:00,3,0,3
2/12/2017 0:00,4,1,3
2/12/2017 1:00,6,0,6
2/12/2017 2:00,0,0,0
2/12/2017 3:00,0,0,0
2/12/2017 4:00,0,0,0
2/12/2017 5:00,0,0,0
2/12/2017 6:00,0,0,0
2/12/2017 7:00,1,0,1
2/12/2017 8:00,1,0,1
2/12/2017 9:00,3,0,3
2/12/2017 10:00,4,2,2
2/12/2017 11:00,5,0,5
2/12/2017 12:00,8,3,5
2/12/2017 13:00,8,2,6
2/12/2017 14:00,11,6,5
2/12/2017 15:00,10,4,6
2/12/2017 16:00,3,1,2
2/12/2017 17:00,6,3,3
2/12/2017 18:00,2,1,1
2/12/2017 19:00,2,0,2
2/12/2017 20:00,2,0,2
2/12/2017 21:00,4,1,3
2/12/2017 22:00,0,0,0
2/12/2017 23:00,2,0,2
2/13/2017 0:00,0,0,0
2/13/2017 1:00,0,0,0
2/13/2017 2:00,1,0,1
2/13/2017 3:00,0,0,0
2/13/2017 4:00,0,0,0
2/13/2017 5:00,0,0,0
2/13/2017 6:00,2,1,1
2/13/2017 7:00,3,2,1
2/13/2017 8:00,2,2,0
2/13/2017 9:00,3,1,2
2/13/2017 10:00,3,0,3
2/13/2017 11:00,5,1,4
2/13/2017 12:00,1,0,1
2/13/2017 13:00,3,0,3
2/13/2017 14:00,6,5,1
2/13/2017 15:00,6,1,5
2/13/2017 16:00,5,0,5
2/13/2017 17:00,1,1,0
2/13/2017 18:00,2,1,1
2/13/2017 19:00,3,0,3
2/13/2017 20:00,1,0,1
2/13/2017 21:00,1,0,1
2/13/2017 22:00,2,0,2
2/13/2017 23:00,0,0,0
2/14/2017 0:00,0,0,0
2/14/2017 1:00,0,0,0
2/14/2017 2:00,0,0,0
2/14/2017 3:00,0,0,0
2/14/2017 4:00,0,0,0
2/14/2017 5:00,1,0,1
2/14/2017 6:00,1,1,0
2/14/2017 7:00,3,3,0
2/14/2017 8:00,3,1,2
2/14/2017 9:00,3,2,1
2/14/2017 10:00,0,0,0
2/14/2017 11:00,3,0,3
2/14/2017 12:00,2,1,1
2/14/2017 13:00,2,1,1
2/14/2017 14:00,3,2,1
2/14/2017 15:00,4,1,3
2/14/2017 16:00,5,3,2
2/14/2017 17:00,5,4,1
2/14/2017 18:00,2,1,1
2/14/2017 19:00,3,1,2
2/14/2017 20:00,1,1,0
2/14/2017 21:00,3,0,3
2/14/2017 22:00,3,0,3
2/14/2017 23:00,0,0,0
2/15/2017 0:00,0,0,0
2/15/2017 1:00,0,0,0
2/15/2017 2:00,1,0,1
2/15/2017 3:00,0,0,0
2/15/2017 4:00,1,0,1
2/15/2017 5:00,1,0,1
2/15/2017 6:00,1,0,1
2/15/2017 7:00,3,1,2
2/15/2017 8:00,2,0,2
2/15/2017 9:00,3,1,2
2/15/2017 10:00,3,0,3
2/15/2017 11:00,5,2,3
2/15/2017 12:00,2,0,2
2/15/2017 13:00,5,1,4
2/15/2017 14:00,2,1,1
2/15/2017 15:00,2,0,2
2/15/2017 16:00,3,0,3
2/15/2017 17:00,4,1,3
2/15/2017 18:00,5,0,5
2/15/2017 19:00,3,0,3
2/15/2017 20:00,4,0,4
2/15/2017 21:00,1,0,1
2/15/2017 22:00,1,0,1
2/15/2017 23:00,0,0,0
2/16/2017 0:00,1,0,1
2/16/2017 1:00,0,0,0
2/16/2017 2:00,0,0,0
2/16/2017 3:00,0,0,0
2/16/2017 4:00,0,0,0
2/16/2017 5:00,2,0,2
2/16/2017 6:00,1,0,1
2/16/2017 7:00,3,1,2
2/16/2017 8:00,3,1,2
2/16/2017 9:00,1,0,1
2/16/2017 10:00,3,1,2
2/16/2017 11:00,1,0,1
2/16/2017 12:00,2,1,1
2/16/2017 13:00,2,0,2
2/16/2017 14:00,5,2,3
2/16/2017 15:00,3,1,2
2/16/2017 16:00,2,0,2
2/16/2017 17:00,4,2,2
2/16/2017 18:00,7,1,6
2/16/2017 19:00,0,0,0
2/16/2017 20:00,4,0,4
2/16/2017 21:00,3,0,3
2/16/2017 22:00,0,0,0
2/16/2017 23:00,1,1,0
2/17/2017 0:00,0,0,0
2/17/2017 1:00,0,0,0
2/17/2017 2:00,0,0,0
2/17/2017 3:00,0,0,0
2/17/2017 4:00,1,0,1
2/17/2017 5:00,3,1,2
2/17/2017 6:00,2,1,1
2/17/2017 7:00,3,1,2
2/17/2017 8:00,1,0,1
2/17/2017 9:00,8,1,7
2/17/2017 10:00,7,1,6
2/17/2017 11:00,5,0,5
2/17/2017 12:00,3,1,2
2/17/2017 13:00,7,1,6
2/17/2017 14:00,9,3,6
2/17/2017 15:00,4,2,2
2/17/2017 16:00,5,0,5
2/17/2017 17:00,8,3,5
2/17/2017 18:00,5,2,3
2/17/2017 19:00,3,1,2
2/17/2017 20:00,2,0,2
2/17/2017 21:00,1,1,0
2/17/2017 22:00,1,0,1
2/17/2017 23:00,0,0,0
2/18/2017 0:00,3,1,2
2/18/2017 1:00,0,0,0
2/18/2017 2:00,2,0,2
2/18/2017 3:00,0,0,0
2/18/2017 4:00,0,0,0
2/18/2017 5:00,2,1,1
2/18/2017 6:00,1,0,1
2/18/2017 7:00,0,0,0
2/18/2017 8:00,1,0,1
2/18/2017 9:00,5,0,5
2/18/2017 10:00,1,1,0
2/18/2017 11:00,4,1,3
2/18/2017 12:00,3,1,2
2/18/2017 13:00,1,0,1
2/18/2017 14:00,2,2,0
2/18/2017 15:00,2,1,1
2/18/2017 16:00,3,1,2
2/18/2017 17:00,3,2,1
2/18/2017 18:00,4,2,2
2/18/2017 19:00,1,1,0
2/18/2017 20:00,1,0,1
2/18/2017 21:00,0,0,0
2/18/2017 22:00,0,0,0
2/18/2017 23:00,2,0,2
2/19/2017 0:00,2,0,2
2/19/2017 1:00,2,0,2
2/19/2017 2:00,0,0,0
2/19/2017 3:00,0,0,0
2/19/2017 4:00,0,0,0
2/19/2017 5:00,0,0,0
2/19/2017 6:00,0,0,0
2/19/2017 7:00,1,0,1
2/19/2017 8:00,0,0,0
2/19/2017 9:00,1,1,0
2/19/2017 10:00,3,1,2
2/19/2017 11:00,4,1,3
2/19/2017 12:00,5,3,2
2/19/2017 13:00,7,5,2
2/19/2017 14:00,0,0,0
2/19/2017 15:00,2,1,1
2/19/2017 16:00,1,0,1
2/19/2017 17:00,0,0,0
2/19/2017 18:00,3,1,2
2/19/2017 19:00,3,2,1
2/19/2017 20:00,3,0,3
2/19/2017 21:00,0,0,0
2/19/2017 22:00,1,0,1
2/19/2017 23:00,1,1,0
2/20/2017 0:00,0,0,0
2/20/2017 1:00,1,0,1
2/20/2017 2:00,1,0,1
2/20/2017 3:00,1,0,1
2/20/2017 4:00,1,0,1
2/20/2017 5:00,1,0,1
2/20/2017 6:00,0,0,0
2/20/2017 7:00,1,1,0
2/20/2017 8:00,0,0,0
2/20/2017 9:00,3,0,3
2/20/2017 10:00,0,0,0
2/20/2017 11:00,3,0,3
2/20/2017 12:00,3,0,3
2/20/2017 13:00,3,1,2
2/20/2017 14:00,5,2,3
2/20/2017 15:00,0,0,0
2/20/2017 16:00,0,0,0
2/20/2017 17:00,3,2,1
2/20/2017 18:00,2,2,0
2/20/2017 19:00,9,6,3
2/20/2017 20:00,1,0,1
2/20/2017 21:00,2,2,0
2/20/2017 22:00,0,0,0
2/20/2017 23:00,0,0,0
2/21/2017 0:00,0,0,0
2/21/2017 1:00,1,0,1
2/21/2017 2:00,0,0,0
2/21/2017 3:00,0,0,0
2/21/2017 4:00,0,0,0
2/21/2017 5:00,1,0,1
2/21/2017 6:00,2,1,1
2/21/2017 7:00,2,2,0
2/21/2017 8:00,0,0,0
2/21/2017 9:00,2,2,0
2/21/2017 10:00,1,0,1
2/21/2017 11:00,3,0,3
2/21/2017 12:00,5,2,3
2/21/2017 13:00,4,3,1
2/21/2017 14:00,5,5,0
2/21/2017 15:00,0,0,0
2/21/2017 16:00,0,0,0
2/21/2017 17:00,0,0,0
2/21/2017 18:00,0,0,0
2/21/2017 19:00,2,2,0
2/21/2017 20:00,3,3,0
2/21/2017 21:00,0,0,0
2/21/2017 22:00,0,0,0
2/21/2017 23:00,0,0,0
2/22/2017 0:00,0,0,0
2/22/2017 1:00,0,0,0
2/22/2017 2:00,0,0,0
2/22/2017 3:00,0,0,0
2/22/2017 4:00,0,0,0
2/22/2017 5:00,0,0,0
2/22/2017 6:00,0,0,0
2/22/2017 7:00,0,0,0
2/22/2017 8:00,0,0,0
2/22/2017 9:00,0,0,0
2/22/2017 10:00,3,3,0
2/22/2017 11:00,0,0,0
2/22/2017 12:00,0,0,0
2/22/2017 13:00,0,0,0
2/22/2017 14:00,3,3,0
2/22/2017 15:00,3,3,0
2/22/2017 16:00,1,1,0
2/22/2017 17:00,2,2,0
2/22/2017 18:00,1,1,0
2/22/2017 19:00,4,4,0
2/22/2017 20:00,1,1,0
2/22/2017 21:00,0,0,0
2/22/2017 22:00,0,0,0
2/22/2017 23:00,0,0,0
2/23/2017 0:00,0,0,0
2/23/2017 1:00,0,0,0
2/23/2017 2:00,0,0,0
2/23/2017 3:00,0,0,0
2/23/2017 4:00,0,0,0
2/23/2017 5:00,0,0,0
2/23/2017 6:00,2,2,0
2/23/2017 7:00,0,0,0
2/23/2017 8:00,0,0,0
2/23/2017 9:00,1,1,0
2/23/2017 10:00,0,0,0
2/23/2017 11:00,0,0,0
2/23/2017 12:00,2,2,0
2/23/2017 13:00,4,4,0
2/23/2017 14:00,1,1,0
2/23/2017 15:00,0,0,0
2/23/2017 16:00,0,0,0
2/23/2017 17:00,0,0,0
2/23/2017 18:00,0,0,0
2/23/2017 19:00,0,0,0
2/23/2017 20:00,0,0,0
2/23/2017 21:00,0,0,0
2/23/2017 22:00,0,0,0
2/23/2017 23:00,0,0,0
2/24/2017 0:00,0,0,0
2/24/2017 1:00,0,0,0
2/24/2017 2:00,0,0,0
2/24/2017 3:00,0,0,0
2/24/2017 4:00,0,0,0
2/24/2017 5:00,0,0,0
2/24/2017 6:00,0,0,0
2/24/2017 7:00,0,0,0
2/24/2017 8:00,0,0,0
2/24/2017 9:00,0,0,0
2/24/2017 10:00,0,0,0
2/24/2017 11:00,0,0,0
2/24/2017 12:00,1,1,0
2/24/2017 13:00,0,0,0
2/24/2017 14:00,1,1,0
2/24/2017 15:00,1,1,0
2/24/2017 16:00,3,0,3
2/24/2017 17:00,2,2,0
2/24/2017 18:00,1,1,0
2/24/2017 19:00,0,0,0
2/24/2017 20:00,0,0,0
2/24/2017 21:00,0,0,0
2/24/2017 22:00,0,0,0
2/24/2017 23:00,0,0,0
2/25/2017 0:00,0,0,0
2/25/2017 1:00,0,0,0
2/25/2017 2:00,0,0,0
2/25/2017 3:00,0,0,0
2/25/2017 4:00,0,0,0
2/25/2017 5:00,0,0,0
2/25/2017 6:00,0,0,0
2/25/2017 7:00,0,0,0
2/25/2017 8:00,0,0,0
2/25/2017 9:00,0,0,0
2/25/2017 10:00,2,2,0
2/25/2017 11:00,1,1,0
2/25/2017 12:00,0,0,0
2/25/2017 13:00,1,1,0
2/25/2017 14:00,1,1,0
2/25/2017 15:00,1,1,0
2/25/2017 16:00,1,1,0
2/25/2017 17:00,1,1,0
2/25/2017 18:00,0,0,0
2/25/2017 19:00,0,0,0
2/25/2017 20:00,1,1,0
2/25/2017 21:00,0,0,0
2/25/2017 22:00,0,0,0
2/25/2017 23:00,0,0,0
2/26/2017 0:00,0,0,0
2/26/2017 1:00,0,0,0
2/26/2017 2:00,0,0,0
2/26/2017 3:00,0,0,0
2/26/2017 4:00,0,0,0
2/26/2017 5:00,1,0,1
2/26/2017 6:00,0,0,0
2/26/2017 7:00,0,0,0
2/26/2017 8:00,0,0,0
2/26/2017 9:00,0,0,0
2/26/2017 10:00,2,2,0
2/26/2017 11:00,1,1,0
2/26/2017 12:00,1,1,0
2/26/2017 13:00,2,2,0
2/26/2017 14:00,1,1,0
2/26/2017 15:00,1,1,0
2/26/2017 16:00,1,1,0
2/26/2017 17:00,1,1,0
2/26/2017 18:00,1,1,0
2/26/2017 19:00,0,0,0
2/26/2017 20:00,0,0,0
2/26/2017 21:00,0,0,0
2/26/2017 22:00,0,0,0
2/26/2017 23:00,0,0,0
2/27/2017 0:00,0,0,0
2/27/2017 1:00,0,0,0
2/27/2017 2:00,0,0,0
2/27/2017 3:00,0,0,0
2/27/2017 4:00,0,0,0
2/27/2017 5:00,0,0,0
2/27/2017 6:00,0,0,0
2/27/2017 7:00,0,0,0
2/27/2017 8:00,0,0,0
2/27/2017 9:00,0,0,0
2/27/2017 10:00,0,0,0
2/27/2017 11:00,0,0,0
2/27/2017 12:00,1,1,0
2/27/2017 13:00,0,0,0
2/27/2017 14:00,0,0,0
2/27/2017 15:00,0,0,0
2/27/2017 16:00,1,1,0
2/27/2017 17:00,0,0,0
2/27/2017 18:00,1,1,0
2/27/2017 19:00,1,1,0
2/27/2017 20:00,0,0,0
2/27/2017 21:00,0,0,0
2/27/2017 22:00,0,0,0
2/27/2017 23:00,0,0,0
2/28/2017 0:00,0,0,0
2/28/2017 1:00,0,0,0
2/28/2017 2:00,0,0,0
2/28/2017 3:00,0,0,0
2/28/2017 4:00,0,0,0
2/28/2017 5:00,0,0,0
2/28/2017 6:00,0,0,0
2/28/2017 7:00,0,0,0
2/28/2017 8:00,0,0,0
2/28/2017 9:00,1,1,0
2/28/2017 10:00,0,0,0
2/28/2017 11:00,2,1,1
2/28/2017 12:00,0,0,0
2/28/2017 13:00,0,0,0
2/28/2017 14:00,3,2,1
2/28/2017 15:00,1,1,0
2/28/2017 16:00,2,2,0
2/28/2017 17:00,2,2,0
2/28/2017 18:00,3,3,0
2/28/2017 19:00,1,0,1
2/28/2017 20:00,3,2,1
2/28/2017 21:00,0,0,0
2/28/2017 22:00,0,0,0
2/28/2017 23:00,0,0,0
3/1/2017 0:00,0,0,0
3/1/2017 1:00,0,0,0
3/1/2017 2:00,0,0,0
3/1/2017 3:00,0,0,0
3/1/2017 4:00,0,0,0
3/1/2017 5:00,0,0,0
3/1/2017 6:00,0,0,0
3/1/2017 7:00,0,0,0
3/1/2017 8:00,1,1,0
3/1/2017 9:00,2,2,0
3/1/2017 10:00,1,1,0
3/1/2017 11:00,0,0,0
3/1/2017 12:00,1,1,0
3/1/2017 13:00,1,1,0
3/1/2017 14:00,1,1,0
3/1/2017 15:00,1,1,0
3/1/2017 16:00,1,1,0
3/1/2017 17:00,0,0,0
3/1/2017 18:00,2,2,0
3/1/2017 19:00,0,0,0
3/1/2017 20:00,1,1,0
3/1/2017 21:00,0,0,0
3/1/2017 22:00,0,0,0
3/1/2017 23:00,0,0,0
3/2/2017 0:00,0,0,0
3/2/2017 1:00,1,1,0
3/2/2017 2:00,0,0,0
3/2/2017 3:00,0,0,0
3/2/2017 4:00,0,0,0
3/2/2017 5:00,1,1,0
3/2/2017 6:00,0,0,0
3/2/2017 7:00,1,1,0
3/2/2017 8:00,1,1,0
3/2/2017 9:00,1,1,0
3/2/2017 10:00,1,1,0
3/2/2017 11:00,1,1,0
3/2/2017 12:00,2,1,1
3/2/2017 13:00,2,2,0
3/2/2017 14:00,1,1,0
3/2/2017 15:00,0,0,0
3/2/2017 16:00,2,2,0
3/2/2017 17:00,2,2,0
3/2/2017 18:00,1,1,0
3/2/2017 19:00,0,0,0
3/2/2017 20:00,0,0,0
3/2/2017 21:00,0,0,0
3/2/2017 22:00,0,0,0
3/2/2017 23:00,0,0,0
3/3/2017 0:00,0,0,0
3/3/2017 1:00,0,0,0
3/3/2017 2:00,0,0,0
3/3/2017 3:00,0,0,0
3/3/2017 4:00,0,0,0
3/3/2017 5:00,0,0,0
3/3/2017 6:00,0,0,0
3/3/2017 7:00,1,1,0
3/3/2017 8:00,2,1,1
3/3/2017 9:00,0,0,0
3/3/2017 10:00,0,0,0
3/3/2017 11:00,0,0,0
3/3/2017 12:00,2,1,1
3/3/2017 13:00,2,2,0
3/3/2017 14:00,1,1,0
3/3/2017 15:00,1,1,0
3/3/2017 16:00,0,0,0
3/3/2017 17:00,3,3,0
3/3/2017 18:00,2,1,1
3/3/2017 19:00,0,0,0
3/3/2017 20:00,1,1,0
3/3/2017 21:00,1,1,0
3/3/2017 22:00,1,1,0
3/3/2017 23:00,0,0,0
3/4/2017 0:00,0,0,0
3/4/2017 1:00,0,0,0
3/4/2017 2:00,0,0,0
3/4/2017 3:00,0,0,0
3/4/2017 4:00,0,0,0
3/4/2017 5:00,0,0,0
3/4/2017 6:00,0,0,0
3/4/2017 7:00,0,0,0
3/4/2017 8:00,0,0,0
3/4/2017 9:00,2,2,0
3/4/2017 10:00,0,0,0
3/4/2017 11:00,5,5,0
3/4/2017 12:00,1,1,0
3/4/2017 13:00,1,1,0
3/4/2017 14:00,5,5,0
3/4/2017 15:00,1,1,0
3/4/2017 16:00,2,2,0
3/4/2017 17:00,1,1,0
3/4/2017 18:00,1,1,0
3/4/2017 19:00,4,3,1
3/4/2017 20:00,2,0,2
3/4/2017 21:00,2,2,0
3/4/2017 22:00,0,0,0
3/4/2017 23:00,0,0,0
3/5/2017 0:00,0,0,0
3/5/2017 1:00,0,0,0
3/5/2017 2:00,1,1,0
3/5/2017 3:00,0,0,0
3/5/2017 4:00,0,0,0
3/5/2017 5:00,0,0,0
3/5/2017 6:00,0,0,0
3/5/2017 7:00,1,1,0
3/5/2017 8:00,0,0,0
3/5/2017 9:00,1,1,0
3/5/2017 10:00,2,2,0
3/5/2017 11:00,2,2,0
3/5/2017 12:00,2,2,0
3/5/2017 13:00,2,2,0
3/5/2017 14:00,4,4,0
3/5/2017 15:00,1,1,0
3/5/2017 16:00,0,0,0
3/5/2017 17:00,1,1,0
3/5/2017 18:00,2,2,0
3/5/2017 19:00,3,3,0
3/5/2017 20:00,0,0,0
3/5/2017 21:00,1,1,0
3/5/2017 22:00,0,0,0
3/5/2017 23:00,1,1,0
3/6/2017 0:00,0,0,0
3/6/2017 1:00,0,0,0
3/6/2017 2:00,0,0,0
3/6/2017 3:00,0,0,0
3/6/2017 4:00,0,0,0
3/6/2017 5:00,0,0,0
3/6/2017 6:00,1,1,0
3/6/2017 7:00,3,2,1
3/6/2017 8:00,3,3,0
3/6/2017 9:00,1,0,1
3/6/2017 10:00,0,0,0
3/6/2017 11:00,2,2,0
3/6/2017 12:00,1,1,0
3/6/2017 13:00,4,4,0
3/6/2017 14:00,9,8,1
3/6/2017 15:00,7,5,2
3/6/2017 16:00,10,3,7
3/6/2017 17:00,1,1,0
3/6/2017 18:00,2,2,0
3/6/2017 19:00,2,2,0
3/6/2017 20:00,0,0,0
3/6/2017 21:00,0,0,0
3/6/2017 22:00,1,1,0
3/6/2017 23:00,0,0,0
3/7/2017 0:00,0,0,0
3/7/2017 1:00,0,0,0
3/7/2017 2:00,0,0,0
3/7/2017 3:00,0,0,0
3/7/2017 4:00,0,0,0
3/7/2017 5:00,0,0,0
3/7/2017 6:00,0,0,0
3/7/2017 7:00,1,0,1
3/7/2017 8:00,1,1,0
3/7/2017 9:00,3,2,1
3/7/2017 10:00,1,1,0
3/7/2017 11:00,2,1,1
3/7/2017 12:00,4,0,4
3/7/2017 13:00,2,2,0
3/7/2017 14:00,1,1,0
3/7/2017 15:00,2,0,2
3/7/2017 16:00,2,0,2
3/7/2017 17:00,8,5,3
3/7/2017 18:00,3,1,2
3/7/2017 19:00,5,0,5
3/7/2017 20:00,2,2,0
3/7/2017 21:00,6,1,5
3/7/2017 22:00,8,1,7
3/7/2017 23:00,0,0,0
3/8/2017 0:00,1,0,1
3/8/2017 1:00,0,0,0
3/8/2017 2:00,2,0,2
3/8/2017 3:00,0,0,0
3/8/2017 4:00,1,0,1
3/8/2017 5:00,2,0,2
3/8/2017 6:00,2,0,2
3/8/2017 7:00,1,0,1
3/8/2017 8:00,4,1,3
3/8/2017 9:00,8,0,8
3/8/2017 10:00,5,1,4
3/8/2017 11:00,5,1,4
3/8/2017 12:00,10,3,7
3/8/2017 13:00,2,1,1
3/8/2017 14:00,3,1,2
3/8/2017 15:00,5,0,5
3/8/2017 16:00,12,2,10
3/8/2017 17:00,12,3,9
3/8/2017 18:00,9,3,6
3/8/2017 19:00,11,3,8
3/8/2017 20:00,1,0,1
3/8/2017 21:00,4,0,4
3/8/2017 22:00,4,0,4
3/8/2017 23:00,2,1,1
3/9/2017 0:00,0,0,0
3/9/2017 1:00,0,0,0
3/9/2017 2:00,0,0,0
3/9/2017 3:00,0,0,0
3/9/2017 4:00,0,0,0
3/9/2017 5:00,0,0,0
3/9/2017 6:00,1,0,1
3/9/2017 7:00,3,1,2
3/9/2017 8:00,5,5,0
3/9/2017 9:00,1,1,0
3/9/2017 10:00,0,0,0
3/9/2017 11:00,3,2,1
3/9/2017 12:00,2,1,1
3/9/2017 13:00,1,1,0
3/9/2017 14:00,5,3,2
3/9/2017 15:00,5,0,5
3/9/2017 16:00,3,0,3
3/9/2017 17:00,5,0,5
3/9/2017 18:00,2,0,2
3/9/2017 19:00,5,0,5
3/9/2017 20:00,3,1,2
3/9/2017 21:00,3,1,2
3/9/2017 22:00,3,0,3
3/9/2017 23:00,2,1,1
3/10/2017 0:00,1,0,1
3/10/2017 1:00,0,0,0
3/10/2017 2:00,0,0,0
3/10/2017 3:00,1,0,1
3/10/2017 4:00,0,0,0
3/10/2017 5:00,1,0,1
3/10/2017 6:00,2,0,2
3/10/2017 7:00,3,1,2
3/10/2017 8:00,4,0,4
3/10/2017 9:00,6,1,5
3/10/2017 10:00,0,0,0
3/10/2017 11:00,6,3,3
3/10/2017 12:00,9,0,9
3/10/2017 13:00,10,4,6
3/10/2017 14:00,5,1,4
3/10/2017 15:00,6,3,3
3/10/2017 16:00,5,0,5
3/10/2017 17:00,5,1,4
3/10/2017 18:00,5,3,2
3/10/2017 19:00,6,0,6
3/10/2017 20:00,6,2,4
3/10/2017 21:00,3,0,3
3/10/2017 22:00,6,2,4
3/10/2017 23:00,4,0,4
3/11/2017 0:00,1,0,1
3/11/2017 1:00,1,0,1
3/11/2017 2:00,0,0,0
3/11/2017 3:00,0,0,0
3/11/2017 4:00,0,0,0
3/11/2017 5:00,0,0,0
3/11/2017 6:00,2,0,2
3/11/2017 7:00,2,2,0
3/11/2017 8:00,2,0,2
3/11/2017 9:00,5,2,3
3/11/2017 10:00,3,1,2
3/11/2017 11:00,11,1,10
3/11/2017 12:00,8,0,8
3/11/2017 13:00,6,4,2
3/11/2017 14:00,3,2,1
3/11/2017 15:00,3,3,0
3/11/2017 16:00,1,1,0
3/11/2017 17:00,2,1,1
3/11/2017 18:00,8,6,2
3/11/2017 19:00,5,0,5
3/11/2017 20:00,7,2,5
3/11/2017 21:00,2,1,1
3/11/2017 22:00,3,3,0
3/11/2017 23:00,0,0,0
3/12/2017 0:00,0,0,0
3/12/2017 1:00,0,0,0
3/12/2017 2:00,,,
3/12/2017 3:00,0,0,0
3/12/2017 4:00,0,0,0
3/12/2017 5:00,0,0,0
3/12/2017 6:00,0,0,0
3/12/2017 7:00,0,0,0
3/12/2017 8:00,1,1,0
3/12/2017 9:00,0,0,0
3/12/2017 10:00,2,2,0
3/12/2017 11:00,0,0,0
3/12/2017 12:00,0,0,0
3/12/2017 13:00,3,3,0
3/12/2017 14:00,2,2,0
3/12/2017 15:00,1,1,0
3/12/2017 16:00,4,4,0
3/12/2017 17:00,2,1,1
3/12/2017 18:00,5,5,0
3/12/2017 19:00,1,0,1
3/12/2017 20:00,2,2,0
3/12/2017 21:00,0,0,0
3/12/2017 22:00,1,1,0
3/12/2017 23:00,0,0,0
3/13/2017 0:00,1,1,0
3/13/2017 1:00,0,0,0
3/13/2017 2:00,0,0,0
3/13/2017 3:00,0,0,0
3/13/2017 4:00,0,0,0
3/13/2017 5:00,1,0,1
3/13/2017 6:00,4,2,2
3/13/2017 7:00,3,1,2
3/13/2017 8:00,5,3,2
3/13/2017 9:00,2,1,1
3/13/2017 10:00,7,6,1
3/13/2017 11:00,1,1,0
3/13/2017 12:00,0,0,0
3/13/2017 13:00,2,2,0
3/13/2017 14:00,5,2,3
3/13/2017 15:00,9,1,8
3/13/2017 16:00,3,1,2
3/13/2017 17:00,7,2,5
3/13/2017 18:00,10,0,10
3/13/2017 19:00,4,0,4
3/13/2017 20:00,3,0,3
3/13/2017 21:00,6,1,5
3/13/2017 22:00,1,0,1
3/13/2017 23:00,1,0,1
3/14/2017 0:00,0,0,0
3/14/2017 1:00,2,0,2
3/14/2017 2:00,0,0,0
3/14/2017 3:00,0,0,0
3/14/2017 4:00,1,0,1
3/14/2017 5:00,0,0,0
3/14/2017 6:00,1,0,1
3/14/2017 7:00,2,1,1
3/14/2017 8:00,5,3,2
3/14/2017 9:00,4,1,3
3/14/2017 10:00,1,0,1
3/14/2017 11:00,6,0,6
3/14/2017 12:00,4,1,3
3/14/2017 13:00,7,0,7
3/14/2017 14:00,6,0,6
3/14/2017 15:00,9,1,8
3/14/2017 16:00,4,2,2
3/14/2017 17:00,4,2,2
3/14/2017 18:00,3,1,2
3/14/2017 19:00,4,1,3
3/14/2017 20:00,5,0,5
3/14/2017 21:00,2,1,1
3/14/2017 22:00,1,1,0
3/14/2017 23:00,2,0,2
3/15/2017 0:00,1,0,1
3/15/2017 1:00,1,0,1
3/15/2017 2:00,0,0,0
3/15/2017 3:00,0,0,0
3/15/2017 4:00,0,0,0
3/15/2017 5:00,1,0,1
3/15/2017 6:00,0,0,0
3/15/2017 7:00,1,0,1
3/15/2017 8:00,1,0,1
3/15/2017 9:00,3,2,1
3/15/2017 10:00,4,0,4
3/15/2017 11:00,7,0,7
3/15/2017 12:00,2,2,0
3/15/2017 13:00,7,1,6
3/15/2017 14:00,5,1,4
3/15/2017 15:00,3,0,3
3/15/2017 16:00,5,1,4
3/15/2017 17:00,7,1,6
3/15/2017 18:00,7,1,6
3/15/2017 19:00,5,2,3
3/15/2017 20:00,3,0,3
3/15/2017 21:00,4,0,4
3/15/2017 22:00,0,0,0
3/15/2017 23:00,0,0,0
3/16/2017 0:00,0,0,0
3/16/2017 1:00,0,0,0
3/16/2017 2:00,0,0,0
3/16/2017 3:00,1,0,1
3/16/2017 4:00,1,0,1
3/16/2017 5:00,0,0,0
3/16/2017 6:00,0,0,0
3/16/2017 7:00,9,1,8
3/16/2017 8:00,7,1,6
3/16/2017 9:00,4,3,1
3/16/2017 10:00,8,2,6
3/16/2017 11:00,5,2,3
3/16/2017 12:00,5,1,4
3/16/2017 13:00,2,0,2
3/16/2017 14:00,8,3,5
3/16/2017 15:00,6,1,5
3/16/2017 16:00,2,1,1
3/16/2017 17:00,5,1,4
3/16/2017 18:00,5,1,4
3/16/2017 19:00,6,3,3
3/16/2017 20:00,6,1,5
3/16/2017 21:00,3,2,1
3/16/2017 22:00,2,0,2
3/16/2017 23:00,3,1,2
3/17/2017 0:00,2,1,1
3/17/2017 1:00,0,0,0
3/17/2017 2:00,0,0,0
3/17/2017 3:00,0,0,0
3/17/2017 4:00,1,0,1
3/17/2017 5:00,2,0,2
3/17/2017 6:00,1,0,1
3/17/2017 7:00,4,3,1
3/17/2017 8:00,3,1,2
3/17/2017 9:00,3,2,1
3/17/2017 10:00,0,0,0
3/17/2017 11:00,3,2,1
3/17/2017 12:00,4,1,3
3/17/2017 13:00,5,0,5
3/17/2017 14:00,4,0,4
3/17/2017 15:00,5,2,3
3/17/2017 16:00,3,1,2
3/17/2017 17:00,2,0,2
3/17/2017 18:00,5,1,4
3/17/2017 19:00,3,1,2
3/17/2017 20:00,1,0,1
3/17/2017 21:00,0,0,0
3/17/2017 22:00,1,0,1
3/17/2017 23:00,1,0,1
3/18/2017 0:00,1,0,1
3/18/2017 1:00,0,0,0
3/18/2017 2:00,2,1,1
3/18/2017 3:00,0,0,0
3/18/2017 4:00,1,0,1
3/18/2017 5:00,2,0,2
3/18/2017 6:00,1,0,1
3/18/2017 7:00,0,0,0
3/18/2017 8:00,2,1,1
3/18/2017 9:00,2,0,2
3/18/2017 10:00,2,0,2
3/18/2017 11:00,1,0,1
3/18/2017 12:00,2,1,1
3/18/2017 13:00,2,2,0
3/18/2017 14:00,1,1,0
3/18/2017 15:00,5,1,4
3/18/2017 16:00,6,4,2
3/18/2017 17:00,3,2,1
3/18/2017 18:00,3,2,1
3/18/2017 19:00,3,2,1
3/18/2017 20:00,3,2,1
3/18/2017 21:00,3,2,1
3/18/2017 22:00,3,1,2
3/18/2017 23:00,3,1,2
3/19/2017 0:00,2,0,2
3/19/2017 1:00,0,0,0
3/19/2017 2:00,0,0,0
3/19/2017 3:00,1,1,0
3/19/2017 4:00,1,0,1
3/19/2017 5:00,1,0,1
3/19/2017 6:00,0,0,0
3/19/2017 7:00,1,0,1
3/19/2017 8:00,3,1,2
3/19/2017 9:00,2,2,0
3/19/2017 10:00,3,2,1
3/19/2017 11:00,9,9,0
3/19/2017 12:00,7,5,2
3/19/2017 13:00,6,5,1
3/19/2017 14:00,6,5,1
3/19/2017 15:00,5,5,0
3/19/2017 16:00,10,10,0
3/19/2017 17:00,3,3,0
3/19/2017 18:00,4,4,0
3/19/2017 19:00,1,1,0
3/19/2017 20:00,0,0,0
3/19/2017 21:00,1,1,0
3/19/2017 22:00,1,1,0
3/19/2017 23:00,0,0,0
3/20/2017 0:00,0,0,0
3/20/2017 1:00,0,0,0
3/20/2017 2:00,0,0,0
3/20/2017 3:00,0,0,0
3/20/2017 4:00,0,0,0
3/20/2017 5:00,0,0,0
3/20/2017 6:00,0,0,0
3/20/2017 7:00,1,1,0
3/20/2017 8:00,0,0,0
3/20/2017 9:00,3,2,1
3/20/2017 10:00,3,2,1
3/20/2017 11:00,3,3,0
3/20/2017 12:00,4,3,1
3/20/2017 13:00,6,6,0
3/20/2017 14:00,3,2,1
3/20/2017 15:00,0,0,0
3/20/2017 16:00,1,1,0
3/20/2017 17:00,5,5,0
3/20/2017 18:00,4,4,0
3/20/2017 19:00,3,3,0
3/20/2017 20:00,4,3,1
3/20/2017 21:00,2,1,1
3/20/2017 22:00,1,1,0
3/20/2017 23:00,0,0,0
3/21/2017 0:00,0,0,0
3/21/2017 1:00,0,0,0
3/21/2017 2:00,0,0,0
3/21/2017 3:00,0,0,0
3/21/2017 4:00,0,0,0
3/21/2017 5:00,0,0,0
3/21/2017 6:00,0,0,0
3/21/2017 7:00,0,0,0
3/21/2017 8:00,1,0,1
3/21/2017 9:00,1,0,1
3/21/2017 10:00,5,4,1
3/21/2017 11:00,4,1,3
3/21/2017 12:00,5,3,2
3/21/2017 13:00,6,6,0
3/21/2017 14:00,6,3,3
3/21/2017 15:00,8,3,5
3/21/2017 16:00,4,1,3
3/21/2017 17:00,2,1,1
3/21/2017 18:00,2,0,2
3/21/2017 19:00,2,2,0
3/21/2017 20:00,3,2,1
3/21/2017 21:00,0,0,0
3/21/2017 22:00,2,1,1
3/21/2017 23:00,1,1,0
3/22/2017 0:00,0,0,0
3/22/2017 1:00,0,0,0
3/22/2017 2:00,1,0,1
3/22/2017 3:00,0,0,0
3/22/2017 4:00,0,0,0
3/22/2017 5:00,0,0,0
3/22/2017 6:00,1,0,1
3/22/2017 7:00,4,4,0
3/22/2017 8:00,4,2,2
3/22/2017 9:00,8,3,5
3/22/2017 10:00,2,1,1
3/22/2017 11:00,0,0,0
3/22/2017 12:00,0,0,0
3/22/2017 13:00,1,1,0
3/22/2017 14:00,3,3,0
3/22/2017 15:00,1,1,0
3/22/2017 16:00,2,0,2
3/22/2017 17:00,13,7,6
3/22/2017 18:00,16,9,7
3/22/2017 19:00,5,3,2
3/22/2017 20:00,3,1,2
3/22/2017 21:00,2,0,2
3/22/2017 22:00,0,0,0
3/22/2017 23:00,1,0,1
3/23/2017 0:00,0,0,0
3/23/2017 1:00,0,0,0
3/23/2017 2:00,0,0,0
3/23/2017 3:00,0,0,0
3/23/2017 4:00,2,0,2
3/23/2017 5:00,3,0,3
3/23/2017 6:00,2,1,1
3/23/2017 7:00,3,2,1
3/23/2017 8:00,6,4,2
3/23/2017 9:00,5,3,2
3/23/2017 10:00,3,3,0
3/23/2017 11:00,4,4,0
3/23/2017 12:00,4,4,0
3/23/2017 13:00,2,1,1
3/23/2017 14:00,1,0,1
3/23/2017 15:00,1,1,0
3/23/2017 16:00,3,1,2
3/23/2017 17:00,9,6,3
3/23/2017 18:00,5,4,1
3/23/2017 19:00,5,3,2
3/23/2017 20:00,2,2,0
3/23/2017 21:00,0,0,0
3/23/2017 22:00,1,1,0
3/23/2017 23:00,3,1,2
3/24/2017 0:00,1,0,1
3/24/2017 1:00,0,0,0
3/24/2017 2:00,0,0,0
3/24/2017 3:00,0,0,0
3/24/2017 4:00,1,0,1
3/24/2017 5:00,0,0,0
3/24/2017 6:00,2,1,1
3/24/2017 7:00,1,1,0
3/24/2017 8:00,5,4,1
3/24/2017 9:00,1,1,0
3/24/2017 10:00,3,1,2
3/24/2017 11:00,11,3,8
3/24/2017 12:00,10,3,7
3/24/2017 13:00,8,2,6
3/24/2017 14:00,7,0,7
3/24/2017 15:00,7,3,4
3/24/2017 16:00,4,1,3
3/24/2017 17:00,4,4,0
3/24/2017 18:00,1,1,0
3/24/2017 19:00,0,0,0
3/24/2017 20:00,0,0,0
3/24/2017 21:00,1,1,0
3/24/2017 22:00,0,0,0
3/24/2017 23:00,1,0,1
3/25/2017 0:00,0,0,0
3/25/2017 1:00,0,0,0
3/25/2017 2:00,0,0,0
3/25/2017 3:00,0,0,0
3/25/2017 4:00,0,0,0
3/25/2017 5:00,0,0,0
3/25/2017 6:00,0,0,0
3/25/2017 7:00,0,0,0
3/25/2017 8:00,0,0,0
3/25/2017 9:00,0,0,0
3/25/2017 10:00,2,2,0
3/25/2017 11:00,2,0,2
3/25/2017 12:00,1,1,0
3/25/2017 13:00,4,4,0
3/25/2017 14:00,2,2,0
3/25/2017 15:00,0,0,0
3/25/2017 16:00,3,2,1
3/25/2017 17:00,4,3,1
3/25/2017 18:00,5,3,2
3/25/2017 19:00,9,2,7
3/25/2017 20:00,2,1,1
3/25/2017 21:00,2,1,1
3/25/2017 22:00,4,0,4
3/25/2017 23:00,4,1,3
3/26/2017 0:00,2,0,2
3/26/2017 1:00,1,0,1
3/26/2017 2:00,3,1,2
3/26/2017 3:00,1,1,0
3/26/2017 4:00,0,0,0
3/26/2017 5:00,1,0,1
3/26/2017 6:00,0,0,0
3/26/2017 7:00,1,0,1
3/26/2017 8:00,5,1,4
3/26/2017 9:00,9,1,8
3/26/2017 10:00,6,1,5
3/26/2017 11:00,7,2,5
3/26/2017 12:00,6,2,4
3/26/2017 13:00,15,8,7
3/26/2017 14:00,5,4,1
3/26/2017 15:00,2,1,1
3/26/2017 16:00,7,1,6
3/26/2017 17:00,3,1,2
3/26/2017 18:00,2,1,1
3/26/2017 19:00,6,0,6
3/26/2017 20:00,1,0,1
3/26/2017 21:00,1,0,1
3/26/2017 22:00,0,0,0
3/26/2017 23:00,1,0,1
3/27/2017 0:00,0,0,0
3/27/2017 1:00,0,0,0
3/27/2017 2:00,0,0,0
3/27/2017 3:00,0,0,0
3/27/2017 4:00,0,0,0
3/27/2017 5:00,1,0,1
3/27/2017 6:00,0,0,0
3/27/2017 7:00,2,0,2
3/27/2017 8:00,2,0,2
3/27/2017 9:00,4,1,3
3/27/2017 10:00,7,1,6
3/27/2017 11:00,2,1,1
3/27/2017 12:00,3,2,1
3/27/2017 13:00,2,2,0
3/27/2017 14:00,0,0,0
3/27/2017 15:00,1,1,0
3/27/2017 16:00,3,3,0
3/27/2017 17:00,1,1,0
3/27/2017 18:00,5,3,2
3/27/2017 19:00,3,1,2
3/27/2017 20:00,1,1,0
3/27/2017 21:00,1,1,0
3/27/2017 22:00,3,1,2
3/27/2017 23:00,0,0,0
3/28/2017 0:00,0,0,0
3/28/2017 1:00,0,0,0
3/28/2017 2:00,0,0,0
3/28/2017 3:00,0,0,0
3/28/2017 4:00,0,0,0
3/28/2017 5:00,0,0,0
3/28/2017 6:00,0,0,0
3/28/2017 7:00,3,3,0
3/28/2017 8:00,8,7,1
3/28/2017 9:00,2,1,1
3/28/2017 10:00,3,0,3
3/28/2017 11:00,1,0,1
3/28/2017 12:00,2,2,0
3/28/2017 13:00,7,2,5
3/28/2017 14:00,0,0,0
3/28/2017 15:00,7,3,4
3/28/2017 16:00,4,1,3
3/28/2017 17:00,0,0,0
3/28/2017 18:00,7,7,0
3/28/2017 19:00,3,2,1
3/28/2017 20:00,3,2,1
3/28/2017 21:00,1,1,0
3/28/2017 22:00,1,1,0
3/28/2017 23:00,0,0,0
3/29/2017 0:00,0,0,0
3/29/2017 1:00,0,0,0
3/29/2017 2:00,0,0,0
3/29/2017 3:00,1,0,1
3/29/2017 4:00,1,0,1
3/29/2017 5:00,0,0,0
3/29/2017 6:00,3,1,2
3/29/2017 7:00,1,1,0
3/29/2017 8:00,2,2,0
3/29/2017 9:00,0,0,0
3/29/2017 10:00,0,0,0
3/29/2017 11:00,1,0,1
3/29/2017 12:00,5,0,5
3/29/2017 13:00,1,1,0
3/29/2017 14:00,1,1,0
3/29/2017 15:00,0,0,0
3/29/2017 16:00,0,0,0
3/29/2017 17:00,1,1,0
3/29/2017 18:00,0,0,0
3/29/2017 19:00,1,1,0
3/29/2017 20:00,0,0,0
3/29/2017 21:00,0,0,0
3/29/2017 22:00,0,0,0
3/29/2017 23:00,0,0,0
3/30/2017 0:00,0,0,0
3/30/2017 1:00,0,0,0
3/30/2017 2:00,0,0,0
3/30/2017 3:00,0,0,0
3/30/2017 4:00,0,0,0
3/30/2017 5:00,0,0,0
3/30/2017 6:00,0,0,0
3/30/2017 7:00,2,2,0
3/30/2017 8:00,3,2,1
3/30/2017 9:00,4,3,1
3/30/2017 10:00,2,1,1
3/30/2017 11:00,2,2,0
3/30/2017 12:00,3,2,1
3/30/2017 13:00,1,0,1
3/30/2017 14:00,1,0,1
3/30/2017 15:00,2,2,0
3/30/2017 16:00,1,1,0
3/30/2017 17:00,2,1,1
3/30/2017 18:00,7,5,2
3/30/2017 19:00,7,6,1
3/30/2017 20:00,3,2,1
3/30/2017 21:00,3,3,0
3/30/2017 22:00,4,2,2
3/30/2017 23:00,1,1,0
3/31/2017 0:00,0,0,0
3/31/2017 1:00,0,0,0
3/31/2017 2:00,0,0,0
3/31/2017 3:00,1,0,1
3/31/2017 4:00,0,0,0
3/31/2017 5:00,0,0,0
3/31/2017 6:00,0,0,0
3/31/2017 7:00,1,1,0
3/31/2017 8:00,4,1,3
3/31/2017 9:00,4,3,1
3/31/2017 10:00,3,1,2
3/31/2017 11:00,4,0,4
3/31/2017 12:00,4,1,3
3/31/2017 13:00,4,1,3
3/31/2017 14:00,7,3,4
3/31/2017 15:00,7,6,1
3/31/2017 16:00,3,2,1
3/31/2017 17:00,13,10,3
3/31/2017 18:00,5,4,1
3/31/2017 19:00,7,7,0
3/31/2017 20:00,9,6,3
3/31/2017 21:00,1,1,0
3/31/2017 22:00,3,1,2
3/31/2017 23:00,1,1,0
4/1/2017 0:00,3,2,1
4/1/2017 1:00,0,0,0
4/1/2017 2:00,1,1,0
4/1/2017 3:00,0,0,0
4/1/2017 4:00,0,0,0
4/1/2017 5:00,0,0,0
4/1/2017 6:00,0,0,0
4/1/2017 7:00,1,0,1
4/1/2017 8:00,4,4,0
4/1/2017 9:00,5,1,4
4/1/2017 10:00,5,3,2
4/1/2017 11:00,6,6,0
4/1/2017 12:00,6,6,0
4/1/2017 13:00,6,5,1
4/1/2017 14:00,5,3,2
4/1/2017 15:00,3,3,0
4/1/2017 16:00,5,5,0
4/1/2017 17:00,5,5,0
4/1/2017 18:00,6,6,0
4/1/2017 19:00,1,1,0
4/1/2017 20:00,3,2,1
4/1/2017 21:00,0,0,0
4/1/2017 22:00,0,0,0
4/1/2017 23:00,0,0,0
4/2/2017 0:00,0,0,0
4/2/2017 1:00,0,0,0
4/2/2017 2:00,0,0,0
4/2/2017 3:00,1,1,0
4/2/2017 4:00,0,0,0
4/2/2017 5:00,0,0,0
4/2/2017 6:00,0,0,0
4/2/2017 7:00,0,0,0
4/2/2017 8:00,0,0,0
4/2/2017 9:00,5,5,0
4/2/2017 10:00,4,4,0
4/2/2017 11:00,4,4,0
4/2/2017 12:00,9,9,0
4/2/2017 13:00,7,7,0
4/2/2017 14:00,4,4,0
4/2/2017 15:00,4,3,1
4/2/2017 16:00,3,3,0
4/2/2017 17:00,5,5,0
4/2/2017 18:00,4,3,1
4/2/2017 19:00,3,3,0
4/2/2017 20:00,0,0,0
4/2/2017 21:00,2,1,1
4/2/2017 22:00,1,1,0
4/2/2017 23:00,0,0,0
4/3/2017 0:00,0,0,0
4/3/2017 1:00,0,0,0
4/3/2017 2:00,0,0,0
4/3/2017 3:00,1,1,0
4/3/2017 4:00,0,0,0
4/3/2017 5:00,1,1,0
4/3/2017 6:00,1,0,1
4/3/2017 7:00,2,1,1
4/3/2017 8:00,0,0,0
4/3/2017 9:00,2,1,1
4/3/2017 10:00,3,3,0
4/3/2017 11:00,2,2,0
4/3/2017 12:00,7,6,1
4/3/2017 13:00,2,2,0
4/3/2017 14:00,1,1,0
4/3/2017 15:00,2,2,0
4/3/2017 16:00,3,3,0
4/3/2017 17:00,5,5,0
4/3/2017 18:00,6,5,1
4/3/2017 19:00,5,5,0
4/3/2017 20:00,0,0,0
4/3/2017 21:00,1,0,1
4/3/2017 22:00,0,0,0
4/3/2017 23:00,0,0,0
4/4/2017 0:00,1,0,1
4/4/2017 1:00,2,2,0
4/4/2017 2:00,0,0,0
4/4/2017 3:00,1,0,1
4/4/2017 4:00,0,0,0
4/4/2017 5:00,1,0,1
4/4/2017 6:00,1,1,0
4/4/2017 7:00,1,1,0
4/4/2017 8:00,5,5,0
4/4/2017 9:00,2,2,0
4/4/2017 10:00,3,3,0
4/4/2017 11:00,3,3,0
4/4/2017 12:00,1,1,0
4/4/2017 13:00,10,9,1
4/4/2017 14:00,0,0,0
4/4/2017 15:00,2,1,1
4/4/2017 16:00,2,1,1
4/4/2017 17:00,6,6,0
4/4/2017 18:00,5,3,2
4/4/2017 19:00,4,4,0
4/4/2017 20:00,3,3,0
4/4/2017 21:00,1,1,0
4/4/2017 22:00,0,0,0
4/4/2017 23:00,0,0,0
4/5/2017 0:00,0,0,0
4/5/2017 1:00,0,0,0
4/5/2017 2:00,0,0,0
4/5/2017 3:00,0,0,0
4/5/2017 4:00,0,0,0
4/5/2017 5:00,0,0,0
4/5/2017 6:00,1,1,0
4/5/2017 7:00,2,2,0
4/5/2017 8:00,3,2,1
4/5/2017 9:00,2,0,2
4/5/2017 10:00,4,0,4
4/5/2017 11:00,5,1,4
4/5/2017 12:00,8,4,4
4/5/2017 13:00,5,2,3
4/5/2017 14:00,6,1,5
4/5/2017 15:00,3,1,2
4/5/2017 16:00,6,3,3
4/5/2017 17:00,6,3,3
4/5/2017 18:00,8,1,7
4/5/2017 19:00,2,1,1
4/5/2017 20:00,1,0,1
4/5/2017 21:00,3,2,1
4/5/2017 22:00,1,0,1
4/5/2017 23:00,2,0,2
4/6/2017 0:00,1,0,1
4/6/2017 1:00,0,0,0
4/6/2017 2:00,0,0,0
4/6/2017 3:00,0,0,0
4/6/2017 4:00,1,0,1
4/6/2017 5:00,0,0,0
4/6/2017 6:00,0,0,0
4/6/2017 7:00,4,2,2
4/6/2017 8:00,6,1,5
4/6/2017 9:00,2,0,2
4/6/2017 10:00,3,0,3
4/6/2017 11:00,5,0,5
4/6/2017 12:00,8,2,6
4/6/2017 13:00,6,1,5
4/6/2017 14:00,5,0,5
4/6/2017 15:00,5,0,5
4/6/2017 16:00,3,0,3
4/6/2017 17:00,12,3,9
4/6/2017 18:00,7,3,4
4/6/2017 19:00,7,5,2
4/6/2017 20:00,4,0,4
4/6/2017 21:00,9,1,8
4/6/2017 22:00,8,0,8
4/6/2017 23:00,4,0,4
4/7/2017 0:00,2,0,2
4/7/2017 1:00,0,0,0
4/7/2017 2:00,1,0,1
4/7/2017 3:00,1,1,0
4/7/2017 4:00,0,0,0
4/7/2017 5:00,0,0,0
4/7/2017 6:00,0,0,0
4/7/2017 7:00,1,0,1
4/7/2017 8:00,5,1,4
4/7/2017 9:00,5,1,4
4/7/2017 10:00,6,3,3
4/7/2017 11:00,4,1,3
4/7/2017 12:00,10,0,10
4/7/2017 13:00,0,0,0
4/7/2017 14:00,1,0,1
4/7/2017 15:00,4,4,0
4/7/2017 16:00,3,1,2
4/7/2017 17:00,6,2,4
4/7/2017 18:00,3,1,2
4/7/2017 19:00,4,0,4
4/7/2017 20:00,4,1,3
4/7/2017 21:00,1,1,0
4/7/2017 22:00,1,0,1
4/7/2017 23:00,2,0,2
4/8/2017 0:00,0,0,0
4/8/2017 1:00,0,0,0
4/8/2017 2:00,0,0,0
4/8/2017 3:00,0,0,0
4/8/2017 4:00,0,0,0
4/8/2017 5:00,1,0,1
4/8/2017 6:00,0,0,0
4/8/2017 7:00,0,0,0
4/8/2017 8:00,0,0,0
4/8/2017 9:00,6,5,1
4/8/2017 10:00,5,5,0
4/8/2017 11:00,4,4,0
4/8/2017 12:00,7,6,1
4/8/2017 13:00,5,5,0
4/8/2017 14:00,4,3,1
4/8/2017 15:00,2,1,1
4/8/2017 16:00,5,3,2
4/8/2017 17:00,10,4,6
4/8/2017 18:00,7,6,1
4/8/2017 19:00,2,1,1
4/8/2017 20:00,1,1,0
4/8/2017 21:00,1,0,1
4/8/2017 22:00,0,0,0
4/8/2017 23:00,1,0,1
4/9/2017 0:00,1,1,0
4/9/2017 1:00,0,0,0
4/9/2017 2:00,0,0,0
4/9/2017 3:00,0,0,0
4/9/2017 4:00,0,0,0
4/9/2017 5:00,0,0,0
4/9/2017 6:00,2,0,2
4/9/2017 7:00,0,0,0
4/9/2017 8:00,1,1,0
4/9/2017 9:00,3,2,1
4/9/2017 10:00,7,6,1
4/9/2017 11:00,10,4,6
4/9/2017 12:00,8,4,4
4/9/2017 13:00,4,2,2
4/9/2017 14:00,5,4,1
4/9/2017 15:00,3,0,3
4/9/2017 16:00,10,8,2
4/9/2017 17:00,11,9,2
4/9/2017 18:00,5,4,1
4/9/2017 19:00,3,3,0
4/9/2017 20:00,2,1,1
4/9/2017 21:00,2,2,0
4/9/2017 22:00,1,1,0
4/9/2017 23:00,0,0,0
4/10/2017 0:00,0,0,0
4/10/2017 1:00,0,0,0
4/10/2017 2:00,0,0,0
4/10/2017 3:00,0,0,0
4/10/2017 4:00,0,0,0
4/10/2017 5:00,0,0,0
4/10/2017 6:00,0,0,0
4/10/2017 7:00,3,3,0
4/10/2017 8:00,2,2,0
4/10/2017 9:00,6,5,1
4/10/2017 10:00,1,1,0
4/10/2017 11:00,3,2,1
4/10/2017 12:00,1,1,0
4/10/2017 13:00,0,0,0
4/10/2017 14:00,7,4,3
4/10/2017 15:00,3,0,3
4/10/2017 16:00,1,1,0
4/10/2017 17:00,1,0,1
4/10/2017 18:00,1,0,1
4/10/2017 19:00,5,4,1
4/10/2017 20:00,5,4,1
4/10/2017 21:00,0,0,0
4/10/2017 22:00,3,3,0
4/10/2017 23:00,0,0,0
4/11/2017 0:00,1,1,0
4/11/2017 1:00,0,0,0
4/11/2017 2:00,0,0,0
4/11/2017 3:00,0,0,0
4/11/2017 4:00,0,0,0
4/11/2017 5:00,1,1,0
4/11/2017 6:00,0,0,0
4/11/2017 7:00,2,2,0
4/11/2017 8:00,2,1,1
4/11/2017 9:00,9,7,2
4/11/2017 10:00,2,2,0
4/11/2017 11:00,5,5,0
4/11/2017 12:00,1,1,0
4/11/2017 13:00,4,2,2
4/11/2017 14:00,4,4,0
4/11/2017 15:00,1,0,1
4/11/2017 16:00,3,1,2
4/11/2017 17:00,2,1,1
4/11/2017 18:00,3,2,1
4/11/2017 19:00,0,0,0
4/11/2017 20:00,1,1,0
4/11/2017 21:00,2,1,1
4/11/2017 22:00,2,1,1
4/11/2017 23:00,1,1,0
4/12/2017 0:00,0,0,0
4/12/2017 1:00,0,0,0
4/12/2017 2:00,0,0,0
4/12/2017 3:00,0,0,0
4/12/2017 4:00,0,0,0
4/12/2017 5:00,1,1,0
4/12/2017 6:00,2,0,2
4/12/2017 7:00,2,2,0
4/12/2017 8:00,2,1,1
4/12/2017 9:00,3,2,1
4/12/2017 10:00,4,1,3
4/12/2017 11:00,5,3,2
4/12/2017 12:00,3,3,0
4/12/2017 13:00,1,0,1
4/12/2017 14:00,1,1,0
4/12/2017 15:00,5,3,2
4/12/2017 16:00,3,3,0
4/12/2017 17:00,10,6,4
4/12/2017 18:00,7,3,4
4/12/2017 19:00,3,0,3
4/12/2017 20:00,1,1,0
4/12/2017 21:00,0,0,0
4/12/2017 22:00,1,0,1
4/12/2017 23:00,0,0,0
4/13/2017 0:00,0,0,0
4/13/2017 1:00,0,0,0
4/13/2017 2:00,1,0,1
4/13/2017 3:00,0,0,0
4/13/2017 4:00,0,0,0
4/13/2017 5:00,0,0,0
4/13/2017 6:00,0,0,0
4/13/2017 7:00,9,4,5
4/13/2017 8:00,4,0,4
4/13/2017 9:00,3,0,3
4/13/2017 10:00,6,0,6
4/13/2017 11:00,5,3,2
4/13/2017 12:00,4,4,0
4/13/2017 13:00,7,3,4
4/13/2017 14:00,14,2,12
4/13/2017 15:00,5,1,4
4/13/2017 16:00,10,0,10
4/13/2017 17:00,15,0,15
4/13/2017 18:00,14,0,14
4/13/2017 19:00,12,5,7
4/13/2017 20:00,10,1,9
4/13/2017 21:00,12,5,7
4/13/2017 22:00,9,0,9
4/13/2017 23:00,3,0,3
4/14/2017 0:00,1,0,1
4/14/2017 1:00,1,0,1
4/14/2017 2:00,0,0,0
4/14/2017 3:00,0,0,0
4/14/2017 4:00,0,0,0
4/14/2017 5:00,0,0,0
4/14/2017 6:00,3,0,3
4/14/2017 7:00,3,1,2
4/14/2017 8:00,6,1,5
4/14/2017 9:00,6,0,6
4/14/2017 10:00,7,2,5
4/14/2017 11:00,6,2,4
4/14/2017 12:00,3,0,3
4/14/2017 13:00,2,1,1
4/14/2017 14:00,5,0,5
4/14/2017 15:00,8,1,7
4/14/2017 16:00,12,5,7
4/14/2017 17:00,12,2,10
4/14/2017 18:00,10,1,9
4/14/2017 19:00,3,0,3
4/14/2017 20:00,9,1,8
4/14/2017 21:00,1,0,1
4/14/2017 22:00,3,1,2
4/14/2017 23:00,3,1,2
4/15/2017 0:00,2,1,1
4/15/2017 1:00,4,3,1
4/15/2017 2:00,0,0,0
4/15/2017 3:00,1,0,1
4/15/2017 4:00,0,0,0
4/15/2017 5:00,0,0,0
4/15/2017 6:00,1,1,0
4/15/2017 7:00,2,2,0
4/15/2017 8:00,4,3,1
4/15/2017 9:00,10,4,6
4/15/2017 10:00,1,0,1
4/15/2017 11:00,6,5,1
4/15/2017 12:00,5,0,5
4/15/2017 13:00,5,2,3
4/15/2017 14:00,9,4,5
4/15/2017 15:00,3,0,3
4/15/2017 16:00,1,0,1
4/15/2017 17:00,6,1,5
4/15/2017 18:00,6,2,4
4/15/2017 19:00,9,1,8
4/15/2017 20:00,1,1,0
4/15/2017 21:00,0,0,0
4/15/2017 22:00,0,0,0
4/15/2017 23:00,0,0,0
4/16/2017 0:00,0,0,0
4/16/2017 1:00,0,0,0
4/16/2017 2:00,0,0,0
4/16/2017 3:00,0,0,0
4/16/2017 4:00,0,0,0
4/16/2017 5:00,0,0,0
4/16/2017 6:00,0,0,0
4/16/2017 7:00,0,0,0
4/16/2017 8:00,0,0,0
4/16/2017 9:00,0,0,0
4/16/2017 10:00,1,1,0
4/16/2017 11:00,7,2,5
4/16/2017 12:00,5,3,2
4/16/2017 13:00,4,2,2
4/16/2017 14:00,6,2,4
4/16/2017 15:00,5,4,1
4/16/2017 16:00,3,2,1
4/16/2017 17:00,3,1,2
4/16/2017 18:00,2,0,2
4/16/2017 19:00,2,0,2
4/16/2017 20:00,5,3,2
4/16/2017 21:00,2,0,2
4/16/2017 22:00,0,0,0
4/16/2017 23:00,0,0,0
4/17/2017 0:00,0,0,0
4/17/2017 1:00,0,0,0
4/17/2017 2:00,0,0,0
4/17/2017 3:00,0,0,0
4/17/2017 4:00,0,0,0
4/17/2017 5:00,0,0,0
4/17/2017 6:00,0,0,0
4/17/2017 7:00,1,1,0
4/17/2017 8:00,3,0,3
4/17/2017 9:00,3,3,0
4/17/2017 10:00,2,0,2
4/17/2017 11:00,3,1,2
4/17/2017 12:00,3,2,1
4/17/2017 13:00,5,3,2
4/17/2017 14:00,2,2,0
4/17/2017 15:00,5,1,4
4/17/2017 16:00,6,5,1
4/17/2017 17:00,7,3,4
4/17/2017 18:00,7,1,6
4/17/2017 19:00,4,1,3
4/17/2017 20:00,2,0,2
4/17/2017 21:00,4,0,4
4/17/2017 22:00,2,0,2
4/17/2017 23:00,2,0,2
4/18/2017 0:00,0,0,0
4/18/2017 1:00,1,0,1
4/18/2017 2:00,1,0,1
4/18/2017 3:00,0,0,0
4/18/2017 4:00,2,0,2
4/18/2017 5:00,1,0,1
4/18/2017 6:00,2,0,2
4/18/2017 7:00,1,0,1
4/18/2017 8:00,4,2,2
4/18/2017 9:00,6,2,4
4/18/2017 10:00,1,0,1
4/18/2017 11:00,1,1,0
4/18/2017 12:00,4,1,3
4/18/2017 13:00,1,1,0
4/18/2017 14:00,2,1,1
4/18/2017 15:00,4,2,2
4/18/2017 16:00,0,0,0
4/18/2017 17:00,3,2,1
4/18/2017 18:00,0,0,0
4/18/2017 19:00,0,0,0
4/18/2017 20:00,2,2,0
4/18/2017 21:00,1,0,1
4/18/2017 22:00,1,0,1
4/18/2017 23:00,0,0,0
4/19/2017 0:00,0,0,0
4/19/2017 1:00,0,0,0
4/19/2017 2:00,0,0,0
4/19/2017 3:00,0,0,0
4/19/2017 4:00,1,0,1
4/19/2017 5:00,3,0,3
4/19/2017 6:00,4,0,4
4/19/2017 7:00,8,6,2
4/19/2017 8:00,10,2,8
4/19/2017 9:00,5,2,3
4/19/2017 10:00,2,1,1
4/19/2017 11:00,6,0,6
4/19/2017 12:00,2,1,1
4/19/2017 13:00,3,1,2
4/19/2017 14:00,1,1,0
4/19/2017 15:00,5,3,2
4/19/2017 16:00,9,3,6
4/19/2017 17:00,14,4,10
4/19/2017 18:00,4,2,2
4/19/2017 19:00,12,2,10
4/19/2017 20:00,5,0,5
4/19/2017 21:00,3,1,2
4/19/2017 22:00,3,0,3
4/19/2017 23:00,2,0,2
4/20/2017 0:00,1,0,1
4/20/2017 1:00,0,0,0
4/20/2017 2:00,0,0,0
4/20/2017 3:00,0,0,0
4/20/2017 4:00,1,0,1
4/20/2017 5:00,1,1,0
4/20/2017 6:00,5,1,4
4/20/2017 7:00,4,2,2
4/20/2017 8:00,3,2,1
4/20/2017 9:00,8,2,6
4/20/2017 10:00,4,0,4
4/20/2017 11:00,0,0,0
4/20/2017 12:00,5,3,2
4/20/2017 13:00,3,0,3
4/20/2017 14:00,0,0,0
4/20/2017 15:00,4,1,3
4/20/2017 16:00,10,3,7
4/20/2017 17:00,17,5,12
4/20/2017 18:00,14,5,9
4/20/2017 19:00,1,0,1
4/20/2017 20:00,7,2,5
4/20/2017 21:00,3,0,3
4/20/2017 22:00,0,0,0
4/20/2017 23:00,1,0,1
4/21/2017 0:00,3,0,3
4/21/2017 1:00,1,0,1
4/21/2017 2:00,1,0,1
4/21/2017 3:00,0,0,0
4/21/2017 4:00,0,0,0
4/21/2017 5:00,1,0,1
4/21/2017 6:00,5,2,3
4/21/2017 7:00,6,2,4
4/21/2017 8:00,3,0,3
4/21/2017 9:00,5,0,5
4/21/2017 10:00,4,0,4
4/21/2017 11:00,3,1,2
4/21/2017 12:00,0,0,0
4/21/2017 13:00,0,0,0
4/21/2017 14:00,0,0,0
4/21/2017 15:00,0,0,0
4/21/2017 16:00,0,0,0
4/21/2017 17:00,0,0,0
4/21/2017 18:00,0,0,0
4/21/2017 19:00,0,0,0
4/21/2017 20:00,0,0,0
4/21/2017 21:00,0,0,0
4/21/2017 22:00,0,0,0
4/21/2017 23:00,0,0,0
4/22/2017 0:00,0,0,0
4/22/2017 1:00,0,0,0
4/22/2017 2:00,0,0,0
4/22/2017 3:00,0,0,0
4/22/2017 4:00,0,0,0
4/22/2017 5:00,0,0,0
4/22/2017 6:00,0,0,0
4/22/2017 7:00,0,0,0
4/22/2017 8:00,0,0,0
4/22/2017 9:00,0,0,0
4/22/2017 10:00,0,0,0
4/22/2017 11:00,0,0,0
4/22/2017 12:00,0,0,0
4/22/2017 13:00,0,0,0
4/22/2017 14:00,0,0,0
4/22/2017 15:00,0,0,0
4/22/2017 16:00,0,0,0
4/22/2017 17:00,0,0,0
4/22/2017 18:00,0,0,0
4/22/2017 19:00,0,0,0
4/22/2017 20:00,0,0,0
4/22/2017 21:00,0,0,0
4/22/2017 22:00,0,0,0
4/22/2017 23:00,0,0,0
4/23/2017 0:00,0,0,0
4/23/2017 1:00,0,0,0
4/23/2017 2:00,0,0,0
4/23/2017 3:00,0,0,0
4/23/2017 4:00,0,0,0
4/23/2017 5:00,0,0,0
4/23/2017 6:00,0,0,0
4/23/2017 7:00,0,0,0
4/23/2017 8:00,0,0,0
4/23/2017 9:00,0,0,0
4/23/2017 10:00,0,0,0
4/23/2017 11:00,0,0,0
4/23/2017 12:00,0,0,0
4/23/2017 13:00,0,0,0
4/23/2017 14:00,0,0,0
4/23/2017 15:00,0,0,0
4/23/2017 16:00,0,0,0
4/23/2017 17:00,0,0,0
4/23/2017 18:00,0,0,0
4/23/2017 19:00,0,0,0
4/23/2017 20:00,0,0,0
4/23/2017 21:00,0,0,0
4/23/2017 22:00,0,0,0
4/23/2017 23:00,0,0,0
4/24/2017 0:00,0,0,0
4/24/2017 1:00,0,0,0
4/24/2017 2:00,0,0,0
4/24/2017 3:00,0,0,0
4/24/2017 4:00,0,0,0
4/24/2017 5:00,0,0,0
4/24/2017 6:00,0,0,0
4/24/2017 7:00,0,0,0
4/24/2017 8:00,0,0,0
4/24/2017 9:00,0,0,0
4/24/2017 10:00,0,0,0
4/24/2017 11:00,0,0,0
4/24/2017 12:00,0,0,0
4/24/2017 13:00,0,0,0
4/24/2017 14:00,0,0,0
4/24/2017 15:00,0,0,0
4/24/2017 16:00,0,0,0
4/24/2017 17:00,0,0,0
4/24/2017 18:00,0,0,0
4/24/2017 19:00,0,0,0
4/24/2017 20:00,0,0,0
4/24/2017 21:00,0,0,0
4/24/2017 22:00,0,0,0
4/24/2017 23:00,0,0,0
4/25/2017 0:00,0,0,0
4/25/2017 1:00,0,0,0
4/25/2017 2:00,0,0,0
4/25/2017 3:00,0,0,0
4/25/2017 4:00,0,0,0
4/25/2017 5:00,0,0,0
4/25/2017 6:00,0,0,0
4/25/2017 7:00,0,0,0
4/25/2017 8:00,0,0,0
4/25/2017 9:00,0,0,0
4/25/2017 10:00,0,0,0
4/25/2017 11:00,0,0,0
4/25/2017 12:00,4,3,1
4/25/2017 13:00,7,6,1
4/25/2017 14:00,9,5,4
4/25/2017 15:00,7,3,4
4/25/2017 16:00,7,1,6
4/25/2017 17:00,14,7,7
4/25/2017 18:00,9,8,1
4/25/2017 19:00,5,3,2
4/25/2017 20:00,8,4,4
4/25/2017 21:00,4,2,2
4/25/2017 22:00,0,0,0
4/25/2017 23:00,2,0,2
4/26/2017 0:00,0,0,0
4/26/2017 1:00,1,0,1
4/26/2017 2:00,1,1,0
4/26/2017 3:00,1,1,0
4/26/2017 4:00,0,0,0
4/26/2017 5:00,1,1,0
4/26/2017 6:00,3,2,1
4/26/2017 7:00,11,4,7
4/26/2017 8:00,4,3,1
4/26/2017 9:00,6,2,4
4/26/2017 10:00,5,4,1
4/26/2017 11:00,8,5,3
4/26/2017 12:00,2,1,1
4/26/2017 13:00,3,1,2
4/26/2017 14:00,4,1,3
4/26/2017 15:00,5,0,5
4/26/2017 16:00,6,2,4
4/26/2017 17:00,15,9,6
4/26/2017 18:00,10,8,2
4/26/2017 19:00,6,2,4
4/26/2017 20:00,5,3,2
4/26/2017 21:00,3,0,3
4/26/2017 22:00,3,2,1
4/26/2017 23:00,0,0,0
4/27/2017 0:00,0,0,0
4/27/2017 1:00,0,0,0
4/27/2017 2:00,0,0,0
4/27/2017 3:00,0,0,0
4/27/2017 4:00,0,0,0
4/27/2017 5:00,0,0,0
4/27/2017 6:00,4,1,3
4/27/2017 7:00,3,0,3
4/27/2017 8:00,7,3,4
4/27/2017 9:00,3,1,2
4/27/2017 10:00,10,7,3
4/27/2017 11:00,10,5,5
4/27/2017 12:00,10,5,5
4/27/2017 13:00,9,2,7
4/27/2017 14:00,8,6,2
4/27/2017 15:00,10,7,3
4/27/2017 16:00,11,8,3
4/27/2017 17:00,9,4,5
4/27/2017 18:00,14,11,3
4/27/2017 19:00,5,3,2
4/27/2017 20:00,1,1,0
4/27/2017 21:00,2,1,1
4/27/2017 22:00,0,0,0
4/27/2017 23:00,3,1,2
4/28/2017 0:00,1,1,0
4/28/2017 1:00,0,0,0
4/28/2017 2:00,1,1,0
4/28/2017 3:00,0,0,0
4/28/2017 4:00,0,0,0
4/28/2017 5:00,0,0,0
4/28/2017 6:00,3,1,2
4/28/2017 7:00,5,1,4
4/28/2017 8:00,9,6,3
4/28/2017 9:00,3,2,1
4/28/2017 10:00,2,0,2
4/28/2017 11:00,7,2,5
4/28/2017 12:00,11,5,6
4/28/2017 13:00,4,3,1
4/28/2017 14:00,0,0,0
4/28/2017 15:00,0,0,0
4/28/2017 16:00,0,0,0
4/28/2017 17:00,0,0,0
4/28/2017 18:00,0,0,0
4/28/2017 19:00,0,0,0
4/28/2017 20:00,0,0,0
4/28/2017 21:00,0,0,0
4/28/2017 22:00,0,0,0
4/28/2017 23:00,1,0,1
4/29/2017 0:00,0,0,0
4/29/2017 1:00,0,0,0
4/29/2017 2:00,0,0,0
4/29/2017 3:00,0,0,0
4/29/2017 4:00,0,0,0
4/29/2017 5:00,0,0,0
4/29/2017 6:00,0,0,0
4/29/2017 7:00,0,0,0
4/29/2017 8:00,0,0,0
4/29/2017 9:00,0,0,0
4/29/2017 10:00,0,0,0
4/29/2017 11:00,0,0,0
4/29/2017 12:00,0,0,0
4/29/2017 13:00,0,0,0
4/29/2017 14:00,0,0,0
4/29/2017 15:00,0,0,0
4/29/2017 16:00,0,0,0
4/29/2017 17:00,0,0,0
4/29/2017 18:00,0,0,0
4/29/2017 19:00,0,0,0
4/29/2017 20:00,0,0,0
4/29/2017 21:00,0,0,0
4/29/2017 22:00,0,0,0
4/29/2017 23:00,0,0,0
4/30/2017 0:00,0,0,0
4/30/2017 1:00,0,0,0
4/30/2017 2:00,0,0,0
4/30/2017 3:00,0,0,0
4/30/2017 4:00,0,0,0
4/30/2017 5:00,0,0,0
4/30/2017 6:00,0,0,0
4/30/2017 7:00,0,0,0
4/30/2017 8:00,0,0,0
4/30/2017 9:00,0,0,0
4/30/2017 10:00,0,0,0
4/30/2017 11:00,0,0,0
4/30/2017 12:00,0,0,0
4/30/2017 13:00,0,0,0
4/30/2017 14:00,0,0,0
4/30/2017 15:00,0,0,0
4/30/2017 16:00,0,0,0
4/30/2017 17:00,0,0,0
4/30/2017 18:00,0,0,0
4/30/2017 19:00,0,0,0
4/30/2017 20:00,0,0,0
4/30/2017 21:00,0,0,0
4/30/2017 22:00,0,0,0
4/30/2017 23:00,0,0,0
5/1/2017 0:00,0,0,0
5/1/2017 1:00,0,0,0
5/1/2017 2:00,0,0,0
5/1/2017 3:00,0,0,0
5/1/2017 4:00,0,0,0
5/1/2017 5:00,0,0,0
5/1/2017 6:00,0,0,0
5/1/2017 7:00,0,0,0
5/1/2017 8:00,0,0,0
5/1/2017 9:00,0,0,0
5/1/2017 10:00,1,0,1
5/1/2017 11:00,0,0,0
5/1/2017 12:00,0,0,0
5/1/2017 13:00,0,0,0
5/1/2017 14:00,0,0,0
5/1/2017 15:00,0,0,0
5/1/2017 16:00,0,0,0
5/1/2017 17:00,0,0,0
5/1/2017 18:00,0,0,0
5/1/2017 19:00,0,0,0
5/1/2017 20:00,0,0,0
5/1/2017 21:00,0,0,0
5/1/2017 22:00,0,0,0
5/1/2017 23:00,0,0,0
5/2/2017 0:00,0,0,0
5/2/2017 1:00,0,0,0
5/2/2017 2:00,0,0,0
5/2/2017 3:00,0,0,0
5/2/2017 4:00,0,0,0
5/2/2017 5:00,0,0,0
5/2/2017 6:00,0,0,0
5/2/2017 7:00,0,0,0
5/2/2017 8:00,0,0,0
5/2/2017 9:00,0,0,0
5/2/2017 10:00,0,0,0
5/2/2017 11:00,0,0,0
5/2/2017 12:00,0,0,0
5/2/2017 13:00,0,0,0
5/2/2017 14:00,0,0,0
5/2/2017 15:00,0,0,0
5/2/2017 16:00,0,0,0
5/2/2017 17:00,0,0,0
5/2/2017 18:00,0,0,0
5/2/2017 19:00,0,0,0
5/2/2017 20:00,0,0,0
5/2/2017 21:00,0,0,0
5/2/2017 22:00,0,0,0
5/2/2017 23:00,0,0,0
5/3/2017 0:00,0,0,0
5/3/2017 1:00,0,0,0
5/3/2017 2:00,0,0,0
5/3/2017 3:00,0,0,0
5/3/2017 4:00,0,0,0
5/3/2017 5:00,0,0,0
5/3/2017 6:00,0,0,0
5/3/2017 7:00,0,0,0
5/3/2017 8:00,0,0,0
5/3/2017 9:00,0,0,0
5/3/2017 10:00,0,0,0
5/3/2017 11:00,0,0,0
5/3/2017 12:00,0,0,0
5/3/2017 13:00,4,1,3
5/3/2017 14:00,11,7,4
5/3/2017 15:00,13,8,5
5/3/2017 16:00,14,11,3
5/3/2017 17:00,25,14,11
5/3/2017 18:00,20,13,7
5/3/2017 19:00,31,16,15
5/3/2017 20:00,7,4,3
5/3/2017 21:00,9,4,5
5/3/2017 22:00,6,0,6
5/3/2017 23:00,2,1,1
5/4/2017 0:00,0,0,0
5/4/2017 1:00,0,0,0
5/4/2017 2:00,1,0,1
5/4/2017 3:00,0,0,0
5/4/2017 4:00,0,0,0
5/4/2017 5:00,1,0,1
5/4/2017 6:00,4,1,3
5/4/2017 7:00,8,2,6
5/4/2017 8:00,10,6,4
5/4/2017 9:00,14,10,4
5/4/2017 10:00,10,4,6
5/4/2017 11:00,12,5,7
5/4/2017 12:00,18,7,11
5/4/2017 13:00,17,7,10
5/4/2017 14:00,14,6,8
5/4/2017 15:00,22,5,17
5/4/2017 16:00,14,3,11
5/4/2017 17:00,11,3,8
5/4/2017 18:00,3,2,1
5/4/2017 19:00,11,4,7
5/4/2017 20:00,10,2,8
5/4/2017 21:00,3,1,2
5/4/2017 22:00,2,1,1
5/4/2017 23:00,1,0,1
5/5/2017 0:00,0,0,0
5/5/2017 1:00,0,0,0
5/5/2017 2:00,1,0,1
5/5/2017 3:00,0,0,0
5/5/2017 4:00,0,0,0
5/5/2017 5:00,2,0,2
5/5/2017 6:00,4,0,4
5/5/2017 7:00,10,3,7
5/5/2017 8:00,9,3,6
5/5/2017 9:00,,,
5/5/2017 10:00,3,2,1
5/5/2017 11:00,9,3,6
5/5/2017 12:00,8,5,3
5/5/2017 13:00,7,2,5
5/5/2017 14:00,3,3,0
5/5/2017 15:00,8,3,5
5/5/2017 16:00,16,10,6
5/5/2017 17:00,14,6,8
5/5/2017 18:00,12,7,5
5/5/2017 19:00,9,7,2
5/5/2017 20:00,4,4,0
5/5/2017 21:00,5,5,0
5/5/2017 22:00,1,0,1
5/5/2017 23:00,0,0,0
5/6/2017 0:00,0,0,0
5/6/2017 1:00,0,0,0
5/6/2017 2:00,0,0,0
5/6/2017 3:00,0,0,0
5/6/2017 4:00,0,0,0
5/6/2017 5:00,1,0,1
5/6/2017 6:00,2,1,1
5/6/2017 7:00,8,5,3
5/6/2017 8:00,3,2,1
5/6/2017 9:00,11,7,4
5/6/2017 10:00,12,6,6
5/6/2017 11:00,14,5,9
5/6/2017 12:00,21,6,15
5/6/2017 13:00,11,4,7
5/6/2017 14:00,19,9,10
5/6/2017 15:00,22,10,12
5/6/2017 16:00,13,7,6
5/6/2017 17:00,24,11,13
5/6/2017 18:00,6,2,4
5/6/2017 19:00,9,7,2
5/6/2017 20:00,1,1,0
5/6/2017 21:00,2,2,0
5/6/2017 22:00,0,0,0
5/6/2017 23:00,3,2,1
5/7/2017 0:00,1,0,1
5/7/2017 1:00,0,0,0
5/7/2017 2:00,0,0,0
5/7/2017 3:00,0,0,0
5/7/2017 4:00,0,0,0
5/7/2017 5:00,0,0,0
5/7/2017 6:00,1,1,0
5/7/2017 7:00,3,0,3
5/7/2017 8:00,6,3,3
5/7/2017 9:00,6,4,2
5/7/2017 10:00,21,5,16
5/7/2017 11:00,28,15,13
5/7/2017 12:00,14,3,11
5/7/2017 13:00,26,16,10
5/7/2017 14:00,17,9,8
5/7/2017 15:00,22,16,6
5/7/2017 16:00,18,10,8
5/7/2017 17:00,10,5,5
5/7/2017 18:00,11,6,5
5/7/2017 19:00,9,2,7
5/7/2017 20:00,10,3,7
5/7/2017 21:00,2,2,0
5/7/2017 22:00,0,0,0
5/7/2017 23:00,0,0,0
5/8/2017 0:00,0,0,0
5/8/2017 1:00,0,0,0
5/8/2017 2:00,0,0,0
5/8/2017 3:00,0,0,0
5/8/2017 4:00,1,1,0
5/8/2017 5:00,2,1,1
5/8/2017 6:00,4,2,2
5/8/2017 7:00,13,6,7
5/8/2017 8:00,8,5,3
5/8/2017 9:00,8,4,4
5/8/2017 10:00,9,7,2
5/8/2017 11:00,7,3,4
5/8/2017 12:00,7,2,5
5/8/2017 13:00,8,7,1
5/8/2017 14:00,10,5,5
5/8/2017 15:00,11,6,5
5/8/2017 16:00,19,11,8
5/8/2017 17:00,17,5,12
5/8/2017 18:00,15,10,5
5/8/2017 19:00,11,7,4
5/8/2017 20:00,9,2,7
5/8/2017 21:00,2,0,2
5/8/2017 22:00,1,0,1
5/8/2017 23:00,0,0,0
5/9/2017 0:00,0,0,0
5/9/2017 1:00,1,1,0
5/9/2017 2:00,2,1,1
5/9/2017 3:00,0,0,0
5/9/2017 4:00,1,0,1
5/9/2017 5:00,1,0,1
5/9/2017 6:00,4,2,2
5/9/2017 7:00,10,5,5
5/9/2017 8:00,14,5,9
5/9/2017 9:00,8,6,2
5/9/2017 10:00,7,5,2
5/9/2017 11:00,9,6,3
5/9/2017 12:00,5,3,2
5/9/2017 13:00,7,4,3
5/9/2017 14:00,15,8,7
5/9/2017 15:00,13,8,5
5/9/2017 16:00,24,12,12
5/9/2017 17:00,18,10,8
5/9/2017 18:00,16,9,7
5/9/2017 19:00,21,7,14
5/9/2017 20:00,10,2,8
5/9/2017 21:00,2,0,2
5/9/2017 22:00,5,2,3
5/9/2017 23:00,2,0,2
5/10/2017 0:00,3,2,1
5/10/2017 1:00,0,0,0
5/10/2017 2:00,0,0,0
5/10/2017 3:00,1,1,0
5/10/2017 4:00,1,1,0
5/10/2017 5:00,1,1,0
5/10/2017 6:00,3,2,1
5/10/2017 7:00,15,5,10
5/10/2017 8:00,15,8,7
5/10/2017 9:00,10,6,4
5/10/2017 10:00,9,7,2
5/10/2017 11:00,10,6,4
5/10/2017 12:00,6,4,2
5/10/2017 13:00,10,6,4
5/10/2017 14:00,13,8,5
5/10/2017 15:00,13,4,9
5/10/2017 16:00,22,13,9
5/10/2017 17:00,18,12,6
5/10/2017 18:00,15,9,6
5/10/2017 19:00,7,4,3
5/10/2017 20:00,7,4,3
5/10/2017 21:00,3,3,0
5/10/2017 22:00,1,0,1
5/10/2017 23:00,0,0,0
5/11/2017 0:00,0,0,0
5/11/2017 1:00,0,0,0
5/11/2017 2:00,0,0,0
5/11/2017 3:00,0,0,0
5/11/2017 4:00,1,0,1
5/11/2017 5:00,0,0,0
5/11/2017 6:00,3,1,2
5/11/2017 7:00,3,1,2
5/11/2017 8:00,8,5,3
5/11/2017 9:00,2,1,1
5/11/2017 10:00,5,2,3
5/11/2017 11:00,3,1,2
5/11/2017 12:00,4,0,4
5/11/2017 13:00,3,2,1
5/11/2017 14:00,6,1,5
5/11/2017 15:00,6,3,3
5/11/2017 16:00,10,6,4
5/11/2017 17:00,11,5,6
5/11/2017 18:00,17,10,7
5/11/2017 19:00,5,2,3
5/11/2017 20:00,1,1,0
5/11/2017 21:00,2,1,1
5/11/2017 22:00,0,0,0
5/11/2017 23:00,0,0,0
5/12/2017 0:00,0,0,0
5/12/2017 1:00,1,1,0
5/12/2017 2:00,1,0,1
5/12/2017 3:00,0,0,0
5/12/2017 4:00,0,0,0
5/12/2017 5:00,1,0,1
5/12/2017 6:00,4,3,1
5/12/2017 7:00,6,3,3
5/12/2017 8:00,11,7,4
5/12/2017 9:00,0,0,0
5/12/2017 10:00,0,0,0
5/12/2017 11:00,0,0,0
5/12/2017 12:00,0,0,0
5/12/2017 13:00,0,0,0
5/12/2017 14:00,0,0,0
5/12/2017 15:00,1,1,0
5/12/2017 16:00,0,0,0
5/12/2017 17:00,0,0,0
5/12/2017 18:00,0,0,0
5/12/2017 19:00,0,0,0
5/12/2017 20:00,0,0,0
5/12/2017 21:00,0,0,0
5/12/2017 22:00,0,0,0
5/12/2017 23:00,0,0,0
5/13/2017 0:00,0,0,0
5/13/2017 1:00,0,0,0
5/13/2017 2:00,0,0,0
5/13/2017 3:00,0,0,0
5/13/2017 4:00,0,0,0
5/13/2017 5:00,0,0,0
5/13/2017 6:00,0,0,0
5/13/2017 7:00,0,0,0
5/13/2017 8:00,0,0,0
5/13/2017 9:00,0,0,0
5/13/2017 10:00,0,0,0
5/13/2017 11:00,0,0,0
5/13/2017 12:00,0,0,0
5/13/2017 13:00,0,0,0
5/13/2017 14:00,0,0,0
5/13/2017 15:00,1,0,1
5/13/2017 16:00,1,0,1
5/13/2017 17:00,0,0,0
5/13/2017 18:00,0,0,0
5/13/2017 19:00,0,0,0
5/13/2017 20:00,0,0,0
5/13/2017 21:00,0,0,0
5/13/2017 22:00,1,1,0
5/13/2017 23:00,0,0,0
5/14/2017 0:00,0,0,0
5/14/2017 1:00,0,0,0
5/14/2017 2:00,0,0,0
5/14/2017 3:00,0,0,0
5/14/2017 4:00,0,0,0
5/14/2017 5:00,0,0,0
5/14/2017 6:00,0,0,0
5/14/2017 7:00,0,0,0
5/14/2017 8:00,0,0,0
5/14/2017 9:00,0,0,0
5/14/2017 10:00,0,0,0
5/14/2017 11:00,0,0,0
5/14/2017 12:00,0,0,0
5/14/2017 13:00,0,0,0
5/14/2017 14:00,0,0,0
5/14/2017 15:00,0,0,0
5/14/2017 16:00,0,0,0
5/14/2017 17:00,0,0,0
5/14/2017 18:00,1,0,1
5/14/2017 19:00,0,0,0
5/14/2017 20:00,0,0,0
5/14/2017 21:00,0,0,0
5/14/2017 22:00,0,0,0
5/14/2017 23:00,0,0,0
5/15/2017 0:00,0,0,0
5/15/2017 1:00,0,0,0
5/15/2017 2:00,0,0,0
5/15/2017 3:00,0,0,0
5/15/2017 4:00,0,0,0
5/15/2017 5:00,0,0,0
5/15/2017 6:00,1,1,0
5/15/2017 7:00,0,0,0
5/15/2017 8:00,0,0,0
5/15/2017 9:00,0,0,0
5/15/2017 10:00,0,0,0
5/15/2017 11:00,0,0,0
5/15/2017 12:00,0,0,0
5/15/2017 13:00,0,0,0
5/15/2017 14:00,0,0,0
5/15/2017 15:00,0,0,0
5/15/2017 16:00,0,0,0
5/15/2017 17:00,0,0,0
5/15/2017 18:00,0,0,0
5/15/2017 19:00,0,0,0
5/15/2017 20:00,0,0,0
5/15/2017 21:00,0,0,0
5/15/2017 22:00,0,0,0
5/15/2017 23:00,0,0,0
5/16/2017 0:00,0,0,0
5/16/2017 1:00,0,0,0
5/16/2017 2:00,0,0,0
5/16/2017 3:00,0,0,0
5/16/2017 4:00,0,0,0
5/16/2017 5:00,0,0,0
5/16/2017 6:00,0,0,0
5/16/2017 7:00,0,0,0
5/16/2017 8:00,0,0,0
5/16/2017 9:00,0,0,0
5/16/2017 10:00,0,0,0
5/16/2017 11:00,0,0,0
5/16/2017 12:00,0,0,0
5/16/2017 13:00,0,0,0
5/16/2017 14:00,0,0,0
5/16/2017 15:00,0,0,0
5/16/2017 16:00,0,0,0
5/16/2017 17:00,0,0,0
5/16/2017 18:00,0,0,0
5/16/2017 19:00,0,0,0
5/16/2017 20:00,0,0,0
5/16/2017 21:00,0,0,0
5/16/2017 22:00,0,0,0
5/16/2017 23:00,0,0,0
5/17/2017 0:00,0,0,0
5/17/2017 1:00,0,0,0
5/17/2017 2:00,0,0,0
5/17/2017 3:00,0,0,0
5/17/2017 4:00,0,0,0
5/17/2017 5:00,0,0,0
5/17/2017 6:00,0,0,0
5/17/2017 7:00,0,0,0
5/17/2017 8:00,0,0,0
5/17/2017 9:00,0,0,0
5/17/2017 10:00,0,0,0
5/17/2017 11:00,0,0,0
5/17/2017 12:00,0,0,0
5/17/2017 13:00,0,0,0
5/17/2017 14:00,0,0,0
5/17/2017 15:00,0,0,0
5/17/2017 16:00,0,0,0
5/17/2017 17:00,0,0,0
5/17/2017 18:00,0,0,0
5/17/2017 19:00,0,0,0
5/17/2017 20:00,0,0,0
5/17/2017 21:00,0,0,0
5/17/2017 22:00,0,0,0
5/17/2017 23:00,0,0,0
5/18/2017 0:00,0,0,0
5/18/2017 1:00,0,0,0
5/18/2017 2:00,0,0,0
5/18/2017 3:00,0,0,0
5/18/2017 4:00,0,0,0
5/18/2017 5:00,0,0,0
5/18/2017 6:00,0,0,0
5/18/2017 7:00,0,0,0
5/18/2017 8:00,0,0,0
5/18/2017 9:00,0,0,0
5/18/2017 10:00,0,0,0
5/18/2017 11:00,0,0,0
5/18/2017 12:00,0,0,0
5/18/2017 13:00,0,0,0
5/18/2017 14:00,0,0,0
5/18/2017 15:00,0,0,0
5/18/2017 16:00,0,0,0
5/18/2017 17:00,0,0,0
5/18/2017 18:00,0,0,0
5/18/2017 19:00,0,0,0
5/18/2017 20:00,0,0,0
5/18/2017 21:00,0,0,0
5/18/2017 22:00,0,0,0
5/18/2017 23:00,0,0,0
5/19/2017 0:00,0,0,0
5/19/2017 1:00,0,0,0
5/19/2017 2:00,0,0,0
5/19/2017 3:00,0,0,0
5/19/2017 4:00,0,0,0
5/19/2017 5:00,0,0,0
5/19/2017 6:00,0,0,0
5/19/2017 7:00,0,0,0
5/19/2017 8:00,0,0,0
5/19/2017 9:00,0,0,0
5/19/2017 10:00,0,0,0
5/19/2017 11:00,0,0,0
5/19/2017 12:00,0,0,0
5/19/2017 13:00,0,0,0
5/19/2017 14:00,0,0,0
5/19/2017 15:00,0,0,0
5/19/2017 16:00,0,0,0
5/19/2017 17:00,0,0,0
5/19/2017 18:00,0,0,0
5/19/2017 19:00,0,0,0
5/19/2017 20:00,0,0,0
5/19/2017 21:00,0,0,0
5/19/2017 22:00,0,0,0
5/19/2017 23:00,0,0,0
5/20/2017 0:00,0,0,0
5/20/2017 1:00,0,0,0
5/20/2017 2:00,0,0,0
5/20/2017 3:00,0,0,0
5/20/2017 4:00,0,0,0
5/20/2017 5:00,0,0,0
5/20/2017 6:00,0,0,0
5/20/2017 7:00,0,0,0
5/20/2017 8:00,0,0,0
5/20/2017 9:00,0,0,0
5/20/2017 10:00,0,0,0
5/20/2017 11:00,0,0,0
5/20/2017 12:00,0,0,0
5/20/2017 13:00,0,0,0
5/20/2017 14:00,0,0,0
5/20/2017 15:00,0,0,0
5/20/2017 16:00,0,0,0
5/20/2017 17:00,0,0,0
5/20/2017 18:00,0,0,0
5/20/2017 19:00,0,0,0
5/20/2017 20:00,0,0,0
5/20/2017 21:00,0,0,0
5/20/2017 22:00,0,0,0
5/20/2017 23:00,0,0,0
5/21/2017 0:00,0,0,0
5/21/2017 1:00,0,0,0
5/21/2017 2:00,0,0,0
5/21/2017 3:00,0,0,0
5/21/2017 4:00,0,0,0
5/21/2017 5:00,0,0,0
5/21/2017 6:00,0,0,0
5/21/2017 7:00,0,0,0
5/21/2017 8:00,0,0,0
5/21/2017 9:00,0,0,0
5/21/2017 10:00,0,0,0
5/21/2017 11:00,0,0,0
5/21/2017 12:00,0,0,0
5/21/2017 13:00,0,0,0
5/21/2017 14:00,0,0,0
5/21/2017 15:00,0,0,0
5/21/2017 16:00,0,0,0
5/21/2017 17:00,0,0,0
5/21/2017 18:00,0,0,0
5/21/2017 19:00,0,0,0
5/21/2017 20:00,0,0,0
5/21/2017 21:00,0,0,0
5/21/2017 22:00,0,0,0
5/21/2017 23:00,0,0,0
5/22/2017 0:00,0,0,0
5/22/2017 1:00,0,0,0
5/22/2017 2:00,0,0,0
5/22/2017 3:00,0,0,0
5/22/2017 4:00,0,0,0
5/22/2017 5:00,0,0,0
5/22/2017 6:00,0,0,0
5/22/2017 7:00,0,0,0
5/22/2017 8:00,0,0,0
5/22/2017 9:00,0,0,0
5/22/2017 10:00,0,0,0
5/22/2017 11:00,0,0,0
5/22/2017 12:00,0,0,0
5/22/2017 13:00,0,0,0
5/22/2017 14:00,0,0,0
5/22/2017 15:00,0,0,0
5/22/2017 16:00,0,0,0
5/22/2017 17:00,0,0,0
5/22/2017 18:00,0,0,0
5/22/2017 19:00,0,0,0
5/22/2017 20:00,0,0,0
5/22/2017 21:00,0,0,0
5/22/2017 22:00,0,0,0
5/22/2017 23:00,0,0,0
5/23/2017 0:00,0,0,0
5/23/2017 1:00,0,0,0
5/23/2017 2:00,0,0,0
5/23/2017 3:00,0,0,0
5/23/2017 4:00,0,0,0
5/23/2017 5:00,0,0,0
5/23/2017 6:00,0,0,0
5/23/2017 7:00,0,0,0
5/23/2017 8:00,0,0,0
5/23/2017 9:00,0,0,0
5/23/2017 10:00,0,0,0
5/23/2017 11:00,0,0,0
5/23/2017 12:00,0,0,0
5/23/2017 13:00,0,0,0
5/23/2017 14:00,0,0,0
5/23/2017 15:00,0,0,0
5/23/2017 16:00,0,0,0
5/23/2017 17:00,0,0,0
5/23/2017 18:00,0,0,0
5/23/2017 19:00,0,0,0
5/23/2017 20:00,0,0,0
5/23/2017 21:00,0,0,0
5/23/2017 22:00,0,0,0
5/23/2017 23:00,0,0,0
5/24/2017 0:00,0,0,0
5/24/2017 1:00,0,0,0
5/24/2017 2:00,0,0,0
5/24/2017 3:00,0,0,0
5/24/2017 4:00,0,0,0
5/24/2017 5:00,0,0,0
5/24/2017 6:00,0,0,0
5/24/2017 7:00,0,0,0
5/24/2017 8:00,0,0,0
5/24/2017 9:00,0,0,0
5/24/2017 10:00,0,0,0
5/24/2017 11:00,0,0,0
5/24/2017 12:00,0,0,0
5/24/2017 13:00,0,0,0
5/24/2017 14:00,0,0,0
5/24/2017 15:00,0,0,0
5/24/2017 16:00,0,0,0
5/24/2017 17:00,1,1,0
5/24/2017 18:00,0,0,0
5/24/2017 19:00,0,0,0
5/24/2017 20:00,0,0,0
5/24/2017 21:00,0,0,0
5/24/2017 22:00,0,0,0
5/24/2017 23:00,0,0,0
5/25/2017 0:00,0,0,0
5/25/2017 1:00,0,0,0
5/25/2017 2:00,0,0,0
5/25/2017 3:00,0,0,0
5/25/2017 4:00,0,0,0
5/25/2017 5:00,0,0,0
5/25/2017 6:00,0,0,0
5/25/2017 7:00,0,0,0
5/25/2017 8:00,0,0,0
5/25/2017 9:00,0,0,0
5/25/2017 10:00,0,0,0
5/25/2017 11:00,0,0,0
5/25/2017 12:00,0,0,0
5/25/2017 13:00,0,0,0
5/25/2017 14:00,0,0,0
5/25/2017 15:00,0,0,0
5/25/2017 16:00,0,0,0
5/25/2017 17:00,0,0,0
5/25/2017 18:00,0,0,0
5/25/2017 19:00,0,0,0
5/25/2017 20:00,0,0,0
5/25/2017 21:00,0,0,0
5/25/2017 22:00,0,0,0
5/25/2017 23:00,0,0,0
5/26/2017 0:00,0,0,0
5/26/2017 1:00,0,0,0
5/26/2017 2:00,0,0,0
5/26/2017 3:00,0,0,0
5/26/2017 4:00,0,0,0
5/26/2017 5:00,0,0,0
5/26/2017 6:00,0,0,0
5/26/2017 7:00,0,0,0
5/26/2017 8:00,0,0,0
5/26/2017 9:00,0,0,0
5/26/2017 10:00,0,0,0
5/26/2017 11:00,0,0,0
5/26/2017 12:00,2,1,1
5/26/2017 13:00,0,0,0
5/26/2017 14:00,0,0,0
5/26/2017 15:00,0,0,0
5/26/2017 16:00,0,0,0
5/26/2017 17:00,0,0,0
5/26/2017 18:00,0,0,0
5/26/2017 19:00,0,0,0
5/26/2017 20:00,0,0,0
5/26/2017 21:00,0,0,0
5/26/2017 22:00,0,0,0
5/26/2017 23:00,0,0,0
5/27/2017 0:00,0,0,0
5/27/2017 1:00,0,0,0
5/27/2017 2:00,0,0,0
5/27/2017 3:00,0,0,0
5/27/2017 4:00,0,0,0
5/27/2017 5:00,0,0,0
5/27/2017 6:00,0,0,0
5/27/2017 7:00,0,0,0
5/27/2017 8:00,0,0,0
5/27/2017 9:00,0,0,0
5/27/2017 10:00,0,0,0
5/27/2017 11:00,0,0,0
5/27/2017 12:00,0,0,0
5/27/2017 13:00,0,0,0
5/27/2017 14:00,0,0,0
5/27/2017 15:00,0,0,0
5/27/2017 16:00,0,0,0
5/27/2017 17:00,0,0,0
5/27/2017 18:00,0,0,0
5/27/2017 19:00,0,0,0
5/27/2017 20:00,0,0,0
5/27/2017 21:00,0,0,0
5/27/2017 22:00,0,0,0
5/27/2017 23:00,0,0,0
5/28/2017 0:00,0,0,0
5/28/2017 1:00,0,0,0
5/28/2017 2:00,0,0,0
5/28/2017 3:00,0,0,0
5/28/2017 4:00,0,0,0
5/28/2017 5:00,0,0,0
5/28/2017 6:00,0,0,0
5/28/2017 7:00,0,0,0
5/28/2017 8:00,0,0,0
5/28/2017 9:00,0,0,0
5/28/2017 10:00,0,0,0
5/28/2017 11:00,0,0,0
5/28/2017 12:00,0,0,0
5/28/2017 13:00,0,0,0
5/28/2017 14:00,0,0,0
5/28/2017 15:00,0,0,0
5/28/2017 16:00,0,0,0
5/28/2017 17:00,0,0,0
5/28/2017 18:00,0,0,0
5/28/2017 19:00,0,0,0
5/28/2017 20:00,0,0,0
5/28/2017 21:00,0,0,0
5/28/2017 22:00,0,0,0
5/28/2017 23:00,0,0,0
5/29/2017 0:00,0,0,0
5/29/2017 1:00,0,0,0
5/29/2017 2:00,0,0,0
5/29/2017 3:00,0,0,0
5/29/2017 4:00,0,0,0
5/29/2017 5:00,0,0,0
5/29/2017 6:00,0,0,0
5/29/2017 7:00,0,0,0
5/29/2017 8:00,0,0,0
5/29/2017 9:00,0,0,0
5/29/2017 10:00,0,0,0
5/29/2017 11:00,0,0,0
5/29/2017 12:00,0,0,0
5/29/2017 13:00,0,0,0
5/29/2017 14:00,0,0,0
5/29/2017 15:00,0,0,0
5/29/2017 16:00,0,0,0
5/29/2017 17:00,0,0,0
5/29/2017 18:00,0,0,0
5/29/2017 19:00,0,0,0
5/29/2017 20:00,0,0,0
5/29/2017 21:00,0,0,0
5/29/2017 22:00,0,0,0
5/29/2017 23:00,0,0,0
5/30/2017 0:00,0,0,0
5/30/2017 1:00,0,0,0
5/30/2017 2:00,0,0,0
5/30/2017 3:00,0,0,0
5/30/2017 4:00,0,0,0
5/30/2017 5:00,0,0,0
5/30/2017 6:00,0,0,0
5/30/2017 7:00,0,0,0
5/30/2017 8:00,0,0,0
5/30/2017 9:00,0,0,0
5/30/2017 10:00,0,0,0
5/30/2017 11:00,0,0,0
5/30/2017 12:00,0,0,0
5/30/2017 13:00,0,0,0
5/30/2017 14:00,0,0,0
5/30/2017 15:00,0,0,0
5/30/2017 16:00,0,0,0
5/30/2017 17:00,0,0,0
5/30/2017 18:00,0,0,0
5/30/2017 19:00,0,0,0
5/30/2017 20:00,0,0,0
5/30/2017 21:00,0,0,0
5/30/2017 22:00,0,0,0
5/30/2017 23:00,0,0,0
5/31/2017 0:00,0,0,0
5/31/2017 1:00,0,0,0
5/31/2017 2:00,0,0,0
5/31/2017 3:00,0,0,0
5/31/2017 4:00,0,0,0
5/31/2017 5:00,0,0,0
5/31/2017 6:00,0,0,0
5/31/2017 7:00,0,0,0
5/31/2017 8:00,0,0,0
5/31/2017 9:00,0,0,0
5/31/2017 10:00,0,0,0
5/31/2017 11:00,0,0,0
5/31/2017 12:00,0,0,0
5/31/2017 13:00,0,0,0
5/31/2017 14:00,0,0,0
5/31/2017 15:00,0,0,0
5/31/2017 16:00,0,0,0
5/31/2017 17:00,0,0,0
5/31/2017 18:00,0,0,0
5/31/2017 19:00,0,0,0
5/31/2017 20:00,0,0,0
5/31/2017 21:00,0,0,0
5/31/2017 22:00,0,0,0
5/31/2017 23:00,0,0,0
6/1/2017 0:00,0,0,0
6/1/2017 1:00,0,0,0
6/1/2017 2:00,0,0,0
6/1/2017 3:00,0,0,0
6/1/2017 4:00,0,0,0
6/1/2017 5:00,0,0,0
6/1/2017 6:00,0,0,0
6/1/2017 7:00,0,0,0
6/1/2017 8:00,0,0,0
6/1/2017 9:00,0,0,0
6/1/2017 10:00,0,0,0
6/1/2017 11:00,0,0,0
6/1/2017 12:00,0,0,0
6/1/2017 13:00,0,0,0
6/1/2017 14:00,0,0,0
6/1/2017 15:00,0,0,0
6/1/2017 16:00,0,0,0
6/1/2017 17:00,0,0,0
6/1/2017 18:00,0,0,0
6/1/2017 19:00,0,0,0
6/1/2017 20:00,0,0,0
6/1/2017 21:00,0,0,0
6/1/2017 22:00,0,0,0
6/1/2017 23:00,0,0,0
6/2/2017 0:00,0,0,0
6/2/2017 1:00,0,0,0
6/2/2017 2:00,0,0,0
6/2/2017 3:00,0,0,0
6/2/2017 4:00,0,0,0
6/2/2017 5:00,0,0,0
6/2/2017 6:00,0,0,0
6/2/2017 7:00,0,0,0
6/2/2017 8:00,0,0,0
6/2/2017 9:00,0,0,0
6/2/2017 10:00,0,0,0
6/2/2017 11:00,0,0,0
6/2/2017 12:00,0,0,0
6/2/2017 13:00,3,1,2
6/2/2017 14:00,10,1,9
6/2/2017 15:00,15,11,4
6/2/2017 16:00,18,9,9
6/2/2017 17:00,21,11,10
6/2/2017 18:00,11,8,3
6/2/2017 19:00,10,9,1
6/2/2017 20:00,3,2,1
6/2/2017 21:00,4,2,2
6/2/2017 22:00,1,0,1
6/2/2017 23:00,4,1,3
6/3/2017 0:00,0,0,0
6/3/2017 1:00,2,1,1
6/3/2017 2:00,0,0,0
6/3/2017 3:00,0,0,0
6/3/2017 4:00,0,0,0
6/3/2017 5:00,0,0,0
6/3/2017 6:00,3,2,1
6/3/2017 7:00,6,3,3
6/3/2017 8:00,2,1,1
6/3/2017 9:00,15,7,8
6/3/2017 10:00,12,4,8
6/3/2017 11:00,15,5,10
6/3/2017 12:00,10,6,4
6/3/2017 13:00,13,8,5
6/3/2017 14:00,15,8,7
6/3/2017 15:00,22,13,9
6/3/2017 16:00,8,2,6
6/3/2017 17:00,9,9,0
6/3/2017 18:00,8,4,4
6/3/2017 19:00,6,4,2
6/3/2017 20:00,3,2,1
6/3/2017 21:00,5,2,3
6/3/2017 22:00,0,0,0
6/3/2017 23:00,0,0,0
6/4/2017 0:00,0,0,0
6/4/2017 1:00,0,0,0
6/4/2017 2:00,0,0,0
6/4/2017 3:00,0,0,0
6/4/2017 4:00,0,0,0
6/4/2017 5:00,1,1,0
6/4/2017 6:00,2,2,0
6/4/2017 7:00,1,0,1
6/4/2017 8:00,8,6,2
6/4/2017 9:00,11,8,3
6/4/2017 10:00,20,14,6
6/4/2017 11:00,15,9,6
6/4/2017 12:00,15,10,5
6/4/2017 13:00,18,11,7
6/4/2017 14:00,19,13,6
6/4/2017 15:00,23,12,11
6/4/2017 16:00,13,6,7
6/4/2017 17:00,13,5,8
6/4/2017 18:00,8,5,3
6/4/2017 19:00,2,2,0
6/4/2017 20:00,3,1,2
6/4/2017 21:00,0,0,0
6/4/2017 22:00,0,0,0
6/4/2017 23:00,0,0,0
6/5/2017 0:00,1,1,0
6/5/2017 1:00,1,1,0
6/5/2017 2:00,0,0,0
6/5/2017 3:00,0,0,0
6/5/2017 4:00,1,0,1
6/5/2017 5:00,3,2,1
6/5/2017 6:00,9,5,4
6/5/2017 7:00,5,4,1
6/5/2017 8:00,8,3,5
6/5/2017 9:00,3,2,1
6/5/2017 10:00,7,3,4
6/5/2017 11:00,4,3,1
6/5/2017 12:00,9,6,3
6/5/2017 13:00,13,7,6
6/5/2017 14:00,11,7,4
6/5/2017 15:00,15,6,9
6/5/2017 16:00,18,8,10
6/5/2017 17:00,21,15,6
6/5/2017 18:00,15,11,4
6/5/2017 19:00,6,2,4
6/5/2017 20:00,5,0,5
6/5/2017 21:00,2,0,2
6/5/2017 22:00,1,0,1
6/5/2017 23:00,0,0,0
6/6/2017 0:00,2,0,2
6/6/2017 1:00,0,0,0
6/6/2017 2:00,0,0,0
6/6/2017 3:00,0,0,0
6/6/2017 4:00,0,0,0
6/6/2017 5:00,2,1,1
6/6/2017 6:00,8,4,4
6/6/2017 7:00,10,7,3
6/6/2017 8:00,9,5,4
6/6/2017 9:00,10,8,2
6/6/2017 10:00,6,1,5
6/6/2017 11:00,8,8,0
6/6/2017 12:00,8,1,7
6/6/2017 13:00,10,5,5
6/6/2017 14:00,11,4,7
6/6/2017 15:00,12,3,9
6/6/2017 16:00,24,10,14
6/6/2017 17:00,22,12,10
6/6/2017 18:00,11,5,6
6/6/2017 19:00,17,6,11
6/6/2017 20:00,6,3,3
6/6/2017 21:00,3,0,3
6/6/2017 22:00,0,0,0
6/6/2017 23:00,2,0,2
6/7/2017 0:00,1,0,1
6/7/2017 1:00,0,0,0
6/7/2017 2:00,0,0,0
6/7/2017 3:00,0,0,0
6/7/2017 4:00,1,1,0
6/7/2017 5:00,4,3,1
6/7/2017 6:00,10,4,6
6/7/2017 7:00,11,6,5
6/7/2017 8:00,10,5,5
6/7/2017 9:00,7,4,3
6/7/2017 10:00,14,9,5
6/7/2017 11:00,9,6,3
6/7/2017 12:00,11,6,5
6/7/2017 13:00,14,10,4
6/7/2017 14:00,12,8,4
6/7/2017 15:00,22,13,9
6/7/2017 16:00,15,5,10
6/7/2017 17:00,16,10,6
6/7/2017 18:00,33,10,23
6/7/2017 19:00,6,3,3
6/7/2017 20:00,5,2,3
6/7/2017 21:00,5,1,4
6/7/2017 22:00,0,0,0
6/7/2017 23:00,1,0,1
6/8/2017 0:00,0,0,0
6/8/2017 1:00,0,0,0
6/8/2017 2:00,0,0,0
6/8/2017 3:00,0,0,0
6/8/2017 4:00,0,0,0
6/8/2017 5:00,2,1,1
6/8/2017 6:00,3,1,2
6/8/2017 7:00,2,1,1
6/8/2017 8:00,6,6,0
6/8/2017 9:00,3,2,1
6/8/2017 10:00,5,5,0
6/8/2017 11:00,7,5,2
6/8/2017 12:00,8,4,4
6/8/2017 13:00,8,5,3
6/8/2017 14:00,6,5,1
6/8/2017 15:00,7,2,5
6/8/2017 16:00,16,10,6
6/8/2017 17:00,25,18,7
6/8/2017 18:00,9,8,1
6/8/2017 19:00,4,4,0
6/8/2017 20:00,4,3,1
6/8/2017 21:00,2,1,1
6/8/2017 22:00,1,0,1
6/8/2017 23:00,0,0,0
6/9/2017 0:00,0,0,0
6/9/2017 1:00,0,0,0
6/9/2017 2:00,0,0,0
6/9/2017 3:00,2,2,0
6/9/2017 4:00,1,1,0
6/9/2017 5:00,5,4,1
6/9/2017 6:00,8,3,5
6/9/2017 7:00,8,2,6
6/9/2017 8:00,4,3,1
6/9/2017 9:00,6,6,0
6/9/2017 10:00,7,4,3
6/9/2017 11:00,11,7,4
6/9/2017 12:00,9,5,4
6/9/2017 13:00,10,5,5
6/9/2017 14:00,6,3,3
6/9/2017 15:00,19,12,7
6/9/2017 16:00,21,12,9
6/9/2017 17:00,14,8,6
6/9/2017 18:00,10,6,4
6/9/2017 19:00,12,7,5
6/9/2017 20:00,4,4,0
6/9/2017 21:00,0,0,0
6/9/2017 22:00,4,2,2
6/9/2017 23:00,0,0,0
6/10/2017 0:00,0,0,0
6/10/2017 1:00,0,0,0
6/10/2017 2:00,0,0,0
6/10/2017 3:00,2,1,1
6/10/2017 4:00,0,0,0
6/10/2017 5:00,0,0,0
6/10/2017 6:00,4,3,1
6/10/2017 7:00,10,8,2
6/10/2017 8:00,13,8,5
6/10/2017 9:00,19,16,3
6/10/2017 10:00,19,9,10
6/10/2017 11:00,17,9,8
6/10/2017 12:00,23,17,6
6/10/2017 13:00,20,8,12
6/10/2017 14:00,24,19,5
6/10/2017 15:00,14,7,7
6/10/2017 16:00,18,17,1
6/10/2017 17:00,16,12,4
6/10/2017 18:00,14,7,7
6/10/2017 19:00,14,7,7
6/10/2017 20:00,4,3,1
6/10/2017 21:00,11,6,5
6/10/2017 22:00,1,0,1
6/10/2017 23:00,0,0,0
6/11/2017 0:00,0,0,0
6/11/2017 1:00,0,0,0
6/11/2017 2:00,1,1,0
6/11/2017 3:00,0,0,0
6/11/2017 4:00,1,1,0
6/11/2017 5:00,0,0,0
6/11/2017 6:00,3,3,0
6/11/2017 7:00,2,1,1
6/11/2017 8:00,9,4,5
6/11/2017 9:00,17,13,4
6/11/2017 10:00,20,15,5
6/11/2017 11:00,25,17,8
6/11/2017 12:00,34,25,9
6/11/2017 13:00,23,12,11
6/11/2017 14:00,19,11,8
6/11/2017 15:00,22,15,7
6/11/2017 16:00,21,8,13
6/11/2017 17:00,14,8,6
6/11/2017 18:00,10,4,6
6/11/2017 19:00,5,4,1
6/11/2017 20:00,8,6,2
6/11/2017 21:00,1,1,0
6/11/2017 22:00,2,2,0
6/11/2017 23:00,1,0,1
6/12/2017 0:00,0,0,0
6/12/2017 1:00,0,0,0
6/12/2017 2:00,0,0,0
6/12/2017 3:00,1,0,1
6/12/2017 4:00,1,1,0
6/12/2017 5:00,5,3,2
6/12/2017 6:00,8,4,4
6/12/2017 7:00,5,4,1
6/12/2017 8:00,14,12,2
6/12/2017 9:00,6,4,2
6/12/2017 10:00,5,4,1
6/12/2017 11:00,4,4,0
6/12/2017 12:00,9,8,1
6/12/2017 13:00,16,7,9
6/12/2017 14:00,10,5,5
6/12/2017 15:00,8,5,3
6/12/2017 16:00,17,8,9
6/12/2017 17:00,15,10,5
6/12/2017 18:00,10,5,5
6/12/2017 19:00,3,2,1
6/12/2017 20:00,2,1,1
6/12/2017 21:00,1,0,1
6/12/2017 22:00,1,0,1
6/12/2017 23:00,2,1,1
6/13/2017 0:00,0,0,0
6/13/2017 1:00,0,0,0
6/13/2017 2:00,1,0,1
6/13/2017 3:00,1,1,0
6/13/2017 4:00,1,1,0
6/13/2017 5:00,5,2,3
6/13/2017 6:00,11,4,7
6/13/2017 7:00,5,3,2
6/13/2017 8:00,8,7,1
6/13/2017 9:00,5,3,2
6/13/2017 10:00,7,5,2
6/13/2017 11:00,6,4,2
6/13/2017 12:00,5,3,2
6/13/2017 13:00,6,2,4
6/13/2017 14:00,8,3,5
6/13/2017 15:00,13,9,4
6/13/2017 16:00,18,8,10
6/13/2017 17:00,14,9,5
6/13/2017 18:00,13,7,6
6/13/2017 19:00,7,4,3
6/13/2017 20:00,4,2,2
6/13/2017 21:00,0,0,0
6/13/2017 22:00,0,0,0
6/13/2017 23:00,1,0,1
6/14/2017 0:00,1,0,1
6/14/2017 1:00,1,0,1
6/14/2017 2:00,0,0,0
6/14/2017 3:00,0,0,0
6/14/2017 4:00,1,1,0
6/14/2017 5:00,1,1,0
6/14/2017 6:00,5,2,3
6/14/2017 7:00,9,7,2
6/14/2017 8:00,9,6,3
6/14/2017 9:00,2,2,0
6/14/2017 10:00,9,6,3
6/14/2017 11:00,5,4,1
6/14/2017 12:00,10,4,6
6/14/2017 13:00,3,1,2
6/14/2017 14:00,7,3,4
6/14/2017 15:00,8,4,4
6/14/2017 16:00,16,9,7
6/14/2017 17:00,18,12,6
6/14/2017 18:00,10,4,6
6/14/2017 19:00,9,6,3
6/14/2017 20:00,1,1,0
6/14/2017 21:00,4,1,3
6/14/2017 22:00,1,0,1
6/14/2017 23:00,1,0,1
6/15/2017 0:00,1,1,0
6/15/2017 1:00,1,0,1
6/15/2017 2:00,0,0,0
6/15/2017 3:00,0,0,0
6/15/2017 4:00,1,1,0
6/15/2017 5:00,3,2,1
6/15/2017 6:00,7,3,4
6/15/2017 7:00,8,4,4
6/15/2017 8:00,2,2,0
6/15/2017 9:00,5,5,0
6/15/2017 10:00,6,5,1
6/15/2017 11:00,7,6,1
6/15/2017 12:00,5,5,0
6/15/2017 13:00,7,5,2
6/15/2017 14:00,4,2,2
6/15/2017 15:00,11,10,1
6/15/2017 16:00,8,5,3
6/15/2017 17:00,7,5,2
6/15/2017 18:00,5,1,4
6/15/2017 19:00,4,3,1
6/15/2017 20:00,2,0,2
6/15/2017 21:00,0,0,0
6/15/2017 22:00,0,0,0
6/15/2017 23:00,1,1,0
6/16/2017 0:00,0,0,0
6/16/2017 1:00,0,0,0
6/16/2017 2:00,0,0,0
6/16/2017 3:00,1,1,0
6/16/2017 4:00,0,0,0
6/16/2017 5:00,4,2,2
6/16/2017 6:00,4,3,1
6/16/2017 7:00,7,4,3
6/16/2017 8:00,9,7,2
6/16/2017 9:00,11,7,4
6/16/2017 10:00,10,8,2
6/16/2017 11:00,4,3,1
6/16/2017 12:00,4,4,0
6/16/2017 13:00,6,3,3
6/16/2017 14:00,12,6,6
6/16/2017 15:00,20,13,7
6/16/2017 16:00,24,17,7
6/16/2017 17:00,13,10,3
6/16/2017 18:00,9,7,2
6/16/2017 19:00,8,4,4
6/16/2017 20:00,4,2,2
6/16/2017 21:00,2,1,1
6/16/2017 22:00,2,1,1
6/16/2017 23:00,2,1,1
6/17/2017 0:00,0,0,0
6/17/2017 1:00,0,0,0
6/17/2017 2:00,0,0,0
6/17/2017 3:00,2,1,1
6/17/2017 4:00,0,0,0
6/17/2017 5:00,1,0,1
6/17/2017 6:00,3,3,0
6/17/2017 7:00,7,6,1
6/17/2017 8:00,9,5,4
6/17/2017 9:00,17,10,7
6/17/2017 10:00,25,10,15
6/17/2017 11:00,13,9,4
6/17/2017 12:00,23,11,12
6/17/2017 13:00,12,4,8
6/17/2017 14:00,28,16,12
6/17/2017 15:00,10,8,2
6/17/2017 16:00,11,4,7
6/17/2017 17:00,4,2,2
6/17/2017 18:00,4,2,2
6/17/2017 19:00,1,1,0
6/17/2017 20:00,2,1,1
6/17/2017 21:00,2,1,1
6/17/2017 22:00,0,0,0
6/17/2017 23:00,2,1,1
6/18/2017 0:00,2,1,1
6/18/2017 1:00,0,0,0
6/18/2017 2:00,0,0,0
6/18/2017 3:00,3,1,2
6/18/2017 4:00,0,0,0
6/18/2017 5:00,0,0,0
6/18/2017 6:00,2,0,2
6/18/2017 7:00,2,2,0
6/18/2017 8:00,8,4,4
6/18/2017 9:00,6,2,4
6/18/2017 10:00,15,10,5
6/18/2017 11:00,10,7,3
6/18/2017 12:00,18,14,4
6/18/2017 13:00,20,12,8
6/18/2017 14:00,20,9,11
6/18/2017 15:00,16,8,8
6/18/2017 16:00,17,9,8
6/18/2017 17:00,5,2,3
6/18/2017 18:00,7,7,0
6/18/2017 19:00,5,2,3
6/18/2017 20:00,0,0,0
6/18/2017 21:00,4,4,0
6/18/2017 22:00,1,1,0
6/18/2017 23:00,0,0,0
6/19/2017 0:00,1,0,1
6/19/2017 1:00,0,0,0
6/19/2017 2:00,0,0,0
6/19/2017 3:00,0,0,0
6/19/2017 4:00,3,2,1
6/19/2017 5:00,5,4,1
6/19/2017 6:00,9,4,5
6/19/2017 7:00,9,6,3
6/19/2017 8:00,9,5,4
6/19/2017 9:00,9,7,2
6/19/2017 10:00,4,1,3
6/19/2017 11:00,5,4,1
6/19/2017 12:00,14,11,3
6/19/2017 13:00,10,7,3
6/19/2017 14:00,11,9,2
6/19/2017 15:00,17,10,7
6/19/2017 16:00,25,14,11
6/19/2017 17:00,20,10,10
6/19/2017 18:00,17,14,3
6/19/2017 19:00,7,3,4
6/19/2017 20:00,10,1,9
6/19/2017 21:00,2,0,2
6/19/2017 22:00,2,0,2
6/19/2017 23:00,3,3,0
6/20/2017 0:00,0,0,0
6/20/2017 1:00,0,0,0
6/20/2017 2:00,1,0,1
6/20/2017 3:00,0,0,0
6/20/2017 4:00,0,0,0
6/20/2017 5:00,4,3,1
6/20/2017 6:00,5,1,4
6/20/2017 7:00,8,6,2
6/20/2017 8:00,8,6,2
6/20/2017 9:00,6,5,1
6/20/2017 10:00,9,8,1
6/20/2017 11:00,2,0,2
6/20/2017 12:00,11,4,7
6/20/2017 13:00,9,5,4
6/20/2017 14:00,6,2,4
6/20/2017 15:00,11,6,5
6/20/2017 16:00,16,10,6
6/20/2017 17:00,15,9,6
6/20/2017 18:00,16,13,3
6/20/2017 19:00,3,2,1
6/20/2017 20:00,6,3,3
6/20/2017 21:00,2,1,1
6/20/2017 22:00,2,1,1
6/20/2017 23:00,0,0,0
6/21/2017 0:00,0,0,0
6/21/2017 1:00,0,0,0
6/21/2017 2:00,0,0,0
6/21/2017 3:00,0,0,0
6/21/2017 4:00,0,0,0
6/21/2017 5:00,2,2,0
6/21/2017 6:00,9,4,5
6/21/2017 7:00,8,5,3
6/21/2017 8:00,5,5,0
6/21/2017 9:00,10,7,3
6/21/2017 10:00,10,7,3
6/21/2017 11:00,14,10,4
6/21/2017 12:00,13,5,8
6/21/2017 13:00,14,9,5
6/21/2017 14:00,17,9,8
6/21/2017 15:00,22,14,8
6/21/2017 16:00,16,11,5
6/21/2017 17:00,17,11,6
6/21/2017 18:00,19,12,7
6/21/2017 19:00,12,8,4
6/21/2017 20:00,10,7,3
6/21/2017 21:00,5,1,4
6/21/2017 22:00,0,0,0
6/21/2017 23:00,1,1,0
6/22/2017 0:00,1,1,0
6/22/2017 1:00,0,0,0
6/22/2017 2:00,0,0,0
6/22/2017 3:00,0,0,0
6/22/2017 4:00,1,0,1
6/22/2017 5:00,2,0,2
6/22/2017 6:00,5,2,3
6/22/2017 7:00,9,3,6
6/22/2017 8:00,10,9,1
6/22/2017 9:00,10,7,3
6/22/2017 10:00,5,4,1
6/22/2017 11:00,8,7,1
6/22/2017 12:00,11,7,4
6/22/2017 13:00,11,6,5
6/22/2017 14:00,9,7,2
6/22/2017 15:00,13,7,6
6/22/2017 16:00,16,7,9
6/22/2017 17:00,14,6,8
6/22/2017 18:00,9,6,3
6/22/2017 19:00,6,5,1
6/22/2017 20:00,7,2,5
6/22/2017 21:00,2,2,0
6/22/2017 22:00,3,2,1
6/22/2017 23:00,0,0,0
6/23/2017 0:00,0,0,0
6/23/2017 1:00,0,0,0
6/23/2017 2:00,1,0,1
6/23/2017 3:00,1,1,0
6/23/2017 4:00,0,0,0
6/23/2017 5:00,4,2,2
6/23/2017 6:00,6,5,1
6/23/2017 7:00,13,5,8
6/23/2017 8:00,8,6,2
6/23/2017 9:00,8,8,0
6/23/2017 10:00,9,5,4
6/23/2017 11:00,7,5,2
6/23/2017 12:00,9,3,6
6/23/2017 13:00,19,8,11
6/23/2017 14:00,16,6,10
6/23/2017 15:00,18,10,8
6/23/2017 16:00,12,7,5
6/23/2017 17:00,13,11,2
6/23/2017 18:00,11,6,5
6/23/2017 19:00,12,8,4
6/23/2017 20:00,11,5,6
6/23/2017 21:00,4,2,2
6/23/2017 22:00,5,0,5
6/23/2017 23:00,1,0,1
6/24/2017 0:00,1,1,0
6/24/2017 1:00,0,0,0
6/24/2017 2:00,1,0,1
6/24/2017 3:00,0,0,0
6/24/2017 4:00,0,0,0
6/24/2017 5:00,0,0,0
6/24/2017 6:00,1,1,0
6/24/2017 7:00,6,4,2
6/24/2017 8:00,18,12,6
6/24/2017 9:00,13,8,5
6/24/2017 10:00,23,11,12
6/24/2017 11:00,11,7,4
6/24/2017 12:00,20,13,7
6/24/2017 13:00,22,12,10
6/24/2017 14:00,17,14,3
6/24/2017 15:00,7,4,3
6/24/2017 16:00,8,4,4
6/24/2017 17:00,14,5,9
6/24/2017 18:00,10,6,4
6/24/2017 19:00,7,4,3
6/24/2017 20:00,6,2,4
6/24/2017 21:00,9,4,5
6/24/2017 22:00,1,0,1
6/24/2017 23:00,1,1,0
6/25/2017 0:00,0,0,0
6/25/2017 1:00,0,0,0
6/25/2017 2:00,0,0,0
6/25/2017 3:00,1,0,1
6/25/2017 4:00,0,0,0
6/25/2017 5:00,2,2,0
6/25/2017 6:00,2,1,1
6/25/2017 7:00,8,2,6
6/25/2017 8:00,10,6,4
6/25/2017 9:00,11,7,4
6/25/2017 10:00,20,10,10
6/25/2017 11:00,10,7,3
6/25/2017 12:00,11,3,8
6/25/2017 13:00,20,12,8
6/25/2017 14:00,15,6,9
6/25/2017 15:00,17,7,10
6/25/2017 16:00,8,6,2
6/25/2017 17:00,6,1,5
6/25/2017 18:00,4,1,3
6/25/2017 19:00,6,5,1
6/25/2017 20:00,8,1,7
6/25/2017 21:00,0,0,0
6/25/2017 22:00,1,0,1
6/25/2017 23:00,0,0,0
6/26/2017 0:00,1,1,0
6/26/2017 1:00,0,0,0
6/26/2017 2:00,1,0,1
6/26/2017 3:00,2,1,1
6/26/2017 4:00,0,0,0
6/26/2017 5:00,3,1,2
6/26/2017 6:00,11,5,6
6/26/2017 7:00,4,2,2
6/26/2017 8:00,15,11,4
6/26/2017 9:00,11,4,7
6/26/2017 10:00,4,4,0
6/26/2017 11:00,10,4,6
6/26/2017 12:00,10,4,6
6/26/2017 13:00,8,5,3
6/26/2017 14:00,8,5,3
6/26/2017 15:00,19,10,9
6/26/2017 16:00,16,12,4
6/26/2017 17:00,18,11,7
6/26/2017 18:00,7,5,2
6/26/2017 19:00,7,1,6
6/26/2017 20:00,4,1,3
6/26/2017 21:00,4,1,3
6/26/2017 22:00,1,0,1
6/26/2017 23:00,1,1,0
6/27/2017 0:00,0,0,0
6/27/2017 1:00,0,0,0
6/27/2017 2:00,0,0,0
6/27/2017 3:00,0,0,0
6/27/2017 4:00,1,0,1
6/27/2017 5:00,1,0,1
6/27/2017 6:00,9,2,7
6/27/2017 7:00,8,6,2
6/27/2017 8:00,9,4,5
6/27/2017 9:00,10,8,2
6/27/2017 10:00,7,4,3
6/27/2017 11:00,8,6,2
6/27/2017 12:00,8,5,3
6/27/2017 13:00,9,2,7
6/27/2017 14:00,13,5,8
6/27/2017 15:00,16,8,8
6/27/2017 16:00,17,9,8
6/27/2017 17:00,12,9,3
6/27/2017 18:00,20,10,10
6/27/2017 19:00,9,4,5
6/27/2017 20:00,11,3,8
6/27/2017 21:00,6,2,4
6/27/2017 22:00,1,0,1
6/27/2017 23:00,1,1,0
6/28/2017 0:00,0,0,0
6/28/2017 1:00,0,0,0
6/28/2017 2:00,1,1,0
6/28/2017 3:00,0,0,0
6/28/2017 4:00,0,0,0
6/28/2017 5:00,1,0,1
6/28/2017 6:00,12,7,5
6/28/2017 7:00,4,1,3
6/28/2017 8:00,9,3,6
6/28/2017 9:00,5,2,3
6/28/2017 10:00,4,2,2
6/28/2017 11:00,5,4,1
6/28/2017 12:00,2,0,2
6/28/2017 13:00,9,7,2
6/28/2017 14:00,13,6,7
6/28/2017 15:00,8,6,2
6/28/2017 16:00,16,10,6
6/28/2017 17:00,18,10,8
6/28/2017 18:00,7,3,4
6/28/2017 19:00,7,4,3
6/28/2017 20:00,10,5,5
6/28/2017 21:00,4,0,4
6/28/2017 22:00,0,0,0
6/28/2017 23:00,0,0,0
6/29/2017 0:00,0,0,0
6/29/2017 1:00,0,0,0
6/29/2017 2:00,1,1,0
6/29/2017 3:00,0,0,0
6/29/2017 4:00,3,2,1
6/29/2017 5:00,4,2,2
6/29/2017 6:00,6,1,5
6/29/2017 7:00,12,8,4
6/29/2017 8:00,15,15,0
6/29/2017 9:00,13,8,5
6/29/2017 10:00,13,8,5
6/29/2017 11:00,12,9,3
6/29/2017 12:00,14,9,5
6/29/2017 13:00,12,9,3
6/29/2017 14:00,10,6,4
6/29/2017 15:00,12,7,5
6/29/2017 16:00,19,11,8
6/29/2017 17:00,25,11,14
6/29/2017 18:00,19,11,8
6/29/2017 19:00,10,4,6
6/29/2017 20:00,8,2,6
6/29/2017 21:00,5,2,3
6/29/2017 22:00,2,2,0
6/29/2017 23:00,1,1,0
6/30/2017 0:00,0,0,0
6/30/2017 1:00,1,1,0
6/30/2017 2:00,0,0,0
6/30/2017 3:00,0,0,0
6/30/2017 4:00,1,1,0
6/30/2017 5:00,4,1,3
6/30/2017 6:00,8,5,3
6/30/2017 7:00,12,6,6
6/30/2017 8:00,5,2,3
6/30/2017 9:00,7,5,2
6/30/2017 10:00,13,10,3
6/30/2017 11:00,18,13,5
6/30/2017 12:00,4,2,2
6/30/2017 13:00,6,4,2
6/30/2017 14:00,11,6,5
6/30/2017 15:00,16,9,7
6/30/2017 16:00,14,3,11
6/30/2017 17:00,13,4,9
6/30/2017 18:00,12,9,3
6/30/2017 19:00,12,7,5
6/30/2017 20:00,8,5,3
6/30/2017 21:00,3,2,1
6/30/2017 22:00,6,2,4
6/30/2017 23:00,2,0,2
7/1/2017 0:00,1,1,0
7/1/2017 1:00,0,0,0
7/1/2017 2:00,0,0,0
7/1/2017 3:00,0,0,0
7/1/2017 4:00,1,0,1
7/1/2017 5:00,0,0,0
7/1/2017 6:00,5,4,1
7/1/2017 7:00,5,2,3
7/1/2017 8:00,7,3,4
7/1/2017 9:00,12,9,3
7/1/2017 10:00,14,9,5
7/1/2017 11:00,18,11,7
7/1/2017 12:00,14,9,5
7/1/2017 13:00,15,10,5
7/1/2017 14:00,16,6,10
7/1/2017 15:00,17,10,7
7/1/2017 16:00,15,9,6
7/1/2017 17:00,15,4,11
7/1/2017 18:00,6,3,3
7/1/2017 19:00,15,2,13
7/1/2017 20:00,6,4,2
7/1/2017 21:00,1,0,1
7/1/2017 22:00,3,2,1
7/1/2017 23:00,0,0,0
7/2/2017 0:00,2,2,0
7/2/2017 1:00,0,0,0
7/2/2017 2:00,0,0,0
7/2/2017 3:00,0,0,0
7/2/2017 4:00,0,0,0
7/2/2017 5:00,0,0,0
7/2/2017 6:00,1,0,1
7/2/2017 7:00,5,2,3
7/2/2017 8:00,8,3,5
7/2/2017 9:00,13,7,6
7/2/2017 10:00,12,9,3
7/2/2017 11:00,15,11,4
7/2/2017 12:00,21,12,9
7/2/2017 13:00,20,7,13
7/2/2017 14:00,29,13,16
7/2/2017 15:00,10,5,5
7/2/2017 16:00,16,5,11
7/2/2017 17:00,13,7,6
7/2/2017 18:00,8,4,4
7/2/2017 19:00,12,5,7
7/2/2017 20:00,5,3,2
7/2/2017 21:00,6,3,3
7/2/2017 22:00,1,1,0
7/2/2017 23:00,2,1,1
7/3/2017 0:00,1,1,0
7/3/2017 1:00,0,0,0
7/3/2017 2:00,0,0,0
7/3/2017 3:00,0,0,0
7/3/2017 4:00,1,1,0
7/3/2017 5:00,0,0,0
7/3/2017 6:00,6,4,2
7/3/2017 7:00,6,4,2
7/3/2017 8:00,9,4,5
7/3/2017 9:00,14,10,4
7/3/2017 10:00,0,0,0
7/3/2017 11:00,19,14,5
7/3/2017 12:00,9,7,2
7/3/2017 13:00,17,9,8
7/3/2017 14:00,12,5,7
7/3/2017 15:00,22,10,12
7/3/2017 16:00,19,13,6
7/3/2017 17:00,30,11,19
7/3/2017 18:00,10,2,8
7/3/2017 19:00,11,5,6
7/3/2017 20:00,7,3,4
7/3/2017 21:00,9,5,4
7/3/2017 22:00,6,1,5
7/3/2017 23:00,5,2,3
7/4/2017 0:00,0,0,0
7/4/2017 1:00,1,1,0
7/4/2017 2:00,0,0,0
7/4/2017 3:00,1,0,1
7/4/2017 4:00,0,0,0
7/4/2017 5:00,0,0,0
7/4/2017 6:00,0,0,0
7/4/2017 7:00,4,1,3
7/4/2017 8:00,13,5,8
7/4/2017 9:00,12,9,3
7/4/2017 10:00,18,11,7
7/4/2017 11:00,34,13,21
7/4/2017 12:00,18,7,11
7/4/2017 13:00,17,7,10
7/4/2017 14:00,10,5,5
7/4/2017 15:00,15,6,9
7/4/2017 16:00,18,8,10
7/4/2017 17:00,14,6,8
7/4/2017 18:00,6,2,4
7/4/2017 19:00,8,4,4
7/4/2017 20:00,8,3,5
7/4/2017 21:00,4,2,2
7/4/2017 22:00,3,0,3
7/4/2017 23:00,9,7,2
7/5/2017 0:00,4,4,0
7/5/2017 1:00,1,0,1
7/5/2017 2:00,0,0,0
7/5/2017 3:00,1,0,1
7/5/2017 4:00,1,0,1
7/5/2017 5:00,0,0,0
7/5/2017 6:00,1,1,0
7/5/2017 7:00,9,4,5
7/5/2017 8:00,8,5,3
7/5/2017 9:00,11,6,5
7/5/2017 10:00,10,7,3
7/5/2017 11:00,6,0,6
7/5/2017 12:00,10,8,2
7/5/2017 13:00,7,2,5
7/5/2017 14:00,6,4,2
7/5/2017 15:00,6,2,4
7/5/2017 16:00,13,4,9
7/5/2017 17:00,20,9,11
7/5/2017 18:00,15,6,9
7/5/2017 19:00,9,7,2
7/5/2017 20:00,14,7,7
7/5/2017 21:00,2,1,1
7/5/2017 22:00,2,1,1
7/5/2017 23:00,1,0,1
7/6/2017 0:00,0,0,0
7/6/2017 1:00,0,0,0
7/6/2017 2:00,0,0,0
7/6/2017 3:00,0,0,0
7/6/2017 4:00,0,0,0
7/6/2017 5:00,0,0,0
7/6/2017 6:00,3,1,2
7/6/2017 7:00,8,4,4
7/6/2017 8:00,13,6,7
7/6/2017 9:00,6,5,1
7/6/2017 10:00,20,12,8
7/6/2017 11:00,10,7,3
7/6/2017 12:00,13,7,6
7/6/2017 13:00,8,1,7
7/6/2017 14:00,6,2,4
7/6/2017 15:00,9,2,7
7/6/2017 16:00,13,6,7
7/6/2017 17:00,10,2,8
7/6/2017 18:00,17,10,7
7/6/2017 19:00,9,2,7
7/6/2017 20:00,4,2,2
7/6/2017 21:00,6,2,4
7/6/2017 22:00,5,2,3
7/6/2017 23:00,0,0,0
7/7/2017 0:00,0,0,0
7/7/2017 1:00,0,0,0
7/7/2017 2:00,0,0,0
7/7/2017 3:00,1,0,1
7/7/2017 4:00,2,2,0
7/7/2017 5:00,1,1,0
7/7/2017 6:00,1,0,1
7/7/2017 7:00,5,1,4
7/7/2017 8:00,11,5,6
7/7/2017 9:00,10,6,4
7/7/2017 10:00,3,1,2
7/7/2017 11:00,5,3,2
7/7/2017 12:00,6,4,2
7/7/2017 13:00,8,2,6
7/7/2017 14:00,8,4,4
7/7/2017 15:00,12,5,7
7/7/2017 16:00,8,6,2
7/7/2017 17:00,26,10,16
7/7/2017 18:00,18,14,4
7/7/2017 19:00,9,5,4
7/7/2017 20:00,15,7,8
7/7/2017 21:00,7,1,6
7/7/2017 22:00,6,5,1
7/7/2017 23:00,10,9,1
7/8/2017 0:00,10,7,3
7/8/2017 1:00,1,0,1
7/8/2017 2:00,0,0,0
7/8/2017 3:00,0,0,0
7/8/2017 4:00,0,0,0
7/8/2017 5:00,0,0,0
7/8/2017 6:00,2,1,1
7/8/2017 7:00,5,4,1
7/8/2017 8:00,11,9,2
7/8/2017 9:00,19,10,9
7/8/2017 10:00,35,20,15
7/8/2017 11:00,24,18,6
7/8/2017 12:00,27,19,8
7/8/2017 13:00,32,19,13
7/8/2017 14:00,14,10,4
7/8/2017 15:00,41,19,22
7/8/2017 16:00,19,10,9
7/8/2017 17:00,33,23,10
7/8/2017 18:00,20,11,9
7/8/2017 19:00,16,6,10
7/8/2017 20:00,13,7,6
7/8/2017 21:00,5,3,2
7/8/2017 22:00,4,2,2
7/8/2017 23:00,1,0,1
7/9/2017 0:00,3,1,2
7/9/2017 1:00,1,0,1
7/9/2017 2:00,1,1,0
7/9/2017 3:00,2,1,1
7/9/2017 4:00,1,1,0
7/9/2017 5:00,0,0,0
7/9/2017 6:00,0,0,0
7/9/2017 7:00,4,2,2
7/9/2017 8:00,5,3,2
7/9/2017 9:00,17,13,4
7/9/2017 10:00,31,20,11
7/9/2017 11:00,29,14,15
7/9/2017 12:00,19,10,9
7/9/2017 13:00,25,18,7
7/9/2017 14:00,37,23,14
7/9/2017 15:00,26,17,9
7/9/2017 16:00,19,8,11
7/9/2017 17:00,20,10,10
7/9/2017 18:00,20,10,10
7/9/2017 19:00,17,9,8
7/9/2017 20:00,9,8,1
7/9/2017 21:00,8,6,2
7/9/2017 22:00,3,3,0
7/9/2017 23:00,3,3,0
7/10/2017 0:00,2,1,1
7/10/2017 1:00,0,0,0
7/10/2017 2:00,0,0,0
7/10/2017 3:00,0,0,0
7/10/2017 4:00,1,1,0
7/10/2017 5:00,1,1,0
7/10/2017 6:00,4,2,2
7/10/2017 7:00,9,3,6
7/10/2017 8:00,15,8,7
7/10/2017 9:00,9,5,4
7/10/2017 10:00,14,12,2
7/10/2017 11:00,8,7,1
7/10/2017 12:00,12,8,4
7/10/2017 13:00,5,1,4
7/10/2017 14:00,9,2,7
7/10/2017 15:00,6,4,2
7/10/2017 16:00,11,6,5
7/10/2017 17:00,19,8,11
7/10/2017 18:00,19,9,10
7/10/2017 19:00,13,9,4
7/10/2017 20:00,11,5,6
7/10/2017 21:00,8,3,5
7/10/2017 22:00,1,1,0
7/10/2017 23:00,0,0,0
7/11/2017 0:00,0,0,0
7/11/2017 1:00,0,0,0
7/11/2017 2:00,0,0,0
7/11/2017 3:00,0,0,0
7/11/2017 4:00,0,0,0
7/11/2017 5:00,1,1,0
7/11/2017 6:00,6,5,1
7/11/2017 7:00,10,5,5
7/11/2017 8:00,12,7,5
7/11/2017 9:00,6,3,3
7/11/2017 10:00,8,6,2
7/11/2017 11:00,9,5,4
7/11/2017 12:00,15,10,5
7/11/2017 13:00,20,12,8
7/11/2017 14:00,9,6,3
7/11/2017 15:00,13,5,8
7/11/2017 16:00,18,7,11
7/11/2017 17:00,20,5,15
7/11/2017 18:00,26,17,9
7/11/2017 19:00,9,5,4
7/11/2017 20:00,10,6,4
7/11/2017 21:00,7,3,4
7/11/2017 22:00,2,0,2
7/11/2017 23:00,0,0,0
7/12/2017 0:00,0,0,0
7/12/2017 1:00,0,0,0
7/12/2017 2:00,0,0,0
7/12/2017 3:00,2,0,2
7/12/2017 4:00,0,0,0
7/12/2017 5:00,0,0,0
7/12/2017 6:00,14,9,5
7/12/2017 7:00,14,7,7
7/12/2017 8:00,9,7,2
7/12/2017 9:00,11,6,5
7/12/2017 10:00,6,4,2
7/12/2017 11:00,9,4,5
7/12/2017 12:00,8,6,2
7/12/2017 13:00,6,5,1
7/12/2017 14:00,12,6,6
7/12/2017 15:00,6,3,3
7/12/2017 16:00,21,11,10
7/12/2017 17:00,23,11,12
7/12/2017 18:00,22,15,7
7/12/2017 19:00,18,11,7
7/12/2017 20:00,14,6,8
7/12/2017 21:00,6,4,2
7/12/2017 22:00,3,3,0
7/12/2017 23:00,2,0,2
7/13/2017 0:00,0,0,0
7/13/2017 1:00,0,0,0
7/13/2017 2:00,0,0,0
7/13/2017 3:00,0,0,0
7/13/2017 4:00,1,1,0
7/13/2017 5:00,0,0,0
7/13/2017 6:00,4,2,2
7/13/2017 7:00,7,3,4
7/13/2017 8:00,9,4,5
7/13/2017 9:00,12,5,7
7/13/2017 10:00,9,7,2
7/13/2017 11:00,10,6,4
7/13/2017 12:00,10,9,1
7/13/2017 13:00,9,4,5
7/13/2017 14:00,4,2,2
7/13/2017 15:00,8,5,3
7/13/2017 16:00,16,9,7
7/13/2017 17:00,27,11,16
7/13/2017 18:00,20,7,13
7/13/2017 19:00,19,12,7
7/13/2017 20:00,14,10,4
7/13/2017 21:00,6,2,4
7/13/2017 22:00,5,4,1
7/13/2017 23:00,0,0,0
7/14/2017 0:00,0,0,0
7/14/2017 1:00,1,0,1
7/14/2017 2:00,0,0,0
7/14/2017 3:00,1,1,0
7/14/2017 4:00,0,0,0
7/14/2017 5:00,0,0,0
7/14/2017 6:00,3,2,1
7/14/2017 7:00,11,4,7
7/14/2017 8:00,9,5,4
7/14/2017 9:00,10,3,7
7/14/2017 10:00,11,7,4
7/14/2017 11:00,9,6,3
7/14/2017 12:00,8,3,5
7/14/2017 13:00,5,3,2
7/14/2017 14:00,8,1,7
7/14/2017 15:00,7,2,5
7/14/2017 16:00,13,6,7
7/14/2017 17:00,20,14,6
7/14/2017 18:00,8,4,4
7/14/2017 19:00,11,4,7
7/14/2017 20:00,9,3,6
7/14/2017 21:00,7,3,4
7/14/2017 22:00,1,1,0
7/14/2017 23:00,1,1,0
7/15/2017 0:00,3,2,1
7/15/2017 1:00,0,0,0
7/15/2017 2:00,1,1,0
7/15/2017 3:00,1,1,0
7/15/2017 4:00,1,0,1
7/15/2017 5:00,1,1,0
7/15/2017 6:00,1,1,0
7/15/2017 7:00,3,2,1
7/15/2017 8:00,4,1,3
7/15/2017 9:00,8,6,2
7/15/2017 10:00,15,10,5
7/15/2017 11:00,15,6,9
7/15/2017 12:00,19,9,10
7/15/2017 13:00,10,1,9
7/15/2017 14:00,29,9,20
7/15/2017 15:00,6,4,2
7/15/2017 16:00,11,5,6
7/15/2017 17:00,9,7,2
7/15/2017 18:00,8,4,4
7/15/2017 19:00,4,1,3
7/15/2017 20:00,13,6,7
7/15/2017 21:00,3,3,0
7/15/2017 22:00,2,1,1
7/15/2017 23:00,1,1,0
7/16/2017 0:00,0,0,0
7/16/2017 1:00,0,0,0
7/16/2017 2:00,0,0,0
7/16/2017 3:00,0,0,0
7/16/2017 4:00,0,0,0
7/16/2017 5:00,0,0,0
7/16/2017 6:00,4,3,1
7/16/2017 7:00,4,2,2
7/16/2017 8:00,6,6,0
7/16/2017 9:00,10,5,5
7/16/2017 10:00,7,3,4
7/16/2017 11:00,10,5,5
7/16/2017 12:00,11,4,7
7/16/2017 13:00,16,7,9
7/16/2017 14:00,17,10,7
7/16/2017 15:00,21,12,9
7/16/2017 16:00,16,10,6
7/16/2017 17:00,14,6,8
7/16/2017 18:00,11,4,7
7/16/2017 19:00,7,4,3
7/16/2017 20:00,13,9,4
7/16/2017 21:00,4,1,3
7/16/2017 22:00,5,2,3
7/16/2017 23:00,1,1,0
7/17/2017 0:00,2,2,0
7/17/2017 1:00,0,0,0
7/17/2017 2:00,0,0,0
7/17/2017 3:00,1,0,1
7/17/2017 4:00,0,0,0
7/17/2017 5:00,0,0,0
7/17/2017 6:00,4,3,1
7/17/2017 7:00,16,7,9
7/17/2017 8:00,8,6,2
7/17/2017 9:00,9,8,1
7/17/2017 10:00,7,4,3
7/17/2017 11:00,11,10,1
7/17/2017 12:00,13,10,3
7/17/2017 13:00,10,2,8
7/17/2017 14:00,13,3,10
7/17/2017 15:00,11,5,6
7/17/2017 16:00,22,12,10
7/17/2017 17:00,17,9,8
7/17/2017 18:00,24,17,7
7/17/2017 19:00,12,6,6
7/17/2017 20:00,12,4,8
7/17/2017 21:00,3,0,3
7/17/2017 22:00,2,1,1
7/17/2017 23:00,1,1,0
7/18/2017 0:00,0,0,0
7/18/2017 1:00,0,0,0
7/18/2017 2:00,2,1,1
7/18/2017 3:00,1,0,1
7/18/2017 4:00,0,0,0
7/18/2017 5:00,3,1,2
7/18/2017 6:00,6,4,2
7/18/2017 7:00,11,4,7
7/18/2017 8:00,12,8,4
7/18/2017 9:00,12,5,7
7/18/2017 10:00,14,6,8
7/18/2017 11:00,13,7,6
7/18/2017 12:00,7,4,3
7/18/2017 13:00,16,6,10
7/18/2017 14:00,7,6,1
7/18/2017 15:00,9,5,4
7/18/2017 16:00,11,4,7
7/18/2017 17:00,19,10,9
7/18/2017 18:00,19,12,7
7/18/2017 19:00,19,14,5
7/18/2017 20:00,12,7,5
7/18/2017 21:00,10,4,6
7/18/2017 22:00,5,3,2
7/18/2017 23:00,4,2,2
7/19/2017 0:00,0,0,0
7/19/2017 1:00,2,1,1
7/19/2017 2:00,2,1,1
7/19/2017 3:00,0,0,0
7/19/2017 4:00,0,0,0
7/19/2017 5:00,2,1,1
7/19/2017 6:00,2,1,1
7/19/2017 7:00,14,5,9
7/19/2017 8:00,12,7,5
7/19/2017 9:00,14,11,3
7/19/2017 10:00,12,5,7
7/19/2017 11:00,12,8,4
7/19/2017 12:00,12,9,3
7/19/2017 13:00,17,5,12
7/19/2017 14:00,14,9,5
7/19/2017 15:00,11,4,7
7/19/2017 16:00,22,11,11
7/19/2017 17:00,15,8,7
7/19/2017 18:00,19,15,4
7/19/2017 19:00,13,9,4
7/19/2017 20:00,11,3,8
7/19/2017 21:00,1,1,0
7/19/2017 22:00,4,3,1
7/19/2017 23:00,2,2,0
7/20/2017 0:00,1,1,0
7/20/2017 1:00,1,1,0
7/20/2017 2:00,0,0,0
7/20/2017 3:00,0,0,0
7/20/2017 4:00,0,0,0
7/20/2017 5:00,1,0,1
7/20/2017 6:00,3,2,1
7/20/2017 7:00,9,3,6
7/20/2017 8:00,8,5,3
7/20/2017 9:00,8,6,2
7/20/2017 10:00,10,10,0
7/20/2017 11:00,7,2,5
7/20/2017 12:00,6,3,3
7/20/2017 13:00,8,2,6
7/20/2017 14:00,7,5,2
7/20/2017 15:00,10,4,6
7/20/2017 16:00,6,4,2
7/20/2017 17:00,11,7,4
7/20/2017 18:00,15,9,6
7/20/2017 19:00,9,4,5
7/20/2017 20:00,11,7,4
7/20/2017 21:00,4,1,3
7/20/2017 22:00,3,3,0
7/20/2017 23:00,3,1,2
7/21/2017 0:00,3,2,1
7/21/2017 1:00,0,0,0
7/21/2017 2:00,0,0,0
7/21/2017 3:00,2,1,1
7/21/2017 4:00,1,0,1
7/21/2017 5:00,0,0,0
7/21/2017 6:00,3,2,1
7/21/2017 7:00,11,4,7
7/21/2017 8:00,12,6,6
7/21/2017 9:00,10,8,2
7/21/2017 10:00,6,3,3
7/21/2017 11:00,11,7,4
7/21/2017 12:00,11,6,5
7/21/2017 13:00,8,2,6
7/21/2017 14:00,10,6,4
7/21/2017 15:00,17,10,7
7/21/2017 16:00,10,3,7
7/21/2017 17:00,16,9,7
7/21/2017 18:00,16,9,7
7/21/2017 19:00,11,5,6
7/21/2017 20:00,7,5,2
7/21/2017 21:00,5,1,4
7/21/2017 22:00,3,2,1
7/21/2017 23:00,2,0,2
7/22/2017 0:00,5,2,3
7/22/2017 1:00,2,2,0
7/22/2017 2:00,0,0,0
7/22/2017 3:00,0,0,0
7/22/2017 4:00,0,0,0
7/22/2017 5:00,1,1,0
7/22/2017 6:00,1,1,0
7/22/2017 7:00,2,1,1
7/22/2017 8:00,10,6,4
7/22/2017 9:00,11,6,5
7/22/2017 10:00,14,10,4
7/22/2017 11:00,17,8,9
7/22/2017 12:00,16,10,6
7/22/2017 13:00,11,4,7
7/22/2017 14:00,14,10,4
7/22/2017 15:00,14,9,5
7/22/2017 16:00,12,6,6
7/22/2017 17:00,15,8,7
7/22/2017 18:00,17,6,11
7/22/2017 19:00,9,2,7
7/22/2017 20:00,5,2,3
7/22/2017 21:00,7,4,3
7/22/2017 22:00,2,2,0
7/22/2017 23:00,5,1,4
7/23/2017 0:00,2,1,1
7/23/2017 1:00,1,0,1
7/23/2017 2:00,2,0,2
7/23/2017 3:00,0,0,0
7/23/2017 4:00,0,0,0
7/23/2017 5:00,0,0,0
7/23/2017 6:00,1,1,0
7/23/2017 7:00,1,0,1
7/23/2017 8:00,2,1,1
7/23/2017 9:00,5,4,1
7/23/2017 10:00,10,6,4
7/23/2017 11:00,9,5,4
7/23/2017 12:00,26,11,15
7/23/2017 13:00,18,7,11
7/23/2017 14:00,16,9,7
7/23/2017 15:00,17,7,10
7/23/2017 16:00,12,7,5
7/23/2017 17:00,8,5,3
7/23/2017 18:00,4,2,2
7/23/2017 19:00,8,6,2
7/23/2017 20:00,4,2,2
7/23/2017 21:00,2,2,0
7/23/2017 22:00,3,2,1
7/23/2017 23:00,4,2,2
7/24/2017 0:00,1,1,0
7/24/2017 1:00,0,0,0
7/24/2017 2:00,0,0,0
7/24/2017 3:00,1,0,1
7/24/2017 4:00,1,0,1
7/24/2017 5:00,1,1,0
7/24/2017 6:00,6,4,2
7/24/2017 7:00,11,5,6
7/24/2017 8:00,18,8,10
7/24/2017 9:00,7,5,2
7/24/2017 10:00,13,8,5
7/24/2017 11:00,8,7,1
7/24/2017 12:00,8,5,3
7/24/2017 13:00,13,8,5
7/24/2017 14:00,11,5,6
7/24/2017 15:00,14,8,6
7/24/2017 16:00,14,6,8
7/24/2017 17:00,26,14,12
7/24/2017 18:00,18,11,7
7/24/2017 19:00,18,12,6
7/24/2017 20:00,15,4,11
7/24/2017 21:00,6,2,4
7/24/2017 22:00,4,2,2
7/24/2017 23:00,1,0,1
7/25/2017 0:00,3,1,2
7/25/2017 1:00,1,1,0
7/25/2017 2:00,0,0,0
7/25/2017 3:00,0,0,0
7/25/2017 4:00,1,1,0
7/25/2017 5:00,1,0,1
7/25/2017 6:00,5,3,2
7/25/2017 7:00,7,3,4
7/25/2017 8:00,9,3,6
7/25/2017 9:00,10,4,6
7/25/2017 10:00,7,5,2
7/25/2017 11:00,12,7,5
7/25/2017 12:00,15,10,5
7/25/2017 13:00,11,3,8
7/25/2017 14:00,6,3,3
7/25/2017 15:00,17,9,8
7/25/2017 16:00,26,16,10
7/25/2017 17:00,19,8,11
7/25/2017 18:00,16,11,5
7/25/2017 19:00,13,6,7
7/25/2017 20:00,6,4,2
7/25/2017 21:00,6,3,3
7/25/2017 22:00,0,0,0
7/25/2017 23:00,4,2,2
7/26/2017 0:00,1,1,0
7/26/2017 1:00,1,0,1
7/26/2017 2:00,0,0,0
7/26/2017 3:00,0,0,0
7/26/2017 4:00,1,0,1
7/26/2017 5:00,1,0,1
7/26/2017 6:00,2,1,1
7/26/2017 7:00,8,3,5
7/26/2017 8:00,13,7,6
7/26/2017 9:00,10,7,3
7/26/2017 10:00,7,5,2
7/26/2017 11:00,19,13,6
7/26/2017 12:00,10,3,7
7/26/2017 13:00,15,9,6
7/26/2017 14:00,11,4,7
7/26/2017 15:00,13,6,7
7/26/2017 16:00,14,4,10
7/26/2017 17:00,19,11,8
7/26/2017 18:00,25,19,6
7/26/2017 19:00,15,6,9
7/26/2017 20:00,14,7,7
7/26/2017 21:00,6,3,3
7/26/2017 22:00,2,0,2
7/26/2017 23:00,1,1,0
7/27/2017 0:00,1,1,0
7/27/2017 1:00,0,0,0
7/27/2017 2:00,0,0,0
7/27/2017 3:00,0,0,0
7/27/2017 4:00,1,1,0
7/27/2017 5:00,1,1,0
7/27/2017 6:00,7,4,3
7/27/2017 7:00,5,2,3
7/27/2017 8:00,12,4,8
7/27/2017 9:00,8,7,1
7/27/2017 10:00,2,0,2
7/27/2017 11:00,13,9,4
7/27/2017 12:00,8,2,6
7/27/2017 13:00,9,5,4
7/27/2017 14:00,12,3,9
7/27/2017 15:00,4,2,2
7/27/2017 16:00,12,6,6
7/27/2017 17:00,20,9,11
7/27/2017 18:00,18,10,8
7/27/2017 19:00,18,8,10
7/27/2017 20:00,9,6,3
7/27/2017 21:00,6,5,1
7/27/2017 22:00,3,2,1
7/27/2017 23:00,1,1,0
7/28/2017 0:00,2,0,2
7/28/2017 1:00,0,0,0
7/28/2017 2:00,0,0,0
7/28/2017 3:00,1,0,1
7/28/2017 4:00,3,1,2
7/28/2017 5:00,2,1,1
7/28/2017 6:00,0,0,0
7/28/2017 7:00,8,2,6
7/28/2017 8:00,14,5,9
7/28/2017 9:00,5,1,4
7/28/2017 10:00,10,8,2
7/28/2017 11:00,16,10,6
7/28/2017 12:00,15,11,4
7/28/2017 13:00,14,7,7
7/28/2017 14:00,12,6,6
7/28/2017 15:00,14,9,5
7/28/2017 16:00,12,8,4
7/28/2017 17:00,19,3,16
7/28/2017 18:00,16,12,4
7/28/2017 19:00,9,3,6
7/28/2017 20:00,6,4,2
7/28/2017 21:00,11,5,6
7/28/2017 22:00,6,4,2
7/28/2017 23:00,1,0,1
7/29/2017 0:00,2,2,0
7/29/2017 1:00,0,0,0
7/29/2017 2:00,0,0,0
7/29/2017 3:00,2,1,1
7/29/2017 4:00,0,0,0
7/29/2017 5:00,1,0,1
7/29/2017 6:00,3,1,2
7/29/2017 7:00,1,1,0
7/29/2017 8:00,7,2,5
7/29/2017 9:00,12,6,6
7/29/2017 10:00,10,6,4
7/29/2017 11:00,23,14,9
7/29/2017 12:00,8,5,3
7/29/2017 13:00,15,8,7
7/29/2017 14:00,13,8,5
7/29/2017 15:00,16,10,6
7/29/2017 16:00,14,8,6
7/29/2017 17:00,11,5,6
7/29/2017 18:00,7,4,3
7/29/2017 19:00,7,0,7
7/29/2017 20:00,2,1,1
7/29/2017 21:00,4,2,2
7/29/2017 22:00,9,5,4
7/29/2017 23:00,2,1,1
7/30/2017 0:00,2,2,0
7/30/2017 1:00,0,0,0
7/30/2017 2:00,1,0,1
7/30/2017 3:00,0,0,0
7/30/2017 4:00,0,0,0
7/30/2017 5:00,0,0,0
7/30/2017 6:00,1,0,1
7/30/2017 7:00,1,0,1
7/30/2017 8:00,7,2,5
7/30/2017 9:00,1,1,0
7/30/2017 10:00,15,8,7
7/30/2017 11:00,27,22,5
7/30/2017 12:00,28,16,12
7/30/2017 13:00,30,17,13
7/30/2017 14:00,25,14,11
7/30/2017 15:00,25,13,12
7/30/2017 16:00,17,8,9
7/30/2017 17:00,16,8,8
7/30/2017 18:00,13,9,4
7/30/2017 19:00,11,6,5
7/30/2017 20:00,9,6,3
7/30/2017 21:00,5,2,3
7/30/2017 22:00,7,4,3
7/30/2017 23:00,1,1,0
7/31/2017 0:00,1,0,1
7/31/2017 1:00,0,0,0
7/31/2017 2:00,0,0,0
7/31/2017 3:00,1,0,1
7/31/2017 4:00,1,0,1
7/31/2017 5:00,1,0,1
7/31/2017 6:00,5,3,2
7/31/2017 7:00,14,5,9
7/31/2017 8:00,16,8,8
7/31/2017 9:00,21,14,7
7/31/2017 10:00,14,7,7
7/31/2017 11:00,5,1,4
7/31/2017 12:00,10,7,3
7/31/2017 13:00,14,10,4
7/31/2017 14:00,11,8,3
7/31/2017 15:00,21,11,10
7/31/2017 16:00,17,7,10
7/31/2017 17:00,24,13,11
7/31/2017 18:00,27,16,11
7/31/2017 19:00,24,17,7
7/31/2017 20:00,16,7,9
7/31/2017 21:00,10,3,7
7/31/2017 22:00,8,5,3
7/31/2017 23:00,3,1,2
8/1/2017 0:00,0,0,0
8/1/2017 1:00,0,0,0
8/1/2017 2:00,0,0,0
8/1/2017 3:00,0,0,0
8/1/2017 4:00,0,0,0
8/1/2017 5:00,1,0,1
8/1/2017 6:00,2,2,0
8/1/2017 7:00,21,10,11
8/1/2017 8:00,20,11,9
8/1/2017 9:00,13,9,4
8/1/2017 10:00,15,9,6
8/1/2017 11:00,13,9,4
8/1/2017 12:00,18,12,6
8/1/2017 13:00,12,7,5
8/1/2017 14:00,14,6,8
8/1/2017 15:00,21,14,7
8/1/2017 16:00,20,16,4
8/1/2017 17:00,27,17,10
8/1/2017 18:00,40,25,15
8/1/2017 19:00,32,18,14
8/1/2017 20:00,17,5,12
8/1/2017 21:00,11,2,9
8/1/2017 22:00,6,3,3
8/1/2017 23:00,0,0,0
8/2/2017 0:00,0,0,0
8/2/2017 1:00,1,0,1
8/2/2017 2:00,0,0,0
8/2/2017 3:00,1,0,1
8/2/2017 4:00,0,0,0
8/2/2017 5:00,1,1,0
8/2/2017 6:00,4,3,1
8/2/2017 7:00,14,4,10
8/2/2017 8:00,14,8,6
8/2/2017 9:00,8,4,4
8/2/2017 10:00,16,12,4
8/2/2017 11:00,4,2,2
8/2/2017 12:00,11,6,5
8/2/2017 13:00,8,4,4
8/2/2017 14:00,9,4,5
8/2/2017 15:00,10,6,4
8/2/2017 16:00,11,6,5
8/2/2017 17:00,17,10,7
8/2/2017 18:00,30,16,14
8/2/2017 19:00,13,3,10
8/2/2017 20:00,12,5,7
8/2/2017 21:00,7,2,5
8/2/2017 22:00,5,4,1
8/2/2017 23:00,7,2,5
8/3/2017 0:00,1,0,1
8/3/2017 1:00,2,1,1
8/3/2017 2:00,0,0,0
8/3/2017 3:00,0,0,0
8/3/2017 4:00,0,0,0
8/3/2017 5:00,3,1,2
8/3/2017 6:00,3,2,1
8/3/2017 7:00,6,2,4
8/3/2017 8:00,7,3,4
8/3/2017 9:00,10,6,4
8/3/2017 10:00,8,5,3
8/3/2017 11:00,9,4,5
8/3/2017 12:00,12,8,4
8/3/2017 13:00,13,8,5
8/3/2017 14:00,4,4,0
8/3/2017 15:00,8,6,2
8/3/2017 16:00,13,8,5
8/3/2017 17:00,14,9,5
8/3/2017 18:00,18,13,5
8/3/2017 19:00,14,7,7
8/3/2017 20:00,8,2,6
8/3/2017 21:00,6,3,3
8/3/2017 22:00,2,1,1
8/3/2017 23:00,2,1,1
8/4/2017 0:00,0,0,0
8/4/2017 1:00,1,1,0
8/4/2017 2:00,0,0,0
8/4/2017 3:00,0,0,0
8/4/2017 4:00,1,1,0
8/4/2017 5:00,1,1,0
8/4/2017 6:00,4,4,0
8/4/2017 7:00,6,4,2
8/4/2017 8:00,9,2,7
8/4/2017 9:00,8,3,5
8/4/2017 10:00,10,8,2
8/4/2017 11:00,11,6,5
8/4/2017 12:00,6,5,1
8/4/2017 13:00,7,6,1
8/4/2017 14:00,8,5,3
8/4/2017 15:00,15,7,8
8/4/2017 16:00,20,9,11
8/4/2017 17:00,17,8,9
8/4/2017 18:00,13,8,5
8/4/2017 19:00,10,7,3
8/4/2017 20:00,5,2,3
8/4/2017 21:00,2,2,0
8/4/2017 22:00,5,2,3
8/4/2017 23:00,3,0,3
8/5/2017 0:00,1,0,1
8/5/2017 1:00,0,0,0
8/5/2017 2:00,1,1,0
8/5/2017 3:00,0,0,0
8/5/2017 4:00,0,0,0
8/5/2017 5:00,0,0,0
8/5/2017 6:00,0,0,0
8/5/2017 7:00,3,2,1
8/5/2017 8:00,10,7,3
8/5/2017 9:00,12,5,7
8/5/2017 10:00,14,7,7
8/5/2017 11:00,8,4,4
8/5/2017 12:00,7,5,2
8/5/2017 13:00,18,12,6
8/5/2017 14:00,24,16,8
8/5/2017 15:00,11,6,5
8/5/2017 16:00,21,13,8
8/5/2017 17:00,12,8,4
8/5/2017 18:00,7,4,3
8/5/2017 19:00,13,2,11
8/5/2017 20:00,5,3,2
8/5/2017 21:00,4,1,3
8/5/2017 22:00,3,2,1
8/5/2017 23:00,3,1,2
8/6/2017 0:00,0,0,0
8/6/2017 1:00,2,1,1
8/6/2017 2:00,0,0,0
8/6/2017 3:00,0,0,0
8/6/2017 4:00,0,0,0
8/6/2017 5:00,0,0,0
8/6/2017 6:00,0,0,0
8/6/2017 7:00,2,2,0
8/6/2017 8:00,5,3,2
8/6/2017 9:00,12,6,6
8/6/2017 10:00,22,15,7
8/6/2017 11:00,23,14,9
8/6/2017 12:00,26,16,10
8/6/2017 13:00,17,12,5
8/6/2017 14:00,17,7,10
8/6/2017 15:00,19,8,11
8/6/2017 16:00,12,5,7
8/6/2017 17:00,8,5,3
8/6/2017 18:00,10,6,4
8/6/2017 19:00,5,3,2
8/6/2017 20:00,7,3,4
8/6/2017 21:00,4,1,3
8/6/2017 22:00,3,2,1
8/6/2017 23:00,0,0,0
8/7/2017 0:00,2,1,1
8/7/2017 1:00,0,0,0
8/7/2017 2:00,0,0,0
8/7/2017 3:00,1,0,1
8/7/2017 4:00,0,0,0
8/7/2017 5:00,1,0,1
8/7/2017 6:00,9,6,3
8/7/2017 7:00,18,7,11
8/7/2017 8:00,15,6,9
8/7/2017 9:00,13,4,9
8/7/2017 10:00,6,2,4
8/7/2017 11:00,11,8,3
8/7/2017 12:00,10,6,4
8/7/2017 13:00,11,8,3
8/7/2017 14:00,5,3,2
8/7/2017 15:00,12,5,7
8/7/2017 16:00,10,8,2
8/7/2017 17:00,24,12,12
8/7/2017 18:00,25,9,16
8/7/2017 19:00,7,4,3
8/7/2017 20:00,13,7,6
8/7/2017 21:00,5,2,3
8/7/2017 22:00,2,1,1
8/7/2017 23:00,1,1,0
8/8/2017 0:00,1,0,1
8/8/2017 1:00,0,0,0
8/8/2017 2:00,0,0,0
8/8/2017 3:00,0,0,0
8/8/2017 4:00,0,0,0
8/8/2017 5:00,2,0,2
8/8/2017 6:00,4,0,4
8/8/2017 7:00,12,7,5
8/8/2017 8:00,11,6,5
8/8/2017 9:00,11,4,7
8/8/2017 10:00,14,9,5
8/8/2017 11:00,13,7,6
8/8/2017 12:00,7,1,6
8/8/2017 13:00,9,5,4
8/8/2017 14:00,11,7,4
8/8/2017 15:00,14,5,9
8/8/2017 16:00,15,8,7
8/8/2017 17:00,21,11,10
8/8/2017 18:00,17,6,11
8/8/2017 19:00,18,16,2
8/8/2017 20:00,13,5,8
8/8/2017 21:00,6,1,5
8/8/2017 22:00,2,0,2
8/8/2017 23:00,1,0,1
8/9/2017 0:00,0,0,0
8/9/2017 1:00,0,0,0
8/9/2017 2:00,1,0,1
8/9/2017 3:00,1,1,0
8/9/2017 4:00,1,1,0
8/9/2017 5:00,1,1,0
8/9/2017 6:00,1,1,0
8/9/2017 7:00,11,7,4
8/9/2017 8:00,18,10,8
8/9/2017 9:00,17,8,9
8/9/2017 10:00,12,3,9
8/9/2017 11:00,11,6,5
8/9/2017 12:00,10,4,6
8/9/2017 13:00,9,7,2
8/9/2017 14:00,9,1,8
8/9/2017 15:00,14,5,9
8/9/2017 16:00,16,8,8
8/9/2017 17:00,18,7,11
8/9/2017 18:00,16,13,3
8/9/2017 19:00,7,3,4
8/9/2017 20:00,6,4,2
8/9/2017 21:00,10,4,6
8/9/2017 22:00,6,3,3
8/9/2017 23:00,1,0,1
8/10/2017 0:00,0,0,0
8/10/2017 1:00,0,0,0
8/10/2017 2:00,0,0,0
8/10/2017 3:00,1,0,1
8/10/2017 4:00,0,0,0
8/10/2017 5:00,0,0,0
8/10/2017 6:00,6,2,4
8/10/2017 7:00,10,4,6
8/10/2017 8:00,10,6,4
8/10/2017 9:00,15,9,6
8/10/2017 10:00,12,4,8
8/10/2017 11:00,7,2,5
8/10/2017 12:00,7,2,5
8/10/2017 13:00,14,6,8
8/10/2017 14:00,8,3,5
8/10/2017 15:00,18,7,11
8/10/2017 16:00,22,14,8
8/10/2017 17:00,17,7,10
8/10/2017 18:00,28,17,11
8/10/2017 19:00,20,10,10
8/10/2017 20:00,11,5,6
8/10/2017 21:00,8,4,4
8/10/2017 22:00,3,3,0
8/10/2017 23:00,2,1,1
8/11/2017 0:00,2,1,1
8/11/2017 1:00,0,0,0
8/11/2017 2:00,0,0,0
8/11/2017 3:00,4,2,2
8/11/2017 4:00,1,1,0
8/11/2017 5:00,2,2,0
8/11/2017 6:00,4,1,3
8/11/2017 7:00,8,3,5
8/11/2017 8:00,9,5,4
8/11/2017 9:00,10,5,5
8/11/2017 10:00,13,9,4
8/11/2017 11:00,12,7,5
8/11/2017 12:00,10,7,3
8/11/2017 13:00,16,10,6
8/11/2017 14:00,10,4,6
8/11/2017 15:00,12,6,6
8/11/2017 16:00,19,12,7
8/11/2017 17:00,16,9,7
8/11/2017 18:00,13,7,6
8/11/2017 19:00,16,8,8
8/11/2017 20:00,14,7,7
8/11/2017 21:00,6,4,2
8/11/2017 22:00,4,3,1
8/11/2017 23:00,2,2,0
8/12/2017 0:00,3,1,2
8/12/2017 1:00,3,1,2
8/12/2017 2:00,0,0,0
8/12/2017 3:00,0,0,0
8/12/2017 4:00,0,0,0
8/12/2017 5:00,0,0,0
8/12/2017 6:00,0,0,0
8/12/2017 7:00,3,3,0
8/12/2017 8:00,5,5,0
8/12/2017 9:00,9,6,3
8/12/2017 10:00,22,14,8
8/12/2017 11:00,16,5,11
8/12/2017 12:00,16,9,7
8/12/2017 13:00,7,4,3
8/12/2017 14:00,21,15,6
8/12/2017 15:00,29,17,12
8/12/2017 16:00,14,9,5
8/12/2017 17:00,13,9,4
8/12/2017 18:00,21,7,14
8/12/2017 19:00,13,7,6
8/12/2017 20:00,9,4,5
8/12/2017 21:00,3,2,1
8/12/2017 22:00,7,2,5
8/12/2017 23:00,2,1,1
8/13/2017 0:00,2,0,2
8/13/2017 1:00,0,0,0
8/13/2017 2:00,0,0,0
8/13/2017 3:00,0,0,0
8/13/2017 4:00,0,0,0
8/13/2017 5:00,0,0,0
8/13/2017 6:00,0,0,0
8/13/2017 7:00,1,0,1
8/13/2017 8:00,5,2,3
8/13/2017 9:00,7,5,2
8/13/2017 10:00,10,5,5
8/13/2017 11:00,16,9,7
8/13/2017 12:00,28,8,20
8/13/2017 13:00,17,12,5
8/13/2017 14:00,22,7,15
8/13/2017 15:00,7,3,4
8/13/2017 16:00,14,11,3
8/13/2017 17:00,21,10,11
8/13/2017 18:00,4,3,1
8/13/2017 19:00,6,3,3
8/13/2017 20:00,3,1,2
8/13/2017 21:00,2,2,0
8/13/2017 22:00,0,0,0
8/13/2017 23:00,0,0,0
8/14/2017 0:00,1,1,0
8/14/2017 1:00,0,0,0
8/14/2017 2:00,1,0,1
8/14/2017 3:00,1,1,0
8/14/2017 4:00,1,0,1
8/14/2017 5:00,1,0,1
8/14/2017 6:00,2,2,0
8/14/2017 7:00,9,4,5
8/14/2017 8:00,4,2,2
8/14/2017 9:00,7,3,4
8/14/2017 10:00,11,7,4
8/14/2017 11:00,12,7,5
8/14/2017 12:00,16,12,4
8/14/2017 13:00,13,7,6
8/14/2017 14:00,9,8,1
8/14/2017 15:00,17,9,8
8/14/2017 16:00,10,6,4
8/14/2017 17:00,13,10,3
8/14/2017 18:00,13,6,7
8/14/2017 19:00,7,5,2
8/14/2017 20:00,12,6,6
8/14/2017 21:00,9,3,6
8/14/2017 22:00,0,0,0
8/14/2017 23:00,2,1,1
8/15/2017 0:00,0,0,0
8/15/2017 1:00,2,2,0
8/15/2017 2:00,0,0,0
8/15/2017 3:00,0,0,0
8/15/2017 4:00,0,0,0
8/15/2017 5:00,0,0,0
8/15/2017 6:00,4,1,3
8/15/2017 7:00,12,3,9
8/15/2017 8:00,14,6,8
8/15/2017 9:00,2,1,1
8/15/2017 10:00,7,2,5
8/15/2017 11:00,10,7,3
8/15/2017 12:00,16,9,7
8/15/2017 13:00,13,5,8
8/15/2017 14:00,16,8,8
8/15/2017 15:00,14,10,4
8/15/2017 16:00,15,10,5
8/15/2017 17:00,18,10,8
8/15/2017 18:00,36,23,13
8/15/2017 19:00,30,20,10
8/15/2017 20:00,11,4,7
8/15/2017 21:00,4,1,3
8/15/2017 22:00,6,3,3
8/15/2017 23:00,1,1,0
8/16/2017 0:00,0,0,0
8/16/2017 1:00,1,0,1
8/16/2017 2:00,0,0,0
8/16/2017 3:00,1,0,1
8/16/2017 4:00,0,0,0
8/16/2017 5:00,0,0,0
8/16/2017 6:00,2,1,1
8/16/2017 7:00,12,8,4
8/16/2017 8:00,15,7,8
8/16/2017 9:00,11,6,5
8/16/2017 10:00,9,3,6
8/16/2017 11:00,12,9,3
8/16/2017 12:00,10,5,5
8/16/2017 13:00,14,8,6
8/16/2017 14:00,7,5,2
8/16/2017 15:00,13,7,6
8/16/2017 16:00,17,10,7
8/16/2017 17:00,21,5,16
8/16/2017 18:00,24,9,15
8/16/2017 19:00,28,16,12
8/16/2017 20:00,18,7,11
8/16/2017 21:00,3,1,2
8/16/2017 22:00,4,0,4
8/16/2017 23:00,3,3,0
8/17/2017 0:00,2,1,1
8/17/2017 1:00,0,0,0
8/17/2017 2:00,0,0,0
8/17/2017 3:00,0,0,0
8/17/2017 4:00,1,1,0
8/17/2017 5:00,0,0,0
8/17/2017 6:00,6,3,3
8/17/2017 7:00,8,3,5
8/17/2017 8:00,11,4,7
8/17/2017 9:00,7,3,4
8/17/2017 10:00,10,6,4
8/17/2017 11:00,8,6,2
8/17/2017 12:00,6,3,3
8/17/2017 13:00,17,8,9
8/17/2017 14:00,13,7,6
8/17/2017 15:00,9,6,3
8/17/2017 16:00,18,10,8
8/17/2017 17:00,14,6,8
8/17/2017 18:00,23,13,10
8/17/2017 19:00,15,6,9
8/17/2017 20:00,8,4,4
8/17/2017 21:00,0,0,0
8/17/2017 22:00,3,1,2
8/17/2017 23:00,1,1,0
8/18/2017 0:00,0,0,0
8/18/2017 1:00,0,0,0
8/18/2017 2:00,0,0,0
8/18/2017 3:00,0,0,0
8/18/2017 4:00,2,0,2
8/18/2017 5:00,0,0,0
8/18/2017 6:00,5,3,2
8/18/2017 7:00,7,1,6
8/18/2017 8:00,11,6,5
8/18/2017 9:00,13,10,3
8/18/2017 10:00,2,2,0
8/18/2017 11:00,15,10,5
8/18/2017 12:00,9,3,6
8/18/2017 13:00,10,4,6
8/18/2017 14:00,11,5,6
8/18/2017 15:00,12,4,8
8/18/2017 16:00,17,10,7
8/18/2017 17:00,18,17,1
8/18/2017 18:00,17,9,8
8/18/2017 19:00,8,4,4
8/18/2017 20:00,6,2,4
8/18/2017 21:00,6,3,3
8/18/2017 22:00,2,2,0
8/18/2017 23:00,2,1,1
8/19/2017 0:00,1,0,1
8/19/2017 1:00,0,0,0
8/19/2017 2:00,0,0,0
8/19/2017 3:00,0,0,0
8/19/2017 4:00,0,0,0
8/19/2017 5:00,0,0,0
8/19/2017 6:00,3,3,0
8/19/2017 7:00,4,2,2
8/19/2017 8:00,4,4,0
8/19/2017 9:00,12,7,5
8/19/2017 10:00,13,9,4
8/19/2017 11:00,16,8,8
8/19/2017 12:00,21,13,8
8/19/2017 13:00,0,0,0
8/19/2017 14:00,0,0,0
8/19/2017 15:00,0,0,0
8/19/2017 16:00,0,0,0
8/19/2017 17:00,0,0,0
8/19/2017 18:00,9,5,4
8/19/2017 19:00,11,8,3
8/19/2017 20:00,10,6,4
8/19/2017 21:00,3,2,1
8/19/2017 22:00,1,0,1
8/19/2017 23:00,0,0,0
8/20/2017 0:00,2,2,0
8/20/2017 1:00,2,0,2
8/20/2017 2:00,0,0,0
8/20/2017 3:00,1,1,0
8/20/2017 4:00,0,0,0
8/20/2017 5:00,0,0,0
8/20/2017 6:00,1,1,0
8/20/2017 7:00,4,3,1
8/20/2017 8:00,1,0,1
8/20/2017 9:00,5,2,3
8/20/2017 10:00,11,7,4
8/20/2017 11:00,15,7,8
8/20/2017 12:00,14,6,8
8/20/2017 13:00,17,11,6
8/20/2017 14:00,20,14,6
8/20/2017 15:00,20,9,11
8/20/2017 16:00,20,13,7
8/20/2017 17:00,20,9,11
8/20/2017 18:00,8,2,6
8/20/2017 19:00,4,2,2
8/20/2017 20:00,1,0,1
8/20/2017 21:00,5,5,0
8/20/2017 22:00,4,2,2
8/20/2017 23:00,3,1,2
8/21/2017 0:00,0,0,0
8/21/2017 1:00,0,0,0
8/21/2017 2:00,0,0,0
8/21/2017 3:00,0,0,0
8/21/2017 4:00,0,0,0
8/21/2017 5:00,0,0,0
8/21/2017 6:00,6,1,5
8/21/2017 7:00,9,6,3
8/21/2017 8:00,11,4,7
8/21/2017 9:00,9,5,4
8/21/2017 10:00,6,5,1
8/21/2017 11:00,8,5,3
8/21/2017 12:00,17,10,7
8/21/2017 13:00,9,6,3
8/21/2017 14:00,13,7,6
8/21/2017 15:00,8,5,3
8/21/2017 16:00,14,9,5
8/21/2017 17:00,21,14,7
8/21/2017 18:00,20,14,6
8/21/2017 19:00,14,5,9
8/21/2017 20:00,5,3,2
8/21/2017 21:00,6,2,4
8/21/2017 22:00,4,1,3
8/21/2017 23:00,1,0,1
8/22/2017 0:00,2,1,1
8/22/2017 1:00,0,0,0
8/22/2017 2:00,1,0,1
8/22/2017 3:00,0,0,0
8/22/2017 4:00,0,0,0
8/22/2017 5:00,1,1,0
8/22/2017 6:00,4,1,3
8/22/2017 7:00,8,3,5
8/22/2017 8:00,8,1,7
8/22/2017 9:00,5,3,2
8/22/2017 10:00,11,7,4
8/22/2017 11:00,8,4,4
8/22/2017 12:00,6,4,2
8/22/2017 13:00,8,5,3
8/22/2017 14:00,17,11,6
8/22/2017 15:00,16,9,7
8/22/2017 16:00,32,18,14
8/22/2017 17:00,12,5,7
8/22/2017 18:00,21,15,6
8/22/2017 19:00,18,12,6
8/22/2017 20:00,15,5,10
8/22/2017 21:00,4,1,3
8/22/2017 22:00,1,0,1
8/22/2017 23:00,0,0,0
8/23/2017 0:00,2,1,1
8/23/2017 1:00,0,0,0
8/23/2017 2:00,0,0,0
8/23/2017 3:00,0,0,0
8/23/2017 4:00,0,0,0
8/23/2017 5:00,0,0,0
8/23/2017 6:00,2,0,2
8/23/2017 7:00,10,1,9
8/23/2017 8:00,11,3,8
8/23/2017 9:00,18,11,7
8/23/2017 10:00,12,6,6
8/23/2017 11:00,8,2,6
8/23/2017 12:00,11,10,1
8/23/2017 13:00,5,3,2
8/23/2017 14:00,11,6,5
8/23/2017 15:00,10,4,6
8/23/2017 16:00,11,7,4
8/23/2017 17:00,25,17,8
8/23/2017 18:00,20,12,8
8/23/2017 19:00,18,9,9
8/23/2017 20:00,10,2,8
8/23/2017 21:00,5,3,2
8/23/2017 22:00,0,0,0
8/23/2017 23:00,3,0,3
8/24/2017 0:00,1,1,0
8/24/2017 1:00,1,0,1
8/24/2017 2:00,1,0,1
8/24/2017 3:00,0,0,0
8/24/2017 4:00,0,0,0
8/24/2017 5:00,2,1,1
8/24/2017 6:00,6,2,4
8/24/2017 7:00,18,9,9
8/24/2017 8:00,11,4,7
8/24/2017 9:00,14,7,7
8/24/2017 10:00,3,1,2
8/24/2017 11:00,9,7,2
8/24/2017 12:00,13,7,6
8/24/2017 13:00,12,6,6
8/24/2017 14:00,10,4,6
8/24/2017 15:00,10,7,3
8/24/2017 16:00,20,13,7
8/24/2017 17:00,20,10,10
8/24/2017 18:00,24,10,14
8/24/2017 19:00,9,3,6
8/24/2017 20:00,8,2,6
8/24/2017 21:00,5,0,5
8/24/2017 22:00,1,1,0
8/24/2017 23:00,0,0,0
8/25/2017 0:00,1,1,0
8/25/2017 1:00,1,1,0
8/25/2017 2:00,0,0,0
8/25/2017 3:00,0,0,0
8/25/2017 4:00,2,1,1
8/25/2017 5:00,0,0,0
8/25/2017 6:00,3,1,2
8/25/2017 7:00,11,3,8
8/25/2017 8:00,10,3,7
8/25/2017 9:00,5,2,3
8/25/2017 10:00,17,8,9
8/25/2017 11:00,6,1,5
8/25/2017 12:00,20,12,8
8/25/2017 13:00,7,4,3
8/25/2017 14:00,15,5,10
8/25/2017 15:00,19,8,11
8/25/2017 16:00,8,3,5
8/25/2017 17:00,24,9,15
8/25/2017 18:00,14,7,7
8/25/2017 19:00,13,3,10
8/25/2017 20:00,10,6,4
8/25/2017 21:00,4,2,2
8/25/2017 22:00,3,2,1
8/25/2017 23:00,2,1,1
8/26/2017 0:00,2,0,2
8/26/2017 1:00,1,0,1
8/26/2017 2:00,1,1,0
8/26/2017 3:00,0,0,0
8/26/2017 4:00,0,0,0
8/26/2017 5:00,0,0,0
8/26/2017 6:00,0,0,0
8/26/2017 7:00,1,1,0
8/26/2017 8:00,6,2,4
8/26/2017 9:00,23,9,14
8/26/2017 10:00,11,4,7
8/26/2017 11:00,17,8,9
8/26/2017 12:00,25,9,16
8/26/2017 13:00,20,15,5
8/26/2017 14:00,20,12,8
8/26/2017 15:00,23,16,7
8/26/2017 16:00,29,15,14
8/26/2017 17:00,18,11,7
8/26/2017 18:00,10,4,6
8/26/2017 19:00,6,2,4
8/26/2017 20:00,10,3,7
8/26/2017 21:00,3,1,2
8/26/2017 22:00,7,3,4
8/26/2017 23:00,2,1,1
8/27/2017 0:00,1,1,0
8/27/2017 1:00,2,1,1
8/27/2017 2:00,1,0,1
8/27/2017 3:00,0,0,0
8/27/2017 4:00,0,0,0
8/27/2017 5:00,0,0,0
8/27/2017 6:00,1,1,0
8/27/2017 7:00,3,1,2
8/27/2017 8:00,6,5,1
8/27/2017 9:00,14,8,6
8/27/2017 10:00,16,11,5
8/27/2017 11:00,24,7,17
8/27/2017 12:00,24,15,9
8/27/2017 13:00,21,15,6
8/27/2017 14:00,25,15,10
8/27/2017 15:00,13,6,7
8/27/2017 16:00,19,12,7
8/27/2017 17:00,7,3,4
8/27/2017 18:00,9,2,7
8/27/2017 19:00,9,7,2
8/27/2017 20:00,6,2,4
8/27/2017 21:00,3,1,2
8/27/2017 22:00,5,1,4
8/27/2017 23:00,1,1,0
8/28/2017 0:00,0,0,0
8/28/2017 1:00,0,0,0
8/28/2017 2:00,0,0,0
8/28/2017 3:00,0,0,0
8/28/2017 4:00,0,0,0
8/28/2017 5:00,0,0,0
8/28/2017 6:00,3,3,0
8/28/2017 7:00,18,6,12
8/28/2017 8:00,12,7,5
8/28/2017 9:00,10,7,3
8/28/2017 10:00,8,3,5
8/28/2017 11:00,13,11,2
8/28/2017 12:00,11,8,3
8/28/2017 13:00,6,5,1
8/28/2017 14:00,13,7,6
8/28/2017 15:00,10,6,4
8/28/2017 16:00,14,7,7
8/28/2017 17:00,14,4,10
8/28/2017 18:00,27,15,12
8/28/2017 19:00,11,8,3
8/28/2017 20:00,9,3,6
8/28/2017 21:00,4,4,0
8/28/2017 22:00,1,0,1
8/28/2017 23:00,2,1,1
8/29/2017 0:00,4,2,2
8/29/2017 1:00,0,0,0
8/29/2017 2:00,0,0,0
8/29/2017 3:00,0,0,0
8/29/2017 4:00,0,0,0
8/29/2017 5:00,2,1,1
8/29/2017 6:00,3,0,3
8/29/2017 7:00,6,2,4
8/29/2017 8:00,14,6,8
8/29/2017 9:00,10,4,6
8/29/2017 10:00,7,4,3
8/29/2017 11:00,11,6,5
8/29/2017 12:00,7,3,4
8/29/2017 13:00,12,6,6
8/29/2017 14:00,9,7,2
8/29/2017 15:00,10,4,6
8/29/2017 16:00,17,6,11
8/29/2017 17:00,21,12,9
8/29/2017 18:00,34,24,10
8/29/2017 19:00,20,9,11
8/29/2017 20:00,18,7,11
8/29/2017 21:00,8,3,5
8/29/2017 22:00,5,4,1
8/29/2017 23:00,3,0,3
8/30/2017 0:00,0,0,0
8/30/2017 1:00,1,0,1
8/30/2017 2:00,0,0,0
8/30/2017 3:00,0,0,0
8/30/2017 4:00,0,0,0
8/30/2017 5:00,0,0,0
8/30/2017 6:00,3,1,2
8/30/2017 7:00,8,4,4
8/30/2017 8:00,7,3,4
8/30/2017 9:00,10,6,4
8/30/2017 10:00,13,8,5
8/30/2017 11:00,10,6,4
8/30/2017 12:00,13,9,4
8/30/2017 13:00,9,3,6
8/30/2017 14:00,9,6,3
8/30/2017 15:00,2,1,1
8/30/2017 16:00,9,3,6
8/30/2017 17:00,15,6,9
8/30/2017 18:00,24,14,10
8/30/2017 19:00,18,12,6
8/30/2017 20:00,15,7,8
8/30/2017 21:00,5,2,3
8/30/2017 22:00,2,0,2
8/30/2017 23:00,4,1,3
8/31/2017 0:00,0,0,0
8/31/2017 1:00,0,0,0
8/31/2017 2:00,0,0,0
8/31/2017 3:00,1,1,0
8/31/2017 4:00,0,0,0
8/31/2017 5:00,0,0,0
8/31/2017 6:00,6,0,6
8/31/2017 7:00,7,3,4
8/31/2017 8:00,5,3,2
8/31/2017 9:00,12,5,7
8/31/2017 10:00,7,3,4
8/31/2017 11:00,0,0,0
8/31/2017 12:00,10,5,5
8/31/2017 13:00,4,3,1
8/31/2017 14:00,14,6,8
8/31/2017 15:00,11,8,3
8/31/2017 16:00,15,9,6
8/31/2017 17:00,16,7,9
8/31/2017 18:00,14,10,4
8/31/2017 19:00,6,2,4
8/31/2017 20:00,9,5,4
8/31/2017 21:00,10,1,9
8/31/2017 22:00,6,3,3
8/31/2017 23:00,4,2,2
9/1/2017 0:00,0,0,0
9/1/2017 1:00,0,0,0
9/1/2017 2:00,2,0,2
9/1/2017 3:00,0,0,0
9/1/2017 4:00,1,1,0
9/1/2017 5:00,0,0,0
9/1/2017 6:00,0,0,0
9/1/2017 7:00,7,2,5
9/1/2017 8:00,8,5,3
9/1/2017 9:00,14,7,7
9/1/2017 10:00,13,3,10
9/1/2017 11:00,6,2,4
9/1/2017 12:00,7,2,5
9/1/2017 13:00,15,14,1
9/1/2017 14:00,11,6,5
9/1/2017 15:00,12,4,8
9/1/2017 16:00,12,5,7
9/1/2017 17:00,13,8,5
9/1/2017 18:00,19,8,11
9/1/2017 19:00,25,14,11
9/1/2017 20:00,7,2,5
9/1/2017 21:00,7,4,3
9/1/2017 22:00,2,1,1
9/1/2017 23:00,4,1,3
9/2/2017 0:00,0,0,0
9/2/2017 1:00,1,0,1
9/2/2017 2:00,0,0,0
9/2/2017 3:00,1,0,1
9/2/2017 4:00,1,0,1
9/2/2017 5:00,1,0,1
9/2/2017 6:00,2,1,1
9/2/2017 7:00,1,0,1
9/2/2017 8:00,2,1,1
9/2/2017 9:00,11,6,5
9/2/2017 10:00,15,8,7
9/2/2017 11:00,17,9,8
9/2/2017 12:00,16,4,12
9/2/2017 13:00,19,14,5
9/2/2017 14:00,13,6,7
9/2/2017 15:00,14,7,7
9/2/2017 16:00,23,13,10
9/2/2017 17:00,12,6,6
9/2/2017 18:00,21,13,8
9/2/2017 19:00,9,4,5
9/2/2017 20:00,9,0,9
9/2/2017 21:00,4,2,2
9/2/2017 22:00,1,0,1
9/2/2017 23:00,5,2,3
9/3/2017 0:00,3,1,2
9/3/2017 1:00,1,0,1
9/3/2017 2:00,0,0,0
9/3/2017 3:00,2,0,2
9/3/2017 4:00,0,0,0
9/3/2017 5:00,0,0,0
9/3/2017 6:00,1,0,1
9/3/2017 7:00,2,2,0
9/3/2017 8:00,2,0,2
9/3/2017 9:00,5,0,5
9/3/2017 10:00,4,1,3
9/3/2017 11:00,20,6,14
9/3/2017 12:00,22,7,15
9/3/2017 13:00,22,11,11
9/3/2017 14:00,18,8,10
9/3/2017 15:00,8,4,4
9/3/2017 16:00,11,3,8
9/3/2017 17:00,14,8,6
9/3/2017 18:00,10,5,5
9/3/2017 19:00,13,7,6
9/3/2017 20:00,9,1,8
9/3/2017 21:00,5,0,5
9/3/2017 22:00,3,2,1
9/3/2017 23:00,4,4,0
9/4/2017 0:00,1,1,0
9/4/2017 1:00,1,0,1
9/4/2017 2:00,1,1,0
9/4/2017 3:00,0,0,0
9/4/2017 4:00,0,0,0
9/4/2017 5:00,0,0,0
9/4/2017 6:00,3,2,1
9/4/2017 7:00,6,4,2
9/4/2017 8:00,4,2,2
9/4/2017 9:00,8,6,2
9/4/2017 10:00,14,7,7
9/4/2017 11:00,11,5,6
9/4/2017 12:00,11,2,9
9/4/2017 13:00,8,3,5
9/4/2017 14:00,2,0,2
9/4/2017 15:00,24,11,13
9/4/2017 16:00,17,7,10
9/4/2017 17:00,19,10,9
9/4/2017 18:00,10,2,8
9/4/2017 19:00,10,2,8
9/4/2017 20:00,5,1,4
9/4/2017 21:00,5,3,2
9/4/2017 22:00,2,1,1
9/4/2017 23:00,1,0,1
9/5/2017 0:00,0,0,0
9/5/2017 1:00,0,0,0
9/5/2017 2:00,0,0,0
9/5/2017 3:00,0,0,0
9/5/2017 4:00,1,1,0
9/5/2017 5:00,0,0,0
9/5/2017 6:00,2,0,2
9/5/2017 7:00,10,3,7
9/5/2017 8:00,3,1,2
9/5/2017 9:00,3,0,3
9/5/2017 10:00,7,3,4
9/5/2017 11:00,9,5,4
9/5/2017 12:00,9,3,6
9/5/2017 13:00,8,4,4
9/5/2017 14:00,9,3,6
9/5/2017 15:00,5,2,3
9/5/2017 16:00,10,3,7
9/5/2017 17:00,18,14,4
9/5/2017 18:00,16,9,7
9/5/2017 19:00,17,13,4
9/5/2017 20:00,8,4,4
9/5/2017 21:00,8,3,5
9/5/2017 22:00,2,0,2
9/5/2017 23:00,0,0,0
9/6/2017 0:00,2,2,0
9/6/2017 1:00,0,0,0
9/6/2017 2:00,0,0,0
9/6/2017 3:00,0,0,0
9/6/2017 4:00,1,1,0
9/6/2017 5:00,1,0,1
9/6/2017 6:00,5,5,0
9/6/2017 7:00,8,1,7
9/6/2017 8:00,15,9,6
9/6/2017 9:00,6,1,5
9/6/2017 10:00,10,3,7
9/6/2017 11:00,8,5,3
9/6/2017 12:00,4,3,1
9/6/2017 13:00,12,9,3
9/6/2017 14:00,11,4,7
9/6/2017 15:00,9,5,4
9/6/2017 16:00,7,4,3
9/6/2017 17:00,19,6,13
9/6/2017 18:00,20,11,9
9/6/2017 19:00,11,6,5
9/6/2017 20:00,8,4,4
9/6/2017 21:00,3,1,2
9/6/2017 22:00,0,0,0
9/6/2017 23:00,1,0,1
9/7/2017 0:00,1,1,0
9/7/2017 1:00,2,1,1
9/7/2017 2:00,0,0,0
9/7/2017 3:00,0,0,0
9/7/2017 4:00,0,0,0
9/7/2017 5:00,0,0,0
9/7/2017 6:00,2,0,2
9/7/2017 7:00,3,1,2
9/7/2017 8:00,4,0,4
9/7/2017 9:00,8,2,6
9/7/2017 10:00,4,3,1
9/7/2017 11:00,7,2,5
9/7/2017 12:00,4,3,1
9/7/2017 13:00,13,7,6
9/7/2017 14:00,7,4,3
9/7/2017 15:00,9,6,3
9/7/2017 16:00,10,5,5
9/7/2017 17:00,12,5,7
9/7/2017 18:00,16,10,6
9/7/2017 19:00,13,8,5
9/7/2017 20:00,8,5,3
9/7/2017 21:00,3,3,0
9/7/2017 22:00,3,1,2
9/7/2017 23:00,1,0,1
9/8/2017 0:00,0,0,0
9/8/2017 1:00,0,0,0
9/8/2017 2:00,0,0,0
9/8/2017 3:00,0,0,0
9/8/2017 4:00,1,0,1
9/8/2017 5:00,0,0,0
9/8/2017 6:00,5,4,1
9/8/2017 7:00,10,4,6
9/8/2017 8:00,9,2,7
9/8/2017 9:00,13,9,4
9/8/2017 10:00,8,3,5
9/8/2017 11:00,10,3,7
9/8/2017 12:00,12,8,4
9/8/2017 13:00,12,8,4
9/8/2017 14:00,9,7,2
9/8/2017 15:00,12,2,10
9/8/2017 16:00,10,4,6
9/8/2017 17:00,23,12,11
9/8/2017 18:00,18,11,7
9/8/2017 19:00,15,6,9
9/8/2017 20:00,11,6,5
9/8/2017 21:00,3,1,2
9/8/2017 22:00,4,2,2
9/8/2017 23:00,2,0,2
9/9/2017 0:00,0,0,0
9/9/2017 1:00,0,0,0
9/9/2017 2:00,1,0,1
9/9/2017 3:00,0,0,0
9/9/2017 4:00,0,0,0
9/9/2017 5:00,0,0,0
9/9/2017 6:00,1,0,1
9/9/2017 7:00,2,0,2
9/9/2017 8:00,4,3,1
9/9/2017 9:00,8,5,3
9/9/2017 10:00,7,5,2
9/9/2017 11:00,20,9,11
9/9/2017 12:00,16,8,8
9/9/2017 13:00,10,3,7
9/9/2017 14:00,11,5,6
9/9/2017 15:00,9,2,7
9/9/2017 16:00,18,4,14
9/9/2017 17:00,4,2,2
9/9/2017 18:00,3,1,2
9/9/2017 19:00,6,0,6
9/9/2017 20:00,7,0,7
9/9/2017 21:00,3,1,2
9/9/2017 22:00,2,1,1
9/9/2017 23:00,5,1,4
9/10/2017 0:00,4,1,3
9/10/2017 1:00,0,0,0
9/10/2017 2:00,0,0,0
9/10/2017 3:00,0,0,0
9/10/2017 4:00,0,0,0
9/10/2017 5:00,0,0,0
9/10/2017 6:00,0,0,0
9/10/2017 7:00,1,1,0
9/10/2017 8:00,2,2,0
9/10/2017 9:00,6,4,2
9/10/2017 10:00,8,1,7
9/10/2017 11:00,4,0,4
9/10/2017 12:00,10,5,5
9/10/2017 13:00,9,3,6
9/10/2017 14:00,11,3,8
9/10/2017 15:00,17,4,13
9/10/2017 16:00,7,4,3
9/10/2017 17:00,14,11,3
9/10/2017 18:00,14,5,9
9/10/2017 19:00,11,5,6
9/10/2017 20:00,10,5,5
9/10/2017 21:00,0,0,0
9/10/2017 22:00,0,0,0
9/10/2017 23:00,3,1,2
9/11/2017 0:00,0,0,0
9/11/2017 1:00,1,1,0
9/11/2017 2:00,0,0,0
9/11/2017 3:00,0,0,0
9/11/2017 4:00,0,0,0
9/11/2017 5:00,0,0,0
9/11/2017 6:00,3,2,1
9/11/2017 7:00,11,5,6
9/11/2017 8:00,16,5,11
9/11/2017 9:00,4,1,3
9/11/2017 10:00,6,0,6
9/11/2017 11:00,7,2,5
9/11/2017 12:00,12,5,7
9/11/2017 13:00,9,4,5
9/11/2017 14:00,11,4,7
9/11/2017 15:00,21,12,9
9/11/2017 16:00,13,7,6
9/11/2017 17:00,9,2,7
9/11/2017 18:00,17,13,4
9/11/2017 19:00,12,9,3
9/11/2017 20:00,13,3,10
9/11/2017 21:00,3,1,2
9/11/2017 22:00,4,2,2
9/11/2017 23:00,0,0,0
9/12/2017 0:00,0,0,0
9/12/2017 1:00,0,0,0
9/12/2017 2:00,1,1,0
9/12/2017 3:00,1,1,0
9/12/2017 4:00,1,0,1
9/12/2017 5:00,1,0,1
9/12/2017 6:00,2,0,2
9/12/2017 7:00,15,4,11
9/12/2017 8:00,17,11,6
9/12/2017 9:00,9,4,5
9/12/2017 10:00,5,2,3
9/12/2017 11:00,16,8,8
9/12/2017 12:00,15,9,6
9/12/2017 13:00,9,5,4
9/12/2017 14:00,9,7,2
9/12/2017 15:00,23,14,9
9/12/2017 16:00,19,11,8
9/12/2017 17:00,25,16,9
9/12/2017 18:00,27,12,15
9/12/2017 19:00,16,12,4
9/12/2017 20:00,10,5,5
9/12/2017 21:00,5,2,3
9/12/2017 22:00,3,0,3
9/12/2017 23:00,3,1,2
9/13/2017 0:00,0,0,0
9/13/2017 1:00,0,0,0
9/13/2017 2:00,0,0,0
9/13/2017 3:00,0,0,0
9/13/2017 4:00,1,0,1
9/13/2017 5:00,0,0,0
9/13/2017 6:00,1,0,1
9/13/2017 7:00,9,2,7
9/13/2017 8:00,24,7,17
9/13/2017 9:00,16,5,11
9/13/2017 10:00,8,4,4
9/13/2017 11:00,11,8,3
9/13/2017 12:00,6,2,4
9/13/2017 13:00,10,6,4
9/13/2017 14:00,6,4,2
9/13/2017 15:00,11,6,5
9/13/2017 16:00,9,4,5
9/13/2017 17:00,21,14,7
9/13/2017 18:00,26,13,13
9/13/2017 19:00,11,3,8
9/13/2017 20:00,4,2,2
9/13/2017 21:00,0,0,0
9/13/2017 22:00,2,1,1
9/13/2017 23:00,0,0,0
9/14/2017 0:00,2,2,0
9/14/2017 1:00,1,1,0
9/14/2017 2:00,0,0,0
9/14/2017 3:00,0,0,0
9/14/2017 4:00,0,0,0
9/14/2017 5:00,2,0,2
9/14/2017 6:00,5,0,5
9/14/2017 7:00,5,1,4
9/14/2017 8:00,8,1,7
9/14/2017 9:00,7,5,2
9/14/2017 10:00,9,6,3
9/14/2017 11:00,7,5,2
9/14/2017 12:00,9,6,3
9/14/2017 13:00,7,3,4
9/14/2017 14:00,13,2,11
9/14/2017 15:00,13,7,6
9/14/2017 16:00,20,9,11
9/14/2017 17:00,17,9,8
9/14/2017 18:00,23,15,8
9/14/2017 19:00,11,5,6
9/14/2017 20:00,8,3,5
9/14/2017 21:00,10,7,3
9/14/2017 22:00,0,0,0
9/14/2017 23:00,0,0,0
9/15/2017 0:00,0,0,0
9/15/2017 1:00,0,0,0
9/15/2017 2:00,2,0,2
9/15/2017 3:00,1,0,1
9/15/2017 4:00,0,0,0
9/15/2017 5:00,1,0,1
9/15/2017 6:00,5,2,3
9/15/2017 7:00,7,2,5
9/15/2017 8:00,11,5,6
9/15/2017 9:00,12,7,5
9/15/2017 10:00,22,11,11
9/15/2017 11:00,2,1,1
9/15/2017 12:00,2,1,1
9/15/2017 13:00,5,1,4
9/15/2017 14:00,11,2,9
9/15/2017 15:00,18,10,8
9/15/2017 16:00,17,8,9
9/15/2017 17:00,18,9,9
9/15/2017 18:00,23,13,10
9/15/2017 19:00,23,9,14
9/15/2017 20:00,10,5,5
9/15/2017 21:00,3,1,2
9/15/2017 22:00,6,0,6
9/15/2017 23:00,5,1,4
9/16/2017 0:00,5,0,5
9/16/2017 1:00,2,0,2
9/16/2017 2:00,0,0,0
9/16/2017 3:00,0,0,0
9/16/2017 4:00,1,0,1
9/16/2017 5:00,0,0,0
9/16/2017 6:00,0,0,0
9/16/2017 7:00,2,0,2
9/16/2017 8:00,7,4,3
9/16/2017 9:00,16,9,7
9/16/2017 10:00,9,1,8
9/16/2017 11:00,11,0,11
9/16/2017 12:00,8,1,7
9/16/2017 13:00,5,0,5
9/16/2017 14:00,11,3,8
9/16/2017 15:00,4,1,3
9/16/2017 16:00,6,1,5
9/16/2017 17:00,17,8,9
9/16/2017 18:00,7,3,4
9/16/2017 19:00,10,2,8
9/16/2017 20:00,2,2,0
9/16/2017 21:00,7,0,7
9/16/2017 22:00,2,0,2
9/16/2017 23:00,1,1,0
9/17/2017 0:00,1,0,1
9/17/2017 1:00,1,1,0
9/17/2017 2:00,0,0,0
9/17/2017 3:00,1,0,1
9/17/2017 4:00,1,1,0
9/17/2017 5:00,2,1,1
9/17/2017 6:00,1,0,1
9/17/2017 7:00,1,0,1
9/17/2017 8:00,4,1,3
9/17/2017 9:00,9,5,4
9/17/2017 10:00,7,2,5
9/17/2017 11:00,5,1,4
9/17/2017 12:00,15,4,11
9/17/2017 13:00,6,2,4
9/17/2017 14:00,1,0,1
9/17/2017 15:00,3,0,3
9/17/2017 16:00,2,0,2
9/17/2017 17:00,9,2,7
9/17/2017 18:00,5,2,3
9/17/2017 19:00,1,0,1
9/17/2017 20:00,1,0,1
9/17/2017 21:00,1,0,1
9/17/2017 22:00,1,0,1
9/17/2017 23:00,3,1,2
9/18/2017 0:00,0,0,0
9/18/2017 1:00,0,0,0
9/18/2017 2:00,0,0,0
9/18/2017 3:00,0,0,0
9/18/2017 4:00,0,0,0
9/18/2017 5:00,2,1,1
9/18/2017 6:00,2,0,2
9/18/2017 7:00,3,0,3
9/18/2017 8:00,4,1,3
9/18/2017 9:00,4,0,4
9/18/2017 10:00,2,0,2
9/18/2017 11:00,8,2,6
9/18/2017 12:00,2,2,0
9/18/2017 13:00,7,0,7
9/18/2017 14:00,12,3,9
9/18/2017 15:00,6,3,3
9/18/2017 16:00,8,1,7
9/18/2017 17:00,10,6,4
9/18/2017 18:00,10,3,7
9/18/2017 19:00,6,5,1
9/18/2017 20:00,2,1,1
9/18/2017 21:00,2,1,1
9/18/2017 22:00,2,0,2
9/18/2017 23:00,1,0,1
9/19/2017 0:00,1,0,1
9/19/2017 1:00,0,0,0
9/19/2017 2:00,0,0,0
9/19/2017 3:00,0,0,0
9/19/2017 4:00,0,0,0
9/19/2017 5:00,0,0,0
9/19/2017 6:00,2,0,2
9/19/2017 7:00,1,0,1
9/19/2017 8:00,7,0,7
9/19/2017 9:00,6,3,3
9/19/2017 10:00,4,3,1
9/19/2017 11:00,3,2,1
9/19/2017 12:00,5,4,1
9/19/2017 13:00,3,1,2
9/19/2017 14:00,6,3,3
9/19/2017 15:00,8,4,4
9/19/2017 16:00,2,1,1
9/19/2017 17:00,3,1,2
9/19/2017 18:00,9,2,7
9/19/2017 19:00,13,2,11
9/19/2017 20:00,7,0,7
9/19/2017 21:00,2,0,2
9/19/2017 22:00,1,0,1
9/19/2017 23:00,0,0,0
9/20/2017 0:00,0,0,0
9/20/2017 1:00,0,0,0
9/20/2017 2:00,2,0,2
9/20/2017 3:00,0,0,0
9/20/2017 4:00,0,0,0
9/20/2017 5:00,0,0,0
9/20/2017 6:00,2,0,2
9/20/2017 7:00,7,2,5
9/20/2017 8:00,9,0,9
9/20/2017 9:00,3,0,3
9/20/2017 10:00,8,3,5
9/20/2017 11:00,6,1,5
9/20/2017 12:00,9,1,8
9/20/2017 13:00,9,1,8
9/20/2017 14:00,5,2,3
9/20/2017 15:00,10,5,5
9/20/2017 16:00,14,9,5
9/20/2017 17:00,19,12,7
9/20/2017 18:00,29,10,19
9/20/2017 19:00,20,6,14
9/20/2017 20:00,12,4,8
9/20/2017 21:00,1,0,1
9/20/2017 22:00,0,0,0
9/20/2017 23:00,1,0,1
9/21/2017 0:00,1,1,0
9/21/2017 1:00,0,0,0
9/21/2017 2:00,0,0,0
9/21/2017 3:00,0,0,0
9/21/2017 4:00,0,0,0
9/21/2017 5:00,1,1,0
9/21/2017 6:00,6,1,5
9/21/2017 7:00,8,1,7
9/21/2017 8:00,8,4,4
9/21/2017 9:00,10,5,5
9/21/2017 10:00,3,1,2
9/21/2017 11:00,8,4,4
9/21/2017 12:00,4,1,3
9/21/2017 13:00,2,0,2
9/21/2017 14:00,6,1,5
9/21/2017 15:00,12,6,6
9/21/2017 16:00,8,5,3
9/21/2017 17:00,23,10,13
9/21/2017 18:00,15,9,6
9/21/2017 19:00,10,3,7
9/21/2017 20:00,8,5,3
9/21/2017 21:00,2,1,1
9/21/2017 22:00,1,1,0
9/21/2017 23:00,3,2,1
9/22/2017 0:00,3,1,2
9/22/2017 1:00,0,0,0
9/22/2017 2:00,0,0,0
9/22/2017 3:00,1,0,1
9/22/2017 4:00,1,1,0
9/22/2017 5:00,1,0,1
9/22/2017 6:00,3,2,1
9/22/2017 7:00,6,2,4
9/22/2017 8:00,11,5,6
9/22/2017 9:00,8,5,3
9/22/2017 10:00,12,7,5
9/22/2017 11:00,14,8,6
9/22/2017 12:00,12,7,5
9/22/2017 13:00,17,12,5
9/22/2017 14:00,17,11,6
9/22/2017 15:00,11,3,8
9/22/2017 16:00,8,4,4
9/22/2017 17:00,20,13,7
9/22/2017 18:00,14,12,2
9/22/2017 19:00,8,5,3
9/22/2017 20:00,4,1,3
9/22/2017 21:00,3,1,2
9/22/2017 22:00,1,0,1
9/22/2017 23:00,1,0,1
9/23/2017 0:00,1,1,0
9/23/2017 1:00,5,3,2
9/23/2017 2:00,1,0,1
9/23/2017 3:00,0,0,0
9/23/2017 4:00,1,0,1
9/23/2017 5:00,0,0,0
9/23/2017 6:00,1,0,1
9/23/2017 7:00,2,2,0
9/23/2017 8:00,9,3,6
9/23/2017 9:00,7,5,2
9/23/2017 10:00,9,7,2
9/23/2017 11:00,19,12,7
9/23/2017 12:00,18,11,7
9/23/2017 13:00,17,10,7
9/23/2017 14:00,8,6,2
9/23/2017 15:00,12,4,8
9/23/2017 16:00,12,6,6
9/23/2017 17:00,20,12,8
9/23/2017 18:00,12,9,3
9/23/2017 19:00,3,1,2
9/23/2017 20:00,7,3,4
9/23/2017 21:00,3,1,2
9/23/2017 22:00,0,0,0
9/23/2017 23:00,2,2,0
9/24/2017 0:00,1,0,1
9/24/2017 1:00,2,2,0
9/24/2017 2:00,1,1,0
9/24/2017 3:00,0,0,0
9/24/2017 4:00,0,0,0
9/24/2017 5:00,2,0,2
9/24/2017 6:00,0,0,0
9/24/2017 7:00,4,3,1
9/24/2017 8:00,7,4,3
9/24/2017 9:00,13,7,6
9/24/2017 10:00,10,8,2
9/24/2017 11:00,6,4,2
9/24/2017 12:00,0,0,0
9/24/2017 13:00,0,0,0
9/24/2017 14:00,0,0,0
9/24/2017 15:00,0,0,0
9/24/2017 16:00,0,0,0
9/24/2017 17:00,0,0,0
9/24/2017 18:00,0,0,0
9/24/2017 19:00,0,0,0
9/24/2017 20:00,0,0,0
9/24/2017 21:00,0,0,0
9/24/2017 22:00,0,0,0
9/24/2017 23:00,0,0,0
9/25/2017 0:00,0,0,0
9/25/2017 1:00,0,0,0
9/25/2017 2:00,0,0,0
9/25/2017 3:00,0,0,0
9/25/2017 4:00,0,0,0
9/25/2017 5:00,0,0,0
9/25/2017 6:00,0,0,0
9/25/2017 7:00,4,2,2
9/25/2017 8:00,10,5,5
9/25/2017 9:00,9,7,2
9/25/2017 10:00,8,4,4
9/25/2017 11:00,5,1,4
9/25/2017 12:00,5,2,3
9/25/2017 13:00,13,10,3
9/25/2017 14:00,12,8,4
9/25/2017 15:00,10,8,2
9/25/2017 16:00,18,8,10
9/25/2017 17:00,15,7,8
9/25/2017 18:00,13,6,7
9/25/2017 19:00,7,2,5
9/25/2017 20:00,3,2,1
9/25/2017 21:00,1,1,0
9/25/2017 22:00,2,0,2
9/25/2017 23:00,0,0,0
9/26/2017 0:00,1,0,1
9/26/2017 1:00,0,0,0
9/26/2017 2:00,0,0,0
9/26/2017 3:00,0,0,0
9/26/2017 4:00,0,0,0
9/26/2017 5:00,0,0,0
9/26/2017 6:00,1,0,1
9/26/2017 7:00,9,4,5
9/26/2017 8:00,17,9,8
9/26/2017 9:00,9,6,3
9/26/2017 10:00,10,7,3
9/26/2017 11:00,5,2,3
9/26/2017 12:00,13,10,3
9/26/2017 13:00,11,5,6
9/26/2017 14:00,8,3,5
9/26/2017 15:00,14,9,5
9/26/2017 16:00,9,3,6
9/26/2017 17:00,18,10,8
9/26/2017 18:00,20,11,9
9/26/2017 19:00,13,8,5
9/26/2017 20:00,6,3,3
9/26/2017 21:00,6,2,4
9/26/2017 22:00,3,2,1
9/26/2017 23:00,2,2,0
9/27/2017 0:00,1,1,0
9/27/2017 1:00,0,0,0
9/27/2017 2:00,0,0,0
9/27/2017 3:00,1,1,0
9/27/2017 4:00,0,0,0
9/27/2017 5:00,1,1,0
9/27/2017 6:00,4,2,2
9/27/2017 7:00,10,4,6
9/27/2017 8:00,15,7,8
9/27/2017 9:00,12,8,4
9/27/2017 10:00,7,4,3
9/27/2017 11:00,9,8,1
9/27/2017 12:00,12,6,6
9/27/2017 13:00,8,0,8
9/27/2017 14:00,7,5,2
9/27/2017 15:00,13,5,8
9/27/2017 16:00,12,7,5
9/27/2017 17:00,21,13,8
9/27/2017 18:00,26,15,11
9/27/2017 19:00,12,6,6
9/27/2017 20:00,6,2,4
9/27/2017 21:00,2,1,1
9/27/2017 22:00,5,1,4
9/27/2017 23:00,3,2,1
9/28/2017 0:00,0,0,0
9/28/2017 1:00,0,0,0
9/28/2017 2:00,1,1,0
9/28/2017 3:00,1,1,0
9/28/2017 4:00,0,0,0
9/28/2017 5:00,0,0,0
9/28/2017 6:00,2,0,2
9/28/2017 7:00,6,3,3
9/28/2017 8:00,9,3,6
9/28/2017 9:00,11,8,3
9/28/2017 10:00,14,4,10
9/28/2017 11:00,10,10,0
9/28/2017 12:00,7,4,3
9/28/2017 13:00,13,10,3
9/28/2017 14:00,14,6,8
9/28/2017 15:00,8,3,5
9/28/2017 16:00,15,6,9
9/28/2017 17:00,26,16,10
9/28/2017 18:00,33,25,8
9/28/2017 19:00,19,7,12
9/28/2017 20:00,10,4,6
9/28/2017 21:00,8,3,5
9/28/2017 22:00,7,5,2
9/28/2017 23:00,1,0,1
9/29/2017 0:00,1,1,0
9/29/2017 1:00,0,0,0
9/29/2017 2:00,1,0,1
9/29/2017 3:00,0,0,0
9/29/2017 4:00,2,2,0
9/29/2017 5:00,2,1,1
9/29/2017 6:00,1,0,1
9/29/2017 7:00,6,2,4
9/29/2017 8:00,5,2,3
9/29/2017 9:00,3,3,0
9/29/2017 10:00,9,5,4
9/29/2017 11:00,8,4,4
9/29/2017 12:00,3,2,1
9/29/2017 13:00,7,4,3
9/29/2017 14:00,9,6,3
9/29/2017 15:00,7,6,1
9/29/2017 16:00,14,9,5
9/29/2017 17:00,14,10,4
9/29/2017 18:00,11,8,3
9/29/2017 19:00,9,4,5
9/29/2017 20:00,10,8,2
9/29/2017 21:00,9,5,4
9/29/2017 22:00,1,0,1
9/29/2017 23:00,2,1,1
9/30/2017 0:00,1,0,1
9/30/2017 1:00,0,0,0
9/30/2017 2:00,2,1,1
9/30/2017 3:00,0,0,0
9/30/2017 4:00,1,0,1
9/30/2017 5:00,0,0,0
9/30/2017 6:00,0,0,0
9/30/2017 7:00,2,1,1
9/30/2017 8:00,5,3,2
9/30/2017 9:00,13,7,6
9/30/2017 10:00,12,11,1
9/30/2017 11:00,18,7,11
9/30/2017 12:00,10,9,1
9/30/2017 13:00,12,8,4
9/30/2017 14:00,11,8,3
9/30/2017 15:00,11,9,2
9/30/2017 16:00,11,6,5
9/30/2017 17:00,8,5,3
9/30/2017 18:00,14,11,3
9/30/2017 19:00,5,3,2
9/30/2017 20:00,6,4,2
9/30/2017 21:00,2,1,1
9/30/2017 22:00,3,1,2
9/30/2017 23:00,1,1,0
10/1/2017 0:00,2,0,2
10/1/2017 1:00,0,0,0
10/1/2017 2:00,3,1,2
10/1/2017 3:00,1,1,0
10/1/2017 4:00,1,1,0
10/1/2017 5:00,0,0,0
10/1/2017 6:00,1,1,0
10/1/2017 7:00,2,2,0
10/1/2017 8:00,3,2,1
10/1/2017 9:00,7,7,0
10/1/2017 10:00,6,4,2
10/1/2017 11:00,15,9,6
10/1/2017 12:00,21,12,9
10/1/2017 13:00,18,9,9
10/1/2017 14:00,15,9,6
10/1/2017 15:00,15,10,5
10/1/2017 16:00,18,8,10
10/1/2017 17:00,24,15,9
10/1/2017 18:00,9,7,2
10/1/2017 19:00,3,2,1
10/1/2017 20:00,7,4,3
10/1/2017 21:00,1,1,0
10/1/2017 22:00,3,1,2
10/1/2017 23:00,1,0,1
10/2/2017 0:00,0,0,0
10/2/2017 1:00,0,0,0
10/2/2017 2:00,0,0,0
10/2/2017 3:00,0,0,0
10/2/2017 4:00,0,0,0
10/2/2017 5:00,2,0,2
10/2/2017 6:00,3,3,0
10/2/2017 7:00,9,6,3
10/2/2017 8:00,10,4,6
10/2/2017 9:00,8,7,1
10/2/2017 10:00,5,2,3
10/2/2017 11:00,6,5,1
10/2/2017 12:00,8,6,2
10/2/2017 13:00,5,4,1
10/2/2017 14:00,9,8,1
10/2/2017 15:00,9,6,3
10/2/2017 16:00,13,10,3
10/2/2017 17:00,18,13,5
10/2/2017 18:00,20,10,10
10/2/2017 19:00,13,9,4
10/2/2017 20:00,5,2,3
10/2/2017 21:00,7,4,3
10/2/2017 22:00,3,2,1
10/2/2017 23:00,2,0,2
10/3/2017 0:00,0,0,0
10/3/2017 1:00,0,0,0
10/3/2017 2:00,0,0,0
10/3/2017 3:00,0,0,0
10/3/2017 4:00,0,0,0
10/3/2017 5:00,0,0,0
10/3/2017 6:00,3,1,2
10/3/2017 7:00,14,6,8
10/3/2017 8:00,15,3,12
10/3/2017 9:00,6,3,3
10/3/2017 10:00,4,2,2
10/3/2017 11:00,7,5,2
10/3/2017 12:00,10,5,5
10/3/2017 13:00,10,8,2
10/3/2017 14:00,8,8,0
10/3/2017 15:00,14,8,6
10/3/2017 16:00,15,9,6
10/3/2017 17:00,23,12,11
10/3/2017 18:00,25,18,7
10/3/2017 19:00,4,2,2
10/3/2017 20:00,0,0,0
10/3/2017 21:00,0,0,0
10/3/2017 22:00,0,0,0
10/3/2017 23:00,0,0,0
10/4/2017 0:00,0,0,0
10/4/2017 1:00,0,0,0
10/4/2017 2:00,0,0,0
10/4/2017 3:00,0,0,0
10/4/2017 4:00,0,0,0
10/4/2017 5:00,0,0,0
10/4/2017 6:00,0,0,0
10/4/2017 7:00,6,3,3
10/4/2017 8:00,7,3,4
10/4/2017 9:00,6,5,1
10/4/2017 10:00,9,4,5
10/4/2017 11:00,10,8,2
10/4/2017 12:00,10,7,3
10/4/2017 13:00,8,5,3
10/4/2017 14:00,7,6,1
10/4/2017 15:00,9,3,6
10/4/2017 16:00,15,10,5
10/4/2017 17:00,19,15,4
10/4/2017 18:00,25,16,9
10/4/2017 19:00,17,4,13
10/4/2017 20:00,8,5,3
10/4/2017 21:00,4,2,2
10/4/2017 22:00,4,1,3
10/4/2017 23:00,0,0,0
10/5/2017 0:00,0,0,0
10/5/2017 1:00,1,0,1
10/5/2017 2:00,0,0,0
10/5/2017 3:00,0,0,0
10/5/2017 4:00,0,0,0
10/5/2017 5:00,1,0,1
10/5/2017 6:00,3,1,2
10/5/2017 7:00,11,4,7
10/5/2017 8:00,9,4,5
10/5/2017 9:00,5,4,1
10/5/2017 10:00,6,3,3
10/5/2017 11:00,11,6,5
10/5/2017 12:00,11,9,2
10/5/2017 13:00,3,3,0
10/5/2017 14:00,11,4,7
10/5/2017 15:00,15,9,6
10/5/2017 16:00,12,9,3
10/5/2017 17:00,16,11,5
10/5/2017 18:00,18,9,9
10/5/2017 19:00,12,4,8
10/5/2017 20:00,5,1,4
10/5/2017 21:00,1,1,0
10/5/2017 22:00,2,1,1
10/5/2017 23:00,0,0,0
10/6/2017 0:00,0,0,0
10/6/2017 1:00,2,1,1
10/6/2017 2:00,0,0,0
10/6/2017 3:00,0,0,0
10/6/2017 4:00,0,0,0
10/6/2017 5:00,0,0,0
10/6/2017 6:00,4,1,3
10/6/2017 7:00,6,3,3
10/6/2017 8:00,9,3,6
10/6/2017 9:00,8,7,1
10/6/2017 10:00,7,3,4
10/6/2017 11:00,10,6,4
10/6/2017 12:00,13,10,3
10/6/2017 13:00,5,1,4
10/6/2017 14:00,11,7,4
10/6/2017 15:00,10,6,4
10/6/2017 16:00,17,7,10
10/6/2017 17:00,14,5,9
10/6/2017 18:00,17,8,9
10/6/2017 19:00,4,3,1
10/6/2017 20:00,5,1,4
10/6/2017 21:00,4,2,2
10/6/2017 22:00,3,1,2
10/6/2017 23:00,1,1,0
10/7/2017 0:00,0,0,0
10/7/2017 1:00,1,1,0
10/7/2017 2:00,0,0,0
10/7/2017 3:00,0,0,0
10/7/2017 4:00,0,0,0
10/7/2017 5:00,0,0,0
10/7/2017 6:00,1,1,0
10/7/2017 7:00,0,0,0
10/7/2017 8:00,3,2,1
10/7/2017 9:00,11,5,6
10/7/2017 10:00,14,10,4
10/7/2017 11:00,10,3,7
10/7/2017 12:00,14,9,5
10/7/2017 13:00,7,6,1
10/7/2017 14:00,7,6,1
10/7/2017 15:00,9,5,4
10/7/2017 16:00,13,7,6
10/7/2017 17:00,10,5,5
10/7/2017 18:00,10,7,3
10/7/2017 19:00,7,6,1
10/7/2017 20:00,2,0,2
10/7/2017 21:00,4,2,2
10/7/2017 22:00,1,0,1
10/7/2017 23:00,3,2,1
10/8/2017 0:00,0,0,0
10/8/2017 1:00,2,0,2
10/8/2017 2:00,1,1,0
10/8/2017 3:00,1,0,1
10/8/2017 4:00,2,1,1
10/8/2017 5:00,1,0,1
10/8/2017 6:00,0,0,0
10/8/2017 7:00,0,0,0
10/8/2017 8:00,1,1,0
10/8/2017 9:00,7,4,3
10/8/2017 10:00,13,9,4
10/8/2017 11:00,14,9,5
10/8/2017 12:00,19,16,3
10/8/2017 13:00,12,8,4
10/8/2017 14:00,12,6,6
10/8/2017 15:00,8,4,4
10/8/2017 16:00,13,9,4
10/8/2017 17:00,5,3,2
10/8/2017 18:00,10,3,7
10/8/2017 19:00,3,0,3
10/8/2017 20:00,1,0,1
10/8/2017 21:00,2,0,2
10/8/2017 22:00,1,0,1
10/8/2017 23:00,1,1,0
10/9/2017 0:00,0,0,0
10/9/2017 1:00,0,0,0
10/9/2017 2:00,0,0,0
10/9/2017 3:00,0,0,0
10/9/2017 4:00,0,0,0
10/9/2017 5:00,0,0,0
10/9/2017 6:00,1,0,1
10/9/2017 7:00,8,6,2
10/9/2017 8:00,13,6,7
10/9/2017 9:00,8,6,2
10/9/2017 10:00,6,3,3
10/9/2017 11:00,12,9,3
10/9/2017 12:00,15,8,7
10/9/2017 13:00,12,5,7
10/9/2017 14:00,4,3,1
10/9/2017 15:00,11,7,4
10/9/2017 16:00,8,6,2
10/9/2017 17:00,20,13,7
10/9/2017 18:00,10,5,5
10/9/2017 19:00,5,2,3
10/9/2017 20:00,9,4,5
10/9/2017 21:00,4,2,2
10/9/2017 22:00,4,2,2
10/9/2017 23:00,1,1,0
10/10/2017 0:00,0,0,0
10/10/2017 1:00,1,1,0
10/10/2017 2:00,0,0,0
10/10/2017 3:00,0,0,0
10/10/2017 4:00,0,0,0
10/10/2017 5:00,1,0,1
10/10/2017 6:00,1,1,0
10/10/2017 7:00,13,8,5
10/10/2017 8:00,10,5,5
10/10/2017 9:00,10,3,7
10/10/2017 10:00,11,9,2
10/10/2017 11:00,5,3,2
10/10/2017 12:00,8,6,2
10/10/2017 13:00,10,3,7
10/10/2017 14:00,7,5,2
10/10/2017 15:00,6,3,3
10/10/2017 16:00,6,4,2
10/10/2017 17:00,21,13,8
10/10/2017 18:00,16,10,6
10/10/2017 19:00,6,2,4
10/10/2017 20:00,8,3,5
10/10/2017 21:00,5,3,2
10/10/2017 22:00,2,2,0
10/10/2017 23:00,0,0,0
10/11/2017 0:00,0,0,0
10/11/2017 1:00,0,0,0
10/11/2017 2:00,0,0,0
10/11/2017 3:00,0,0,0
10/11/2017 4:00,0,0,0
10/11/2017 5:00,0,0,0
10/11/2017 6:00,4,2,2
10/11/2017 7:00,4,1,3
10/11/2017 8:00,7,4,3
10/11/2017 9:00,17,8,9
10/11/2017 10:00,9,8,1
10/11/2017 11:00,8,5,3
10/11/2017 12:00,6,4,2
10/11/2017 13:00,9,8,1
10/11/2017 14:00,10,8,2
10/11/2017 15:00,9,5,4
10/11/2017 16:00,7,5,2
10/11/2017 17:00,18,14,4
10/11/2017 18:00,13,8,5
10/11/2017 19:00,10,5,5
10/11/2017 20:00,6,5,1
10/11/2017 21:00,1,1,0
10/11/2017 22:00,2,2,0
10/11/2017 23:00,0,0,0
10/12/2017 0:00,1,0,1
10/12/2017 1:00,1,1,0
10/12/2017 2:00,0,0,0
10/12/2017 3:00,0,0,0
10/12/2017 4:00,0,0,0
10/12/2017 5:00,0,0,0
10/12/2017 6:00,4,1,3
10/12/2017 7:00,8,2,6
10/12/2017 8:00,8,4,4
10/12/2017 9:00,3,1,2
10/12/2017 10:00,6,6,0
10/12/2017 11:00,6,4,2
10/12/2017 12:00,4,1,3
10/12/2017 13:00,3,2,1
10/12/2017 14:00,4,2,2
10/12/2017 15:00,6,4,2
10/12/2017 16:00,12,3,9
10/12/2017 17:00,10,8,2
10/12/2017 18:00,18,11,7
10/12/2017 19:00,8,2,6
10/12/2017 20:00,9,5,4
10/12/2017 21:00,4,1,3
10/12/2017 22:00,1,1,0
10/12/2017 23:00,4,3,1
10/13/2017 0:00,0,0,0
10/13/2017 1:00,0,0,0
10/13/2017 2:00,0,0,0
10/13/2017 3:00,0,0,0
10/13/2017 4:00,0,0,0
10/13/2017 5:00,1,0,1
10/13/2017 6:00,2,1,1
10/13/2017 7:00,4,1,3
10/13/2017 8:00,6,4,2
10/13/2017 9:00,11,4,7
10/13/2017 10:00,6,3,3
10/13/2017 11:00,11,6,5
10/13/2017 12:00,6,3,3
10/13/2017 13:00,3,1,2
10/13/2017 14:00,11,7,4
10/13/2017 15:00,9,8,1
10/13/2017 16:00,14,10,4
10/13/2017 17:00,16,12,4
10/13/2017 18:00,14,7,7
10/13/2017 19:00,8,2,6
10/13/2017 20:00,4,3,1
10/13/2017 21:00,1,0,1
10/13/2017 22:00,2,0,2
10/13/2017 23:00,2,1,1
10/14/2017 0:00,0,0,0
10/14/2017 1:00,0,0,0
10/14/2017 2:00,4,3,1
10/14/2017 3:00,0,0,0
10/14/2017 4:00,0,0,0
10/14/2017 5:00,0,0,0
10/14/2017 6:00,1,1,0
10/14/2017 7:00,3,2,1
10/14/2017 8:00,2,0,2
10/14/2017 9:00,11,10,1
10/14/2017 10:00,8,6,2
10/14/2017 11:00,16,6,10
10/14/2017 12:00,18,7,11
10/14/2017 13:00,15,13,2
10/14/2017 14:00,12,5,7
10/14/2017 15:00,8,3,5
10/14/2017 16:00,14,8,6
10/14/2017 17:00,6,3,3
10/14/2017 18:00,11,4,7
10/14/2017 19:00,6,4,2
10/14/2017 20:00,3,1,2
10/14/2017 21:00,1,0,1
10/14/2017 22:00,3,2,1
10/14/2017 23:00,1,1,0
10/15/2017 0:00,0,0,0
10/15/2017 1:00,1,1,0
10/15/2017 2:00,0,0,0
10/15/2017 3:00,0,0,0
10/15/2017 4:00,0,0,0
10/15/2017 5:00,0,0,0
10/15/2017 6:00,0,0,0
10/15/2017 7:00,2,1,1
10/15/2017 8:00,8,5,3
10/15/2017 9:00,6,3,3
10/15/2017 10:00,7,7,0
10/15/2017 11:00,17,7,10
10/15/2017 12:00,12,11,1
10/15/2017 13:00,19,10,9
10/15/2017 14:00,22,14,8
10/15/2017 15:00,28,16,12
10/15/2017 16:00,16,8,8
10/15/2017 17:00,13,5,8
10/15/2017 18:00,5,2,3
10/15/2017 19:00,5,3,2
10/15/2017 20:00,6,2,4
10/15/2017 21:00,4,2,2
10/15/2017 22:00,0,0,0
10/15/2017 23:00,1,0,1
10/16/2017 0:00,1,0,1
10/16/2017 1:00,0,0,0
10/16/2017 2:00,0,0,0
10/16/2017 3:00,0,0,0
10/16/2017 4:00,0,0,0
10/16/2017 5:00,1,0,1
10/16/2017 6:00,3,2,1
10/16/2017 7:00,7,3,4
10/16/2017 8:00,15,6,9
10/16/2017 9:00,5,3,2
10/16/2017 10:00,11,5,6
10/16/2017 11:00,3,2,1
10/16/2017 12:00,6,2,4
10/16/2017 13:00,13,9,4
10/16/2017 14:00,6,5,1
10/16/2017 15:00,11,5,6
10/16/2017 16:00,8,5,3
10/16/2017 17:00,15,7,8
10/16/2017 18:00,12,7,5
10/16/2017 19:00,6,2,4
10/16/2017 20:00,0,0,0
10/16/2017 21:00,1,0,1
10/16/2017 22:00,2,1,1
10/16/2017 23:00,1,0,1
10/17/2017 0:00,0,0,0
10/17/2017 1:00,0,0,0
10/17/2017 2:00,2,2,0
10/17/2017 3:00,0,0,0
10/17/2017 4:00,0,0,0
10/17/2017 5:00,2,1,1
10/17/2017 6:00,0,0,0
10/17/2017 7:00,4,1,3
10/17/2017 8:00,4,3,1
10/17/2017 9:00,8,2,6
10/17/2017 10:00,5,3,2
10/17/2017 11:00,7,5,2
10/17/2017 12:00,8,7,1
10/17/2017 13:00,11,6,5
10/17/2017 14:00,9,4,5
10/17/2017 15:00,7,4,3
10/17/2017 16:00,11,7,4
10/17/2017 17:00,11,6,5
10/17/2017 18:00,15,9,6
10/17/2017 19:00,9,2,7
10/17/2017 20:00,2,0,2
10/17/2017 21:00,3,1,2
10/17/2017 22:00,1,1,0
10/17/2017 23:00,1,1,0
10/18/2017 0:00,0,0,0
10/18/2017 1:00,1,0,1
10/18/2017 2:00,0,0,0
10/18/2017 3:00,0,0,0
10/18/2017 4:00,1,1,0
10/18/2017 5:00,0,0,0
10/18/2017 6:00,2,2,0
10/18/2017 7:00,5,1,4
10/18/2017 8:00,7,2,5
10/18/2017 9:00,10,4,6
10/18/2017 10:00,9,7,2
10/18/2017 11:00,4,3,1
10/18/2017 12:00,4,2,2
10/18/2017 13:00,6,3,3
10/18/2017 14:00,5,3,2
10/18/2017 15:00,6,3,3
10/18/2017 16:00,3,1,2
10/18/2017 17:00,6,3,3
10/18/2017 18:00,7,5,2
10/18/2017 19:00,10,8,2
10/18/2017 20:00,2,2,0
10/18/2017 21:00,5,3,2
10/18/2017 22:00,1,1,0
10/18/2017 23:00,0,0,0
10/19/2017 0:00,0,0,0
10/19/2017 1:00,0,0,0
10/19/2017 2:00,0,0,0
10/19/2017 3:00,0,0,0
10/19/2017 4:00,0,0,0
10/19/2017 5:00,1,1,0
10/19/2017 6:00,2,1,1
10/19/2017 7:00,2,1,1
10/19/2017 8:00,7,4,3
10/19/2017 9:00,3,3,0
10/19/2017 10:00,9,8,1
10/19/2017 11:00,3,3,0
10/19/2017 12:00,2,1,1
10/19/2017 13:00,6,5,1
10/19/2017 14:00,10,6,4
10/19/2017 15:00,7,5,2
10/19/2017 16:00,3,3,0
10/19/2017 17:00,9,8,1
10/19/2017 18:00,6,2,4
10/19/2017 19:00,7,4,3
10/19/2017 20:00,4,2,2
10/19/2017 21:00,3,2,1
10/19/2017 22:00,2,2,0
10/19/2017 23:00,1,1,0
10/20/2017 0:00,2,2,0
10/20/2017 1:00,1,0,1
10/20/2017 2:00,0,0,0
10/20/2017 3:00,0,0,0
10/20/2017 4:00,0,0,0
10/20/2017 5:00,0,0,0
10/20/2017 6:00,4,4,0
10/20/2017 7:00,5,2,3
10/20/2017 8:00,9,4,5
10/20/2017 9:00,8,6,2
10/20/2017 10:00,12,8,4
10/20/2017 11:00,8,7,1
10/20/2017 12:00,15,11,4
10/20/2017 13:00,8,6,2
10/20/2017 14:00,3,2,1
10/20/2017 15:00,6,3,3
10/20/2017 16:00,14,12,2
10/20/2017 17:00,12,5,7
10/20/2017 18:00,8,3,5
10/20/2017 19:00,6,4,2
10/20/2017 20:00,7,2,5
10/20/2017 21:00,6,3,3
10/20/2017 22:00,3,2,1
10/20/2017 23:00,0,0,0
10/21/2017 0:00,1,0,1
10/21/2017 1:00,3,1,2
10/21/2017 2:00,0,0,0
10/21/2017 3:00,2,1,1
10/21/2017 4:00,0,0,0
10/21/2017 5:00,0,0,0
10/21/2017 6:00,1,1,0
10/21/2017 7:00,0,0,0
10/21/2017 8:00,3,2,1
10/21/2017 9:00,13,5,8
10/21/2017 10:00,11,10,1
10/21/2017 11:00,2,0,2
10/21/2017 12:00,11,6,5
10/21/2017 13:00,14,10,4
10/21/2017 14:00,6,3,3
10/21/2017 15:00,2,2,0
10/21/2017 16:00,4,3,1
10/21/2017 17:00,2,1,1
10/21/2017 18:00,4,4,0
10/21/2017 19:00,4,4,0
10/21/2017 20:00,4,2,2
10/21/2017 21:00,1,0,1
10/21/2017 22:00,0,0,0
10/21/2017 23:00,0,0,0
10/22/2017 0:00,0,0,0
10/22/2017 1:00,0,0,0
10/22/2017 2:00,2,1,1
10/22/2017 3:00,0,0,0
10/22/2017 4:00,0,0,0
10/22/2017 5:00,0,0,0
10/22/2017 6:00,0,0,0
10/22/2017 7:00,0,0,0
10/22/2017 8:00,2,1,1
10/22/2017 9:00,3,2,1
10/22/2017 10:00,9,5,4
10/22/2017 11:00,17,7,10
10/22/2017 12:00,17,7,10
10/22/2017 13:00,17,10,7
10/22/2017 14:00,7,3,4
10/22/2017 15:00,10,7,3
10/22/2017 16:00,11,2,9
10/22/2017 17:00,11,4,7
10/22/2017 18:00,5,1,4
10/22/2017 19:00,5,4,1
10/22/2017 20:00,1,0,1
10/22/2017 21:00,3,0,3
10/22/2017 22:00,0,0,0
10/22/2017 23:00,1,1,0
10/23/2017 0:00,1,0,1
10/23/2017 1:00,0,0,0
10/23/2017 2:00,0,0,0
10/23/2017 3:00,0,0,0
10/23/2017 4:00,0,0,0
10/23/2017 5:00,0,0,0
10/23/2017 6:00,6,2,4
10/23/2017 7:00,8,3,5
10/23/2017 8:00,11,6,5
10/23/2017 9:00,15,10,5
10/23/2017 10:00,6,2,4
10/23/2017 11:00,5,3,2
10/23/2017 12:00,7,4,3
10/23/2017 13:00,18,9,9
10/23/2017 14:00,9,4,5
10/23/2017 15:00,19,9,10
10/23/2017 16:00,27,12,15
10/23/2017 17:00,20,8,12
10/23/2017 18:00,15,9,6
10/23/2017 19:00,4,2,2
10/23/2017 20:00,6,2,4
10/23/2017 21:00,1,1,0
10/23/2017 22:00,2,0,2
10/23/2017 23:00,0,0,0
10/24/2017 0:00,1,1,0
10/24/2017 1:00,0,0,0
10/24/2017 2:00,1,1,0
10/24/2017 3:00,0,0,0
10/24/2017 4:00,0,0,0
10/24/2017 5:00,0,0,0
10/24/2017 6:00,2,1,1
10/24/2017 7:00,11,6,5
10/24/2017 8:00,13,7,6
10/24/2017 9:00,8,4,4
10/24/2017 10:00,9,8,1
10/24/2017 11:00,5,3,2
10/24/2017 12:00,13,5,8
10/24/2017 13:00,9,4,5
10/24/2017 14:00,13,7,6
10/24/2017 15:00,10,5,5
10/24/2017 16:00,7,4,3
10/24/2017 17:00,22,12,10
10/24/2017 18:00,14,7,7
10/24/2017 19:00,12,6,6
10/24/2017 20:00,6,2,4
10/24/2017 21:00,4,2,2
10/24/2017 22:00,0,0,0
10/24/2017 23:00,3,2,1
10/25/2017 0:00,0,0,0
10/25/2017 1:00,0,0,0
10/25/2017 2:00,0,0,0
10/25/2017 3:00,0,0,0
10/25/2017 4:00,0,0,0
10/25/2017 5:00,0,0,0
10/25/2017 6:00,1,1,0
10/25/2017 7:00,6,2,4
10/25/2017 8:00,8,4,4
10/25/2017 9:00,4,2,2
10/25/2017 10:00,7,6,1
10/25/2017 11:00,19,12,7
10/25/2017 12:00,9,9,0
10/25/2017 13:00,10,8,2
10/25/2017 14:00,4,3,1
10/25/2017 15:00,11,5,6
10/25/2017 16:00,9,5,4
10/25/2017 17:00,15,8,7
10/25/2017 18:00,19,8,11
10/25/2017 19:00,7,4,3
10/25/2017 20:00,7,2,5
10/25/2017 21:00,6,3,3
10/25/2017 22:00,4,2,2
10/25/2017 23:00,3,2,1
10/26/2017 0:00,1,0,1
10/26/2017 1:00,1,0,1
10/26/2017 2:00,0,0,0
10/26/2017 3:00,0,0,0
10/26/2017 4:00,0,0,0
10/26/2017 5:00,0,0,0
10/26/2017 6:00,6,2,4
10/26/2017 7:00,3,1,2
10/26/2017 8:00,7,5,2
10/26/2017 9:00,9,5,4
10/26/2017 10:00,2,1,1
10/26/2017 11:00,13,11,2
10/26/2017 12:00,1,0,1
10/26/2017 13:00,12,4,8
10/26/2017 14:00,9,7,2
10/26/2017 15:00,15,11,4
10/26/2017 16:00,25,11,14
10/26/2017 17:00,25,15,10
10/26/2017 18:00,23,14,9
10/26/2017 19:00,10,5,5
10/26/2017 20:00,4,2,2
10/26/2017 21:00,1,1,0
10/26/2017 22:00,3,0,3
10/26/2017 23:00,1,1,0
10/27/2017 0:00,0,0,0
10/27/2017 1:00,1,1,0
10/27/2017 2:00,0,0,0
10/27/2017 3:00,0,0,0
10/27/2017 4:00,0,0,0
10/27/2017 5:00,1,0,1
10/27/2017 6:00,4,3,1
10/27/2017 7:00,8,0,8
10/27/2017 8:00,7,4,3
10/27/2017 9:00,8,6,2
10/27/2017 10:00,13,9,4
10/27/2017 11:00,7,5,2
10/27/2017 12:00,5,5,0
10/27/2017 13:00,3,3,0
10/27/2017 14:00,8,5,3
10/27/2017 15:00,21,13,8
10/27/2017 16:00,14,6,8
10/27/2017 17:00,9,3,6
10/27/2017 18:00,12,10,2
10/27/2017 19:00,8,5,3
10/27/2017 20:00,7,6,1
10/27/2017 21:00,5,3,2
10/27/2017 22:00,0,0,0
10/27/2017 23:00,2,1,1
10/28/2017 0:00,0,0,0
10/28/2017 1:00,3,2,1
10/28/2017 2:00,0,0,0
10/28/2017 3:00,0,0,0
10/28/2017 4:00,0,0,0
10/28/2017 5:00,0,0,0
10/28/2017 6:00,0,0,0
10/28/2017 7:00,3,1,2
10/28/2017 8:00,2,0,2
10/28/2017 9:00,8,3,5
10/28/2017 10:00,8,5,3
10/28/2017 11:00,11,8,3
10/28/2017 12:00,18,6,12
10/28/2017 13:00,12,9,3
10/28/2017 14:00,15,10,5
10/28/2017 15:00,17,7,10
10/28/2017 16:00,9,6,3
10/28/2017 17:00,11,6,5
10/28/2017 18:00,9,3,6
10/28/2017 19:00,3,3,0
10/28/2017 20:00,6,1,5
10/28/2017 21:00,3,1,2
10/28/2017 22:00,1,0,1
10/28/2017 23:00,0,0,0
10/29/2017 0:00,1,0,1
10/29/2017 1:00,4,3,1
10/29/2017 2:00,0,0,0
10/29/2017 3:00,0,0,0
10/29/2017 4:00,0,0,0
10/29/2017 5:00,0,0,0
10/29/2017 6:00,0,0,0
10/29/2017 7:00,2,1,1
10/29/2017 8:00,3,1,2
10/29/2017 9:00,8,2,6
10/29/2017 10:00,8,7,1
10/29/2017 11:00,14,8,6
10/29/2017 12:00,15,5,10
10/29/2017 13:00,15,10,5
10/29/2017 14:00,24,13,11
10/29/2017 15:00,18,6,12
10/29/2017 16:00,20,10,10
10/29/2017 17:00,10,9,1
10/29/2017 18:00,3,2,1
10/29/2017 19:00,1,1,0
10/29/2017 20:00,2,1,1
10/29/2017 21:00,2,1,1
10/29/2017 22:00,1,0,1
10/29/2017 23:00,3,1,2
10/30/2017 0:00,0,0,0
10/30/2017 1:00,0,0,0
10/30/2017 2:00,0,0,0
10/30/2017 3:00,0,0,0
10/30/2017 4:00,0,0,0
10/30/2017 5:00,1,0,1
10/30/2017 6:00,2,0,2
10/30/2017 7:00,8,5,3
10/30/2017 8:00,9,3,6
10/30/2017 9:00,8,5,3
10/30/2017 10:00,7,3,4
10/30/2017 11:00,7,6,1
10/30/2017 12:00,9,7,2
10/30/2017 13:00,10,7,3
10/30/2017 14:00,6,6,0
10/30/2017 15:00,10,8,2
10/30/2017 16:00,11,7,4
10/30/2017 17:00,20,13,7
10/30/2017 18:00,23,14,9
10/30/2017 19:00,4,2,2
10/30/2017 20:00,2,1,1
10/30/2017 21:00,2,0,2
10/30/2017 22:00,0,0,0
10/30/2017 23:00,0,0,0
10/31/2017 0:00,0,0,0
10/31/2017 1:00,0,0,0
10/31/2017 2:00,0,0,0
10/31/2017 3:00,0,0,0
10/31/2017 4:00,0,0,0
10/31/2017 5:00,1,1,0
10/31/2017 6:00,1,0,1
10/31/2017 7:00,9,3,6
10/31/2017 8:00,5,5,0
10/31/2017 9:00,7,3,4
10/31/2017 10:00,7,2,5
10/31/2017 11:00,8,6,2
10/31/2017 12:00,5,1,4
10/31/2017 13:00,14,6,8
10/31/2017 14:00,7,3,4
10/31/2017 15:00,8,6,2
10/31/2017 16:00,8,4,4
10/31/2017 17:00,14,4,10
10/31/2017 18:00,7,4,3
10/31/2017 19:00,5,3,2
10/31/2017 20:00,5,2,3
10/31/2017 21:00,2,0,2
10/31/2017 22:00,3,1,2
10/31/2017 23:00,1,1,0
11/1/2017 0:00,1,0,1
11/1/2017 1:00,0,0,0
11/1/2017 2:00,0,0,0
11/1/2017 3:00,0,0,0
11/1/2017 4:00,2,1,1
11/1/2017 5:00,1,1,0
11/1/2017 6:00,2,2,0
11/1/2017 7:00,2,1,1
11/1/2017 8:00,4,3,1
11/1/2017 9:00,5,3,2
11/1/2017 10:00,5,4,1
11/1/2017 11:00,6,5,1
11/1/2017 12:00,6,4,2
11/1/2017 13:00,9,7,2
11/1/2017 14:00,12,6,6
11/1/2017 15:00,10,5,5
11/1/2017 16:00,8,7,1
11/1/2017 17:00,11,5,6
11/1/2017 18:00,13,4,9
11/1/2017 19:00,4,1,3
11/1/2017 20:00,3,1,2
11/1/2017 21:00,0,0,0
11/1/2017 22:00,1,0,1
11/1/2017 23:00,2,2,0
11/2/2017 0:00,0,0,0
11/2/2017 1:00,1,1,0
11/2/2017 2:00,0,0,0
11/2/2017 3:00,0,0,0
11/2/2017 4:00,0,0,0
11/2/2017 5:00,0,0,0
11/2/2017 6:00,1,1,0
11/2/2017 7:00,1,0,1
11/2/2017 8:00,4,2,2
11/2/2017 9:00,8,8,0
11/2/2017 10:00,12,6,6
11/2/2017 11:00,5,3,2
11/2/2017 12:00,7,2,5
11/2/2017 13:00,7,4,3
11/2/2017 14:00,6,1,5
11/2/2017 15:00,7,5,2
11/2/2017 16:00,8,4,4
11/2/2017 17:00,11,7,4
11/2/2017 18:00,14,3,11
11/2/2017 19:00,8,2,6
11/2/2017 20:00,6,4,2
11/2/2017 21:00,1,0,1
11/2/2017 22:00,1,0,1
11/2/2017 23:00,4,2,2
11/3/2017 0:00,4,3,1
11/3/2017 1:00,0,0,0
11/3/2017 2:00,0,0,0
11/3/2017 3:00,1,1,0
11/3/2017 4:00,2,1,1
11/3/2017 5:00,0,0,0
11/3/2017 6:00,1,0,1
11/3/2017 7:00,4,1,3
11/3/2017 8:00,8,5,3
11/3/2017 9:00,13,10,3
11/3/2017 10:00,4,4,0
11/3/2017 11:00,8,7,1
11/3/2017 12:00,5,3,2
11/3/2017 13:00,9,7,2
11/3/2017 14:00,7,5,2
11/3/2017 15:00,8,4,4
11/3/2017 16:00,12,7,5
11/3/2017 17:00,9,8,1
11/3/2017 18:00,9,5,4
11/3/2017 19:00,8,7,1
11/3/2017 20:00,8,4,4
11/3/2017 21:00,1,0,1
11/3/2017 22:00,2,1,1
11/3/2017 23:00,0,0,0
11/4/2017 0:00,2,1,1
11/4/2017 1:00,1,1,0
11/4/2017 2:00,0,0,0
11/4/2017 3:00,0,0,0
11/4/2017 4:00,0,0,0
11/4/2017 5:00,1,1,0
11/4/2017 6:00,1,1,0
11/4/2017 7:00,2,2,0
11/4/2017 8:00,2,1,1
11/4/2017 9:00,6,4,2
11/4/2017 10:00,5,4,1
11/4/2017 11:00,9,7,2
11/4/2017 12:00,12,8,4
11/4/2017 13:00,10,6,4
11/4/2017 14:00,12,9,3
11/4/2017 15:00,4,2,2
11/4/2017 16:00,5,1,4
11/4/2017 17:00,3,3,0
11/4/2017 18:00,6,5,1
11/4/2017 19:00,2,1,1
11/4/2017 20:00,2,1,1
11/4/2017 21:00,0,0,0
11/4/2017 22:00,2,2,0
11/4/2017 23:00,0,0,0
11/5/2017 0:00,0,0,0
11/5/2017 1:00,1,0,1
11/5/2017 2:00,1,0,1
11/5/2017 3:00,0,0,0
11/5/2017 4:00,0,0,0
11/5/2017 5:00,0,0,0
11/5/2017 6:00,0,0,0
11/5/2017 7:00,0,0,0
11/5/2017 8:00,1,1,0
11/5/2017 9:00,0,0,0
11/5/2017 10:00,1,0,1
11/5/2017 11:00,0,0,0
11/5/2017 12:00,0,0,0
11/5/2017 13:00,0,0,0
11/5/2017 14:00,0,0,0
11/5/2017 15:00,3,2,1
11/5/2017 16:00,6,5,1
11/5/2017 17:00,5,3,2
11/5/2017 18:00,2,2,0
11/5/2017 19:00,1,0,1
11/5/2017 20:00,1,1,0
11/5/2017 21:00,0,0,0
11/5/2017 22:00,0,0,0
11/5/2017 23:00,0,0,0
11/6/2017 0:00,0,0,0
11/6/2017 1:00,0,0,0
11/6/2017 2:00,0,0,0
11/6/2017 3:00,0,0,0
11/6/2017 4:00,0,0,0
11/6/2017 5:00,2,1,1
11/6/2017 6:00,5,4,1
11/6/2017 7:00,4,1,3
11/6/2017 8:00,5,4,1
11/6/2017 9:00,3,3,0
11/6/2017 10:00,6,3,3
11/6/2017 11:00,4,4,0
11/6/2017 12:00,3,2,1
11/6/2017 13:00,6,6,0
11/6/2017 14:00,8,6,2
11/6/2017 15:00,5,2,3
11/6/2017 16:00,5,1,4
11/6/2017 17:00,9,4,5
11/6/2017 18:00,9,6,3
11/6/2017 19:00,8,4,4
11/6/2017 20:00,10,4,6
11/6/2017 21:00,0,0,0
11/6/2017 22:00,4,2,2
11/6/2017 23:00,1,0,1
11/7/2017 0:00,2,0,2
11/7/2017 1:00,0,0,0
11/7/2017 2:00,0,0,0
11/7/2017 3:00,1,0,1
11/7/2017 4:00,0,0,0
11/7/2017 5:00,1,0,1
11/7/2017 6:00,3,0,3
11/7/2017 7:00,9,6,3
11/7/2017 8:00,15,12,3
11/7/2017 9:00,16,12,4
11/7/2017 10:00,6,5,1
11/7/2017 11:00,15,13,2
11/7/2017 12:00,10,5,5
11/7/2017 13:00,6,5,1
11/7/2017 14:00,11,8,3
11/7/2017 15:00,8,7,1
11/7/2017 16:00,13,9,4
11/7/2017 17:00,28,25,3
11/7/2017 18:00,24,16,8
11/7/2017 19:00,25,19,6
11/7/2017 20:00,5,2,3
11/7/2017 21:00,3,0,3
11/7/2017 22:00,1,0,1
11/7/2017 23:00,0,0,0
11/8/2017 0:00,0,0,0
11/8/2017 1:00,3,3,0
11/8/2017 2:00,0,0,0
11/8/2017 3:00,0,0,0
11/8/2017 4:00,0,0,0
11/8/2017 5:00,3,1,2
11/8/2017 6:00,2,1,1
11/8/2017 7:00,7,2,5
11/8/2017 8:00,0,0,0
11/8/2017 9:00,7,5,2
11/8/2017 10:00,8,7,1
11/8/2017 11:00,8,3,5
11/8/2017 12:00,4,3,1
11/8/2017 13:00,8,6,2
11/8/2017 14:00,4,3,1
11/8/2017 15:00,6,4,2
11/8/2017 16:00,6,2,4
11/8/2017 17:00,5,3,2
11/8/2017 18:00,4,2,2
11/8/2017 19:00,8,5,3
11/8/2017 20:00,4,2,2
11/8/2017 21:00,2,2,0
11/8/2017 22:00,0,0,0
11/8/2017 23:00,1,0,1
11/9/2017 0:00,0,0,0
11/9/2017 1:00,0,0,0
11/9/2017 2:00,1,1,0
11/9/2017 3:00,0,0,0
11/9/2017 4:00,0,0,0
11/9/2017 5:00,0,0,0
11/9/2017 6:00,2,2,0
11/9/2017 7:00,5,2,3
11/9/2017 8:00,6,4,2
11/9/2017 9:00,7,6,1
11/9/2017 10:00,2,1,1
11/9/2017 11:00,7,5,2
11/9/2017 12:00,5,4,1
11/9/2017 13:00,5,2,3
11/9/2017 14:00,2,1,1
11/9/2017 15:00,7,4,3
11/9/2017 16:00,10,4,6
11/9/2017 17:00,10,5,5
11/9/2017 18:00,9,7,2
11/9/2017 19:00,5,3,2
11/9/2017 20:00,9,7,2
11/9/2017 21:00,1,0,1
11/9/2017 22:00,0,0,0
11/9/2017 23:00,0,0,0
11/10/2017 0:00,0,0,0
11/10/2017 1:00,0,0,0
11/10/2017 2:00,0,0,0
11/10/2017 3:00,0,0,0
11/10/2017 4:00,0,0,0
11/10/2017 5:00,0,0,0
11/10/2017 6:00,3,2,1
11/10/2017 7:00,6,4,2
11/10/2017 8:00,4,4,0
11/10/2017 9:00,7,6,1
11/10/2017 10:00,7,6,1
11/10/2017 11:00,10,7,3
11/10/2017 12:00,10,8,2
11/10/2017 13:00,18,13,5
11/10/2017 14:00,12,5,7
11/10/2017 15:00,7,6,1
11/10/2017 16:00,9,6,3
11/10/2017 17:00,5,2,3
11/10/2017 18:00,5,2,3
11/10/2017 19:00,7,5,2
11/10/2017 20:00,5,4,1
11/10/2017 21:00,1,0,1
11/10/2017 22:00,0,0,0
11/10/2017 23:00,4,4,0
11/11/2017 0:00,1,1,0
11/11/2017 1:00,0,0,0
11/11/2017 2:00,0,0,0
11/11/2017 3:00,0,0,0
11/11/2017 4:00,0,0,0
11/11/2017 5:00,0,0,0
11/11/2017 6:00,0,0,0
11/11/2017 7:00,4,3,1
11/11/2017 8:00,2,1,1
11/11/2017 9:00,4,4,0
11/11/2017 10:00,5,4,1
11/11/2017 11:00,3,1,2
11/11/2017 12:00,8,4,4
11/11/2017 13:00,8,6,2
11/11/2017 14:00,3,2,1
11/11/2017 15:00,10,4,6
11/11/2017 16:00,9,8,1
11/11/2017 17:00,5,2,3
11/11/2017 18:00,7,2,5
11/11/2017 19:00,3,2,1
11/11/2017 20:00,3,2,1
11/11/2017 21:00,4,4,0
11/11/2017 22:00,0,0,0
11/11/2017 23:00,1,0,1
11/12/2017 0:00,0,0,0
11/12/2017 1:00,0,0,0
11/12/2017 2:00,0,0,0
11/12/2017 3:00,0,0,0
11/12/2017 4:00,0,0,0
11/12/2017 5:00,0,0,0
11/12/2017 6:00,1,1,0
11/12/2017 7:00,0,0,0
11/12/2017 8:00,1,1,0
11/12/2017 9:00,4,3,1
11/12/2017 10:00,5,1,4
11/12/2017 11:00,10,6,4
11/12/2017 12:00,9,5,4
11/12/2017 13:00,17,5,12
11/12/2017 14:00,9,8,1
11/12/2017 15:00,3,1,2
11/12/2017 16:00,6,4,2
11/12/2017 17:00,4,2,2
11/12/2017 18:00,3,3,0
11/12/2017 19:00,0,0,0
11/12/2017 20:00,0,0,0
11/12/2017 21:00,1,1,0
11/12/2017 22:00,0,0,0
11/12/2017 23:00,0,0,0
11/13/2017 0:00,0,0,0
11/13/2017 1:00,0,0,0
11/13/2017 2:00,0,0,0
11/13/2017 3:00,0,0,0
11/13/2017 4:00,0,0,0
11/13/2017 5:00,0,0,0
11/13/2017 6:00,3,3,0
11/13/2017 7:00,9,4,5
11/13/2017 8:00,3,3,0
11/13/2017 9:00,4,3,1
11/13/2017 10:00,9,3,6
11/13/2017 11:00,5,0,5
11/13/2017 12:00,8,4,4
11/13/2017 13:00,1,0,1
11/13/2017 14:00,5,3,2
11/13/2017 15:00,11,6,5
11/13/2017 16:00,5,1,4
11/13/2017 17:00,8,5,3
11/13/2017 18:00,7,5,2
11/13/2017 19:00,6,4,2
11/13/2017 20:00,4,2,2
11/13/2017 21:00,3,3,0
11/13/2017 22:00,0,0,0
11/13/2017 23:00,0,0,0
11/14/2017 0:00,0,0,0
11/14/2017 1:00,1,0,1
11/14/2017 2:00,0,0,0
11/14/2017 3:00,0,0,0
11/14/2017 4:00,3,1,2
11/14/2017 5:00,0,0,0
11/14/2017 6:00,1,1,0
11/14/2017 7:00,6,3,3
11/14/2017 8:00,4,4,0
11/14/2017 9:00,4,2,2
11/14/2017 10:00,9,7,2
11/14/2017 11:00,4,2,2
11/14/2017 12:00,8,3,5
11/14/2017 13:00,5,4,1
11/14/2017 14:00,6,4,2
11/14/2017 15:00,4,1,3
11/14/2017 16:00,9,6,3
11/14/2017 17:00,11,2,9
11/14/2017 18:00,11,8,3
11/14/2017 19:00,8,5,3
11/14/2017 20:00,5,0,5
11/14/2017 21:00,0,0,0
11/14/2017 22:00,1,0,1
11/14/2017 23:00,0,0,0
11/15/2017 0:00,0,0,0
11/15/2017 1:00,0,0,0
11/15/2017 2:00,0,0,0
11/15/2017 3:00,0,0,0
11/15/2017 4:00,0,0,0
11/15/2017 5:00,0,0,0
11/15/2017 6:00,1,1,0
11/15/2017 7:00,2,1,1
11/15/2017 8:00,5,3,2
11/15/2017 9:00,4,4,0
11/15/2017 10:00,4,2,2
11/15/2017 11:00,4,4,0
11/15/2017 12:00,6,5,1
11/15/2017 13:00,5,3,2
11/15/2017 14:00,5,2,3
11/15/2017 15:00,3,0,3
11/15/2017 16:00,7,4,3
11/15/2017 17:00,16,7,9
11/15/2017 18:00,12,3,9
11/15/2017 19:00,7,4,3
11/15/2017 20:00,2,1,1
11/15/2017 21:00,0,0,0
11/15/2017 22:00,0,0,0
11/15/2017 23:00,3,1,2
11/16/2017 0:00,2,1,1
11/16/2017 1:00,0,0,0
11/16/2017 2:00,0,0,0
11/16/2017 3:00,0,0,0
11/16/2017 4:00,0,0,0
11/16/2017 5:00,1,1,0
11/16/2017 6:00,1,0,1
11/16/2017 7:00,8,3,5
11/16/2017 8:00,5,1,4
11/16/2017 9:00,3,2,1
11/16/2017 10:00,7,5,2
11/16/2017 11:00,11,4,7
11/16/2017 12:00,6,4,2
11/16/2017 13:00,4,2,2
11/16/2017 14:00,7,4,3
11/16/2017 15:00,3,3,0
11/16/2017 16:00,6,3,3
11/16/2017 17:00,16,12,4
11/16/2017 18:00,7,3,4
11/16/2017 19:00,4,2,2
11/16/2017 20:00,1,0,1
11/16/2017 21:00,1,0,1
11/16/2017 22:00,1,0,1
11/16/2017 23:00,0,0,0
11/17/2017 0:00,1,0,1
11/17/2017 1:00,1,0,1
11/17/2017 2:00,0,0,0
11/17/2017 3:00,0,0,0
11/17/2017 4:00,0,0,0
11/17/2017 5:00,2,1,1
11/17/2017 6:00,4,1,3
11/17/2017 7:00,6,5,1
11/17/2017 8:00,10,2,8
11/17/2017 9:00,9,8,1
11/17/2017 10:00,14,8,6
11/17/2017 11:00,4,2,2
11/17/2017 12:00,16,14,2
11/17/2017 13:00,14,9,5
11/17/2017 14:00,12,6,6
11/17/2017 15:00,6,2,4
11/17/2017 16:00,12,6,6
11/17/2017 17:00,11,7,4
11/17/2017 18:00,9,6,3
11/17/2017 19:00,1,0,1
11/17/2017 20:00,7,3,4
11/17/2017 21:00,1,1,0
11/17/2017 22:00,1,0,1
11/17/2017 23:00,2,2,0
11/18/2017 0:00,0,0,0
11/18/2017 1:00,1,0,1
11/18/2017 2:00,0,0,0
11/18/2017 3:00,0,0,0
11/18/2017 4:00,0,0,0
11/18/2017 5:00,0,0,0
11/18/2017 6:00,0,0,0
11/18/2017 7:00,2,1,1
11/18/2017 8:00,3,2,1
11/18/2017 9:00,3,3,0
11/18/2017 10:00,7,5,2
11/18/2017 11:00,11,6,5
11/18/2017 12:00,19,7,12
11/18/2017 13:00,12,6,6
11/18/2017 14:00,11,6,5
11/18/2017 15:00,10,2,8
11/18/2017 16:00,8,4,4
11/18/2017 17:00,13,6,7
11/18/2017 18:00,6,2,4
11/18/2017 19:00,7,6,1
11/18/2017 20:00,3,2,1
11/18/2017 21:00,2,1,1
11/18/2017 22:00,4,2,2
11/18/2017 23:00,2,1,1
11/19/2017 0:00,2,0,2
11/19/2017 1:00,0,0,0
11/19/2017 2:00,0,0,0
11/19/2017 3:00,0,0,0
11/19/2017 4:00,0,0,0
11/19/2017 5:00,0,0,0
11/19/2017 6:00,0,0,0
11/19/2017 7:00,2,2,0
11/19/2017 8:00,3,0,3
11/19/2017 9:00,8,6,2
11/19/2017 10:00,7,6,1
11/19/2017 11:00,9,5,4
11/19/2017 12:00,10,4,6
11/19/2017 13:00,18,16,2
11/19/2017 14:00,7,3,4
11/19/2017 15:00,2,2,0
11/19/2017 16:00,2,2,0
11/19/2017 17:00,1,1,0
11/19/2017 18:00,4,4,0
11/19/2017 19:00,2,0,2
11/19/2017 20:00,4,1,3
11/19/2017 21:00,2,2,0
11/19/2017 22:00,0,0,0
11/19/2017 23:00,0,0,0
11/20/2017 0:00,2,2,0
11/20/2017 1:00,0,0,0
11/20/2017 2:00,0,0,0
11/20/2017 3:00,0,0,0
11/20/2017 4:00,0,0,0
11/20/2017 5:00,0,0,0
11/20/2017 6:00,1,1,0
11/20/2017 7:00,3,1,2
11/20/2017 8:00,1,1,0
11/20/2017 9:00,5,3,2
11/20/2017 10:00,2,0,2
11/20/2017 11:00,2,2,0
11/20/2017 12:00,4,2,2
11/20/2017 13:00,9,6,3
11/20/2017 14:00,2,1,1
11/20/2017 15:00,4,3,1
11/20/2017 16:00,2,2,0
11/20/2017 17:00,6,4,2
11/20/2017 18:00,6,3,3
11/20/2017 19:00,4,3,1
11/20/2017 20:00,3,1,2
11/20/2017 21:00,7,2,5
11/20/2017 22:00,1,1,0
11/20/2017 23:00,0,0,0
11/21/2017 0:00,2,1,1
11/21/2017 1:00,0,0,0
11/21/2017 2:00,0,0,0
11/21/2017 3:00,0,0,0
11/21/2017 4:00,0,0,0
11/21/2017 5:00,2,0,2
11/21/2017 6:00,2,2,0
11/21/2017 7:00,2,1,1
11/21/2017 8:00,1,0,1
11/21/2017 9:00,4,2,2
11/21/2017 10:00,2,1,1
11/21/2017 11:00,3,2,1
11/21/2017 12:00,1,0,1
11/21/2017 13:00,3,2,1
11/21/2017 14:00,3,2,1
11/21/2017 15:00,5,3,2
11/21/2017 16:00,7,5,2
11/21/2017 17:00,9,5,4
11/21/2017 18:00,15,13,2
11/21/2017 19:00,4,2,2
11/21/2017 20:00,5,3,2
11/21/2017 21:00,4,0,4
11/21/2017 22:00,2,0,2
11/21/2017 23:00,0,0,0
11/22/2017 0:00,0,0,0
11/22/2017 1:00,0,0,0
11/22/2017 2:00,0,0,0
11/22/2017 3:00,0,0,0
11/22/2017 4:00,0,0,0
11/22/2017 5:00,0,0,0
11/22/2017 6:00,2,1,1
11/22/2017 7:00,4,2,2
11/22/2017 8:00,4,3,1
11/22/2017 9:00,6,3,3
11/22/2017 10:00,12,9,3
11/22/2017 11:00,1,1,0
11/22/2017 12:00,5,4,1
11/22/2017 13:00,2,0,2
11/22/2017 14:00,6,2,4
11/22/2017 15:00,8,8,0
11/22/2017 16:00,13,7,6
11/22/2017 17:00,9,4,5
11/22/2017 18:00,8,5,3
11/22/2017 19:00,3,2,1
11/22/2017 20:00,0,0,0
11/22/2017 21:00,4,4,0
11/22/2017 22:00,2,2,0
11/22/2017 23:00,1,0,1
11/23/2017 0:00,0,0,0
11/23/2017 1:00,0,0,0
11/23/2017 2:00,0,0,0
11/23/2017 3:00,1,0,1
11/23/2017 4:00,0,0,0
11/23/2017 5:00,0,0,0
11/23/2017 6:00,0,0,0
11/23/2017 7:00,1,1,0
11/23/2017 8:00,3,3,0
11/23/2017 9:00,0,0,0
11/23/2017 10:00,1,1,0
11/23/2017 11:00,1,0,1
11/23/2017 12:00,2,2,0
11/23/2017 13:00,2,1,1
11/23/2017 14:00,2,1,1
11/23/2017 15:00,1,0,1
11/23/2017 16:00,2,0,2
11/23/2017 17:00,0,0,0
11/23/2017 18:00,1,0,1
11/23/2017 19:00,2,0,2
11/23/2017 20:00,1,1,0
11/23/2017 21:00,0,0,0
11/23/2017 22:00,4,2,2
11/23/2017 23:00,0,0,0
11/24/2017 0:00,0,0,0
11/24/2017 1:00,0,0,0
11/24/2017 2:00,0,0,0
11/24/2017 3:00,0,0,0
11/24/2017 4:00,0,0,0
11/24/2017 5:00,1,1,0
11/24/2017 6:00,0,0,0
11/24/2017 7:00,1,0,1
11/24/2017 8:00,4,4,0
11/24/2017 9:00,1,1,0
11/24/2017 10:00,11,5,6
11/24/2017 11:00,8,8,0
11/24/2017 12:00,17,12,5
11/24/2017 13:00,8,5,3
11/24/2017 14:00,9,6,3
11/24/2017 15:00,6,3,3
11/24/2017 16:00,6,4,2
11/24/2017 17:00,5,1,4
11/24/2017 18:00,3,1,2
11/24/2017 19:00,3,2,1
11/24/2017 20:00,4,1,3
11/24/2017 21:00,1,0,1
11/24/2017 22:00,0,0,0
11/24/2017 23:00,1,1,0
11/25/2017 0:00,0,0,0
11/25/2017 1:00,0,0,0
11/25/2017 2:00,2,1,1
11/25/2017 3:00,0,0,0
11/25/2017 4:00,0,0,0
11/25/2017 5:00,0,0,0
11/25/2017 6:00,0,0,0
11/25/2017 7:00,2,1,1
11/25/2017 8:00,1,1,0
11/25/2017 9:00,4,2,2
11/25/2017 10:00,11,8,3
11/25/2017 11:00,9,4,5
11/25/2017 12:00,10,6,4
11/25/2017 13:00,6,4,2
11/25/2017 14:00,6,2,4
11/25/2017 15:00,5,4,1
11/25/2017 16:00,9,3,6
11/25/2017 17:00,5,5,0
11/25/2017 18:00,5,4,1
11/25/2017 19:00,5,2,3
11/25/2017 20:00,2,0,2
11/25/2017 21:00,1,0,1
11/25/2017 22:00,1,0,1
11/25/2017 23:00,0,0,0
11/26/2017 0:00,0,0,0
11/26/2017 1:00,0,0,0
11/26/2017 2:00,0,0,0
11/26/2017 3:00,0,0,0
11/26/2017 4:00,0,0,0
11/26/2017 5:00,1,0,1
11/26/2017 6:00,0,0,0
11/26/2017 7:00,1,0,1
11/26/2017 8:00,0,0,0
11/26/2017 9:00,1,0,1
11/26/2017 10:00,4,3,1
11/26/2017 11:00,6,4,2
11/26/2017 12:00,4,2,2
11/26/2017 13:00,6,4,2
11/26/2017 14:00,3,1,2
11/26/2017 15:00,3,2,1
11/26/2017 16:00,5,2,3
11/26/2017 17:00,3,3,0
11/26/2017 18:00,2,0,2
11/26/2017 19:00,2,1,1
11/26/2017 20:00,5,1,4
11/26/2017 21:00,0,0,0
11/26/2017 22:00,1,0,1
11/26/2017 23:00,0,0,0
11/27/2017 0:00,0,0,0
11/27/2017 1:00,0,0,0
11/27/2017 2:00,0,0,0
11/27/2017 3:00,0,0,0
11/27/2017 4:00,1,1,0
11/27/2017 5:00,0,0,0
11/27/2017 6:00,2,2,0
11/27/2017 7:00,8,4,4
11/27/2017 8:00,5,4,1
11/27/2017 9:00,11,6,5
11/27/2017 10:00,6,4,2
11/27/2017 11:00,6,3,3
11/27/2017 12:00,2,0,2
11/27/2017 13:00,6,6,0
11/27/2017 14:00,7,5,2
11/27/2017 15:00,3,2,1
11/27/2017 16:00,11,5,6
11/27/2017 17:00,10,6,4
11/27/2017 18:00,10,5,5
11/27/2017 19:00,9,5,4
11/27/2017 20:00,2,0,2
11/27/2017 21:00,0,0,0
11/27/2017 22:00,1,1,0
11/27/2017 23:00,0,0,0
11/28/2017 0:00,0,0,0
11/28/2017 1:00,0,0,0
11/28/2017 2:00,0,0,0
11/28/2017 3:00,0,0,0
11/28/2017 4:00,0,0,0
11/28/2017 5:00,0,0,0
11/28/2017 6:00,2,0,2
11/28/2017 7:00,4,1,3
11/28/2017 8:00,4,3,1
11/28/2017 9:00,1,0,1
11/28/2017 10:00,2,1,1
11/28/2017 11:00,1,1,0
11/28/2017 12:00,5,2,3
11/28/2017 13:00,4,2,2
11/28/2017 14:00,2,0,2
11/28/2017 15:00,0,0,0
11/28/2017 16:00,5,5,0
11/28/2017 17:00,15,7,8
11/28/2017 18:00,6,4,2
11/28/2017 19:00,3,1,2
11/28/2017 20:00,4,2,2
11/28/2017 21:00,3,1,2
11/28/2017 22:00,0,0,0
11/28/2017 23:00,2,0,2
11/29/2017 0:00,0,0,0
11/29/2017 1:00,1,1,0
11/29/2017 2:00,3,0,3
11/29/2017 3:00,0,0,0
11/29/2017 4:00,0,0,0
11/29/2017 5:00,0,0,0
11/29/2017 6:00,3,1,2
11/29/2017 7:00,6,2,4
11/29/2017 8:00,5,5,0
11/29/2017 9:00,5,4,1
11/29/2017 10:00,5,2,3
11/29/2017 11:00,7,2,5
11/29/2017 12:00,6,5,1
11/29/2017 13:00,2,2,0
11/29/2017 14:00,5,4,1
11/29/2017 15:00,6,3,3
11/29/2017 16:00,4,3,1
11/29/2017 17:00,8,4,4
11/29/2017 18:00,3,1,2
11/29/2017 19:00,14,9,5
11/29/2017 20:00,4,1,3
11/29/2017 21:00,2,0,2
11/29/2017 22:00,0,0,0
11/29/2017 23:00,1,0,1
11/30/2017 0:00,0,0,0
11/30/2017 1:00,1,1,0
11/30/2017 2:00,0,0,0
11/30/2017 3:00,0,0,0
11/30/2017 4:00,0,0,0
11/30/2017 5:00,0,0,0
11/30/2017 6:00,0,0,0
11/30/2017 7:00,9,3,6
11/30/2017 8:00,5,3,2
11/30/2017 9:00,3,3,0
11/30/2017 10:00,4,2,2
11/30/2017 11:00,4,2,2
11/30/2017 12:00,5,3,2
11/30/2017 13:00,4,1,3
11/30/2017 14:00,4,1,3
11/30/2017 15:00,7,3,4
11/30/2017 16:00,7,4,3
11/30/2017 17:00,7,2,5
11/30/2017 18:00,3,1,2
11/30/2017 19:00,5,2,3
11/30/2017 20:00,0,0,0
11/30/2017 21:00,0,0,0
11/30/2017 22:00,0,0,0
11/30/2017 23:00,0,0,0
12/1/2017 0:00,0,0,0
12/1/2017 1:00,0,0,0
12/1/2017 2:00,0,0,0
12/1/2017 3:00,0,0,0
12/1/2017 4:00,0,0,0
12/1/2017 5:00,1,0,1
12/1/2017 6:00,3,1,2
12/1/2017 7:00,9,7,2
12/1/2017 8:00,8,4,4
12/1/2017 9:00,10,9,1
12/1/2017 10:00,6,4,2
12/1/2017 11:00,5,1,4
12/1/2017 12:00,4,3,1
12/1/2017 13:00,3,2,1
12/1/2017 14:00,3,2,1
12/1/2017 15:00,5,2,3
12/1/2017 16:00,11,4,7
12/1/2017 17:00,4,4,0
12/1/2017 18:00,4,0,4
12/1/2017 19:00,4,4,0
12/1/2017 20:00,5,4,1
12/1/2017 21:00,3,3,0
12/1/2017 22:00,0,0,0
12/1/2017 23:00,2,2,0
12/2/2017 0:00,0,0,0
12/2/2017 1:00,0,0,0
12/2/2017 2:00,0,0,0
12/2/2017 3:00,1,0,1
12/2/2017 4:00,0,0,0
12/2/2017 5:00,0,0,0
12/2/2017 6:00,0,0,0
12/2/2017 7:00,2,1,1
12/2/2017 8:00,2,1,1
12/2/2017 9:00,9,4,5
12/2/2017 10:00,4,2,2
12/2/2017 11:00,4,1,3
12/2/2017 12:00,8,5,3
12/2/2017 13:00,7,2,5
12/2/2017 14:00,5,0,5
12/2/2017 15:00,13,0,13
12/2/2017 16:00,9,1,8
12/2/2017 17:00,12,1,11
12/2/2017 18:00,1,0,1
12/2/2017 19:00,3,1,2
12/2/2017 20:00,5,4,1
12/2/2017 21:00,4,0,4
12/2/2017 22:00,2,0,2
12/2/2017 23:00,2,0,2
12/3/2017 0:00,1,1,0
12/3/2017 1:00,1,0,1
12/3/2017 2:00,3,1,2
12/3/2017 3:00,0,0,0
12/3/2017 4:00,0,0,0
12/3/2017 5:00,0,0,0
12/3/2017 6:00,1,0,1
12/3/2017 7:00,1,0,1
12/3/2017 8:00,3,1,2
12/3/2017 9:00,6,0,6
12/3/2017 10:00,15,2,13
12/3/2017 11:00,24,4,20
12/3/2017 12:00,21,1,20
12/3/2017 13:00,36,7,29
12/3/2017 14:00,18,0,18
12/3/2017 15:00,24,2,22
12/3/2017 16:00,17,1,16
12/3/2017 17:00,18,1,17
12/3/2017 18:00,18,0,18
12/3/2017 19:00,10,1,9
12/3/2017 20:00,4,0,4
12/3/2017 21:00,10,0,10
12/3/2017 22:00,2,0,2
12/3/2017 23:00,8,0,8
12/4/2017 0:00,0,0,0
12/4/2017 1:00,3,0,3
12/4/2017 2:00,0,0,0
12/4/2017 3:00,1,0,1
12/4/2017 4:00,2,0,2
12/4/2017 5:00,3,0,3
12/4/2017 6:00,8,0,8
12/4/2017 7:00,4,0,4
12/4/2017 8:00,20,0,20
12/4/2017 9:00,23,2,21
12/4/2017 10:00,19,2,17
12/4/2017 11:00,22,0,22
12/4/2017 12:00,19,1,18
12/4/2017 13:00,27,2,25
12/4/2017 14:00,18,1,17
12/4/2017 15:00,33,6,27
12/4/2017 16:00,29,1,28
12/4/2017 17:00,19,1,18
12/4/2017 18:00,24,0,24
12/4/2017 19:00,11,1,10
12/4/2017 20:00,12,1,11
12/4/2017 21:00,13,0,13
12/4/2017 22:00,5,1,4
12/4/2017 23:00,5,0,5
12/5/2017 0:00,2,0,2
12/5/2017 1:00,4,0,4
12/5/2017 2:00,1,0,1
12/5/2017 3:00,1,0,1
12/5/2017 4:00,3,0,3
12/5/2017 5:00,3,0,3
12/5/2017 6:00,6,0,6
12/5/2017 7:00,13,1,12
12/5/2017 8:00,17,2,15
12/5/2017 9:00,17,1,16
12/5/2017 10:00,15,1,14
12/5/2017 11:00,18,1,17
12/5/2017 12:00,24,3,21
12/5/2017 13:00,32,1,31
12/5/2017 14:00,25,0,25
12/5/2017 15:00,33,3,30
12/5/2017 16:00,7,0,7
12/5/2017 17:00,14,1,13
12/5/2017 18:00,9,0,9
12/5/2017 19:00,10,0,10
12/5/2017 20:00,18,0,18
12/5/2017 21:00,10,0,10
12/5/2017 22:00,6,0,6
12/5/2017 23:00,5,0,5
12/6/2017 0:00,2,0,2
12/6/2017 1:00,0,0,0
12/6/2017 2:00,0,0,0
12/6/2017 3:00,1,0,1
12/6/2017 4:00,2,0,2
12/6/2017 5:00,3,0,3
12/6/2017 6:00,4,2,2
12/6/2017 7:00,10,1,9
12/6/2017 8:00,10,0,10
12/6/2017 9:00,6,0,6
12/6/2017 10:00,18,1,17
12/6/2017 11:00,14,0,14
12/6/2017 12:00,15,0,15
12/6/2017 13:00,21,0,21
12/6/2017 14:00,12,1,11
12/6/2017 15:00,13,3,10
12/6/2017 16:00,12,0,12
12/6/2017 17:00,10,3,7
12/6/2017 18:00,6,5,1
12/6/2017 19:00,5,0,5
12/6/2017 20:00,4,0,4
12/6/2017 21:00,4,0,4
12/6/2017 22:00,5,4,1
12/6/2017 23:00,2,0,2
12/7/2017 0:00,0,0,0
12/7/2017 1:00,1,0,1
12/7/2017 2:00,0,0,0
12/7/2017 3:00,0,0,0
12/7/2017 4:00,1,0,1
12/7/2017 5:00,3,0,3
12/7/2017 6:00,5,0,5
12/7/2017 7:00,6,0,6
12/7/2017 8:00,14,5,9
12/7/2017 9:00,7,1,6
12/7/2017 10:00,5,3,2
12/7/2017 11:00,10,6,4
12/7/2017 12:00,11,2,9
12/7/2017 13:00,8,3,5
12/7/2017 14:00,10,5,5
12/7/2017 15:00,2,0,2
12/7/2017 16:00,5,1,4
12/7/2017 17:00,16,1,15
12/7/2017 18:00,12,0,12
12/7/2017 19:00,11,0,11
12/7/2017 20:00,10,0,10
12/7/2017 21:00,5,0,5
12/7/2017 22:00,6,0,6
12/7/2017 23:00,3,0,3
12/8/2017 0:00,1,0,1
12/8/2017 1:00,0,0,0
12/8/2017 2:00,0,0,0
12/8/2017 3:00,1,0,1
12/8/2017 4:00,0,0,0
12/8/2017 5:00,2,0,2
12/8/2017 6:00,3,0,3
12/8/2017 7:00,5,1,4
12/8/2017 8:00,0,0,0
12/8/2017 9:00,0,0,0
12/8/2017 10:00,1,0,1
12/8/2017 11:00,8,1,7
12/8/2017 12:00,8,1,7
12/8/2017 13:00,11,1,10
12/8/2017 14:00,23,6,17
12/8/2017 15:00,25,1,24
12/8/2017 16:00,21,1,20
12/8/2017 17:00,15,0,15
12/8/2017 18:00,7,1,6
12/8/2017 19:00,11,1,10
12/8/2017 20:00,22,0,22
12/8/2017 21:00,7,1,6
12/8/2017 22:00,9,0,9
12/8/2017 23:00,2,0,2
12/9/2017 0:00,6,4,2
12/9/2017 1:00,1,0,1
12/9/2017 2:00,1,0,1
12/9/2017 3:00,0,0,0
12/9/2017 4:00,1,0,1
12/9/2017 5:00,0,0,0
12/9/2017 6:00,0,0,0
12/9/2017 7:00,1,0,1
12/9/2017 8:00,4,0,4
12/9/2017 9:00,11,2,9
12/9/2017 10:00,10,1,9
12/9/2017 11:00,22,2,20
12/9/2017 12:00,21,1,20
12/9/2017 13:00,19,4,15
12/9/2017 14:00,18,1,17
12/9/2017 15:00,11,2,9
12/9/2017 16:00,15,2,13
12/9/2017 17:00,7,0,7
12/9/2017 18:00,7,0,7
12/9/2017 19:00,3,1,2
12/9/2017 20:00,2,1,1
12/9/2017 21:00,3,0,3
12/9/2017 22:00,4,2,2
12/9/2017 23:00,1,0,1
12/10/2017 0:00,0,0,0
12/10/2017 1:00,1,1,0
12/10/2017 2:00,0,0,0
12/10/2017 3:00,0,0,0
12/10/2017 4:00,0,0,0
12/10/2017 5:00,0,0,0
12/10/2017 6:00,0,0,0
12/10/2017 7:00,0,0,0
12/10/2017 8:00,1,0,1
12/10/2017 9:00,1,0,1
12/10/2017 10:00,4,1,3
12/10/2017 11:00,5,5,0
12/10/2017 12:00,8,5,3
12/10/2017 13:00,13,8,5
12/10/2017 14:00,5,1,4
12/10/2017 15:00,5,3,2
12/10/2017 16:00,7,5,2
12/10/2017 17:00,5,0,5
12/10/2017 18:00,6,3,3
12/10/2017 19:00,2,2,0
12/10/2017 20:00,2,0,2
12/10/2017 21:00,0,0,0
12/10/2017 22:00,1,0,1
12/10/2017 23:00,0,0,0
12/11/2017 0:00,1,0,1
12/11/2017 1:00,0,0,0
12/11/2017 2:00,0,0,0
12/11/2017 3:00,0,0,0
12/11/2017 4:00,0,0,0
12/11/2017 5:00,0,0,0
12/11/2017 6:00,1,1,0
12/11/2017 7:00,2,0,2
12/11/2017 8:00,4,1,3
12/11/2017 9:00,5,5,0
12/11/2017 10:00,3,1,2
12/11/2017 11:00,7,6,1
12/11/2017 12:00,9,7,2
12/11/2017 13:00,2,0,2
12/11/2017 14:00,5,2,3
12/11/2017 15:00,0,0,0
12/11/2017 16:00,5,4,1
12/11/2017 17:00,10,3,7
12/11/2017 18:00,9,2,7
12/11/2017 19:00,6,0,6
12/11/2017 20:00,6,0,6
12/11/2017 21:00,7,1,6
12/11/2017 22:00,2,0,2
12/11/2017 23:00,0,0,0
12/12/2017 0:00,1,0,1
12/12/2017 1:00,0,0,0
12/12/2017 2:00,0,0,0
12/12/2017 3:00,2,0,2
12/12/2017 4:00,0,0,0
12/12/2017 5:00,0,0,0
12/12/2017 6:00,0,0,0
12/12/2017 7:00,2,0,2
12/12/2017 8:00,1,1,0
12/12/2017 9:00,4,1,3
12/12/2017 10:00,4,0,4
12/12/2017 11:00,5,2,3
12/12/2017 12:00,5,4,1
12/12/2017 13:00,4,3,1
12/12/2017 14:00,4,3,1
12/12/2017 15:00,12,2,10
12/12/2017 16:00,4,1,3
12/12/2017 17:00,8,2,6
12/12/2017 18:00,8,2,6
12/12/2017 19:00,9,1,8
12/12/2017 20:00,6,0,6
12/12/2017 21:00,2,1,1
12/12/2017 22:00,2,0,2
12/12/2017 23:00,6,0,6
12/13/2017 0:00,2,0,2
12/13/2017 1:00,0,0,0
12/13/2017 2:00,0,0,0
12/13/2017 3:00,0,0,0
12/13/2017 4:00,3,0,3
12/13/2017 5:00,1,0,1
12/13/2017 6:00,0,0,0
12/13/2017 7:00,3,0,3
12/13/2017 8:00,2,1,1
12/13/2017 9:00,7,1,6
12/13/2017 10:00,4,1,3
12/13/2017 11:00,7,2,5
12/13/2017 12:00,3,1,2
12/13/2017 13:00,2,0,2
12/13/2017 14:00,8,3,5
12/13/2017 15:00,4,0,4
12/13/2017 16:00,10,0,10
12/13/2017 17:00,7,1,6
12/13/2017 18:00,10,0,10
12/13/2017 19:00,6,0,6
12/13/2017 20:00,5,0,5
12/13/2017 21:00,2,0,2
12/13/2017 22:00,3,0,3
12/13/2017 23:00,1,0,1
12/14/2017 0:00,0,0,0
12/14/2017 1:00,0,0,0
12/14/2017 2:00,0,0,0
12/14/2017 3:00,0,0,0
12/14/2017 4:00,0,0,0
12/14/2017 5:00,0,0,0
12/14/2017 6:00,1,1,0
12/14/2017 7:00,1,0,1
12/14/2017 8:00,2,2,0
12/14/2017 9:00,7,3,4
12/14/2017 10:00,5,1,4
12/14/2017 11:00,8,0,8
12/14/2017 12:00,2,0,2
12/14/2017 13:00,5,1,4
12/14/2017 14:00,7,0,7
12/14/2017 15:00,4,0,4
12/14/2017 16:00,11,4,7
12/14/2017 17:00,12,4,8
12/14/2017 18:00,10,1,9
12/14/2017 19:00,6,0,6
12/14/2017 20:00,6,1,5
12/14/2017 21:00,3,0,3
12/14/2017 22:00,0,0,0
12/14/2017 23:00,0,0,0
12/15/2017 0:00,2,0,2
12/15/2017 1:00,0,0,0
12/15/2017 2:00,0,0,0
12/15/2017 3:00,0,0,0
12/15/2017 4:00,0,0,0
12/15/2017 5:00,1,0,1
12/15/2017 6:00,2,1,1
12/15/2017 7:00,3,3,0
12/15/2017 8:00,2,0,2
12/15/2017 9:00,4,1,3
12/15/2017 10:00,3,1,2
12/15/2017 11:00,4,3,1
12/15/2017 12:00,3,0,3
12/15/2017 13:00,4,1,3
12/15/2017 14:00,8,5,3
12/15/2017 15:00,5,1,4
12/15/2017 16:00,4,1,3
12/15/2017 17:00,4,0,4
12/15/2017 18:00,6,5,1
12/15/2017 19:00,1,1,0
12/15/2017 20:00,1,0,1
12/15/2017 21:00,2,0,2
12/15/2017 22:00,2,1,1
12/15/2017 23:00,2,0,2
12/16/2017 0:00,2,1,1
12/16/2017 1:00,0,0,0
12/16/2017 2:00,1,1,0
12/16/2017 3:00,0,0,0
12/16/2017 4:00,0,0,0
12/16/2017 5:00,1,0,1
12/16/2017 6:00,1,1,0
12/16/2017 7:00,0,0,0
12/16/2017 8:00,5,1,4
12/16/2017 9:00,1,0,1
12/16/2017 10:00,2,2,0
12/16/2017 11:00,5,1,4
12/16/2017 12:00,6,6,0
12/16/2017 13:00,2,2,0
12/16/2017 14:00,7,6,1
12/16/2017 15:00,1,1,0
12/16/2017 16:00,3,1,2
12/16/2017 17:00,8,1,7
12/16/2017 18:00,1,1,0
12/16/2017 19:00,1,0,1
12/16/2017 20:00,0,0,0
12/16/2017 21:00,2,2,0
12/16/2017 22:00,1,0,1
12/16/2017 23:00,1,0,1
12/17/2017 0:00,0,0,0
12/17/2017 1:00,0,0,0
12/17/2017 2:00,0,0,0
12/17/2017 3:00,0,0,0
12/17/2017 4:00,0,0,0
12/17/2017 5:00,0,0,0
12/17/2017 6:00,0,0,0
12/17/2017 7:00,0,0,0
12/17/2017 8:00,2,0,2
12/17/2017 9:00,0,0,0
12/17/2017 10:00,0,0,0
12/17/2017 11:00,4,2,2
12/17/2017 12:00,8,5,3
12/17/2017 13:00,5,1,4
12/17/2017 14:00,3,0,3
12/17/2017 15:00,4,3,1
12/17/2017 16:00,2,0,2
12/17/2017 17:00,1,0,1
12/17/2017 18:00,0,0,0
12/17/2017 19:00,0,0,0
12/17/2017 20:00,1,0,1
12/17/2017 21:00,1,1,0
12/17/2017 22:00,0,0,0
12/17/2017 23:00,0,0,0
12/18/2017 0:00,1,0,1
12/18/2017 1:00,0,0,0
12/18/2017 2:00,0,0,0
12/18/2017 3:00,0,0,0
12/18/2017 4:00,1,0,1
12/18/2017 5:00,0,0,0
12/18/2017 6:00,1,1,0
12/18/2017 7:00,3,2,1
12/18/2017 8:00,6,0,6
12/18/2017 9:00,2,0,2
12/18/2017 10:00,0,0,0
12/18/2017 11:00,1,1,0
12/18/2017 12:00,3,1,2
12/18/2017 13:00,2,2,0
12/18/2017 14:00,1,0,1
12/18/2017 15:00,2,2,0
12/18/2017 16:00,1,1,0
12/18/2017 17:00,2,2,0
12/18/2017 18:00,6,4,2
12/18/2017 19:00,1,0,1
12/18/2017 20:00,1,1,0
12/18/2017 21:00,2,2,0
12/18/2017 22:00,0,0,0
12/18/2017 23:00,1,0,1
12/19/2017 0:00,0,0,0
12/19/2017 1:00,0,0,0
12/19/2017 2:00,1,1,0
12/19/2017 3:00,0,0,0
12/19/2017 4:00,0,0,0
12/19/2017 5:00,0,0,0
12/19/2017 6:00,5,1,4
12/19/2017 7:00,7,0,7
12/19/2017 8:00,11,2,9
12/19/2017 9:00,15,3,12
12/19/2017 10:00,7,0,7
12/19/2017 11:00,11,1,10
12/19/2017 12:00,10,1,9
12/19/2017 13:00,9,0,9
12/19/2017 14:00,15,7,8
12/19/2017 15:00,15,1,14
12/19/2017 16:00,14,4,10
12/19/2017 17:00,13,0,13
12/19/2017 18:00,9,3,6
12/19/2017 19:00,6,2,4
12/19/2017 20:00,5,0,5
12/19/2017 21:00,2,0,2
12/19/2017 22:00,4,0,4
12/19/2017 23:00,0,0,0
12/20/2017 0:00,0,0,0
12/20/2017 1:00,0,0,0
12/20/2017 2:00,0,0,0
12/20/2017 3:00,0,0,0
12/20/2017 4:00,0,0,0
12/20/2017 5:00,0,0,0
12/20/2017 6:00,0,0,0
12/20/2017 7:00,0,0,0
12/20/2017 8:00,0,0,0
12/20/2017 9:00,0,0,0
12/20/2017 10:00,1,0,1
12/20/2017 11:00,9,4,5
12/20/2017 12:00,16,2,14
12/20/2017 13:00,12,1,11
12/20/2017 14:00,6,0,6
12/20/2017 15:00,8,1,7
12/20/2017 16:00,13,1,12
12/20/2017 17:00,7,0,7
12/20/2017 18:00,11,2,9
12/20/2017 19:00,12,0,12
12/20/2017 20:00,6,0,6
12/20/2017 21:00,5,0,5
12/20/2017 22:00,4,0,4
12/20/2017 23:00,2,0,2
12/21/2017 0:00,0,0,0
12/21/2017 1:00,0,0,0
12/21/2017 2:00,1,0,1
12/21/2017 3:00,0,0,0
12/21/2017 4:00,1,0,1
12/21/2017 5:00,3,0,3
12/21/2017 6:00,0,0,0
12/21/2017 7:00,0,0,0
12/21/2017 8:00,0,0,0
12/21/2017 9:00,7,1,6
12/21/2017 10:00,17,0,17
12/21/2017 11:00,10,1,9
12/21/2017 12:00,11,2,9
12/21/2017 13:00,11,3,8
12/21/2017 14:00,5,1,4
12/21/2017 15:00,12,3,9
12/21/2017 16:00,9,3,6
12/21/2017 17:00,8,0,8
12/21/2017 18:00,8,3,5
12/21/2017 19:00,5,0,5
12/21/2017 20:00,4,0,4
12/21/2017 21:00,4,1,3
12/21/2017 22:00,3,0,3
12/21/2017 23:00,1,0,1
12/22/2017 0:00,2,0,2
12/22/2017 1:00,1,0,1
12/22/2017 2:00,0,0,0
12/22/2017 3:00,0,0,0
12/22/2017 4:00,0,0,0
12/22/2017 5:00,2,0,2
12/22/2017 6:00,0,0,0
12/22/2017 7:00,8,3,5
12/22/2017 8:00,3,0,3
12/22/2017 9:00,5,1,4
12/22/2017 10:00,12,3,9
12/22/2017 11:00,10,2,8
12/22/2017 12:00,10,0,10
12/22/2017 13:00,12,5,7
12/22/2017 14:00,11,2,9
12/22/2017 15:00,16,1,15
12/22/2017 16:00,12,6,6
12/22/2017 17:00,8,3,5
12/22/2017 18:00,11,7,4
12/22/2017 19:00,10,3,7
12/22/2017 20:00,3,0,3
12/22/2017 21:00,3,1,2
12/22/2017 22:00,2,0,2
12/22/2017 23:00,2,0,2
12/23/2017 0:00,0,0,0
12/23/2017 1:00,1,0,1
12/23/2017 2:00,0,0,0
12/23/2017 3:00,2,0,2
12/23/2017 4:00,0,0,0
12/23/2017 5:00,1,1,0
12/23/2017 6:00,0,0,0
12/23/2017 7:00,5,0,5
12/23/2017 8:00,4,0,4
12/23/2017 9:00,9,3,6
12/23/2017 10:00,10,1,9
12/23/2017 11:00,20,5,15
12/23/2017 12:00,11,3,8
12/23/2017 13:00,21,10,11
12/23/2017 14:00,11,3,8
12/23/2017 15:00,5,1,4
12/23/2017 16:00,2,0,2
12/23/2017 17:00,1,0,1
12/23/2017 18:00,9,0,9
12/23/2017 19:00,4,0,4
12/23/2017 20:00,4,2,2
12/23/2017 21:00,10,1,9
12/23/2017 22:00,0,0,0
12/23/2017 23:00,0,0,0
12/24/2017 0:00,0,0,0
12/24/2017 1:00,0,0,0
12/24/2017 2:00,0,0,0
12/24/2017 3:00,0,0,0
12/24/2017 4:00,0,0,0
12/24/2017 5:00,0,0,0
12/24/2017 6:00,0,0,0
12/24/2017 7:00,0,0,0
12/24/2017 8:00,0,0,0
12/24/2017 9:00,0,0,0
12/24/2017 10:00,6,1,5
12/24/2017 11:00,12,0,12
12/24/2017 12:00,4,0,4
12/24/2017 13:00,6,0,6
12/24/2017 14:00,1,0,1
12/24/2017 15:00,9,2,7
12/24/2017 16:00,0,0,0
12/24/2017 17:00,0,0,0
12/24/2017 18:00,1,0,1
12/24/2017 19:00,0,0,0
12/24/2017 20:00,0,0,0
12/24/2017 21:00,1,0,1
12/24/2017 22:00,1,0,1
12/24/2017 23:00,1,0,1
12/25/2017 0:00,0,0,0
12/25/2017 1:00,1,0,1
12/25/2017 2:00,0,0,0
12/25/2017 3:00,0,0,0
12/25/2017 4:00,0,0,0
12/25/2017 5:00,1,0,1
12/25/2017 6:00,0,0,0
12/25/2017 7:00,1,0,1
12/25/2017 8:00,0,0,0
12/25/2017 9:00,0,0,0
12/25/2017 10:00,1,1,0
12/25/2017 11:00,2,0,2
12/25/2017 12:00,1,0,1
12/25/2017 13:00,1,1,0
12/25/2017 14:00,1,0,1
12/25/2017 15:00,2,0,2
12/25/2017 16:00,2,0,2
12/25/2017 17:00,3,3,0
12/25/2017 18:00,1,0,1
12/25/2017 19:00,1,0,1
12/25/2017 20:00,3,0,3
12/25/2017 21:00,2,0,2
12/25/2017 22:00,1,0,1
12/25/2017 23:00,0,0,0
12/26/2017 0:00,0,0,0
12/26/2017 1:00,0,0,0
12/26/2017 2:00,0,0,0
12/26/2017 3:00,1,0,1
12/26/2017 4:00,2,0,2
12/26/2017 5:00,0,0,0
12/26/2017 6:00,1,0,1
12/26/2017 7:00,3,1,2
12/26/2017 8:00,5,0,5
12/26/2017 9:00,3,0,3
12/26/2017 10:00,5,0,5
12/26/2017 11:00,6,1,5
12/26/2017 12:00,5,0,5
12/26/2017 13:00,8,1,7
12/26/2017 14:00,12,1,11
12/26/2017 15:00,9,1,8
12/26/2017 16:00,8,0,8
12/26/2017 17:00,6,0,6
12/26/2017 18:00,7,1,6
12/26/2017 19:00,3,0,3
12/26/2017 20:00,4,0,4
12/26/2017 21:00,0,0,0
12/26/2017 22:00,1,0,1
12/26/2017 23:00,4,0,4
12/27/2017 0:00,0,0,0
12/27/2017 1:00,0,0,0
12/27/2017 2:00,0,0,0
12/27/2017 3:00,0,0,0
12/27/2017 4:00,1,0,1
12/27/2017 5:00,0,0,0
12/27/2017 6:00,2,0,2
12/27/2017 7:00,4,0,4
12/27/2017 8:00,2,1,1
12/27/2017 9:00,1,1,0
12/27/2017 10:00,1,1,0
12/27/2017 11:00,3,3,0
12/27/2017 12:00,2,1,1
12/27/2017 13:00,8,3,5
12/27/2017 14:00,4,1,3
12/27/2017 15:00,2,2,0
12/27/2017 16:00,2,2,0
12/27/2017 17:00,4,3,1
12/27/2017 18:00,4,2,2
12/27/2017 19:00,1,1,0
12/27/2017 20:00,2,0,2
12/27/2017 21:00,1,0,1
12/27/2017 22:00,0,0,0
12/27/2017 23:00,0,0,0
12/28/2017 0:00,1,0,1
12/28/2017 1:00,0,0,0
12/28/2017 2:00,0,0,0
12/28/2017 3:00,1,0,1
12/28/2017 4:00,0,0,0
12/28/2017 5:00,0,0,0
12/28/2017 6:00,0,0,0
12/28/2017 7:00,3,1,2
12/28/2017 8:00,2,0,2
12/28/2017 9:00,2,1,1
12/28/2017 10:00,3,3,0
12/28/2017 11:00,3,2,1
12/28/2017 12:00,2,2,0
12/28/2017 13:00,7,6,1
12/28/2017 14:00,5,3,2
12/28/2017 15:00,5,5,0
12/28/2017 16:00,2,1,1
12/28/2017 17:00,3,2,1
12/28/2017 18:00,2,0,2
12/28/2017 19:00,2,0,2
12/28/2017 20:00,2,1,1
12/28/2017 21:00,0,0,0
12/28/2017 22:00,0,0,0
12/28/2017 23:00,0,0,0
12/29/2017 0:00,0,0,0
12/29/2017 1:00,0,0,0
12/29/2017 2:00,0,0,0
12/29/2017 3:00,0,0,0
12/29/2017 4:00,2,1,1
12/29/2017 5:00,0,0,0
12/29/2017 6:00,1,0,1
12/29/2017 7:00,0,0,0
12/29/2017 8:00,0,0,0
12/29/2017 9:00,1,0,1
12/29/2017 10:00,5,3,2
12/29/2017 11:00,3,2,1
12/29/2017 12:00,2,1,1
12/29/2017 13:00,3,0,3
12/29/2017 14:00,4,0,4
12/29/2017 15:00,15,4,11
12/29/2017 16:00,18,2,16
12/29/2017 17:00,12,0,12
12/29/2017 18:00,6,2,4
12/29/2017 19:00,7,0,7
12/29/2017 20:00,4,1,3
12/29/2017 21:00,10,0,10
12/29/2017 22:00,2,0,2
12/29/2017 23:00,5,0,5
12/30/2017 0:00,1,0,1
12/30/2017 1:00,0,0,0
12/30/2017 2:00,0,0,0
12/30/2017 3:00,2,0,2
12/30/2017 4:00,1,0,1
12/30/2017 5:00,1,0,1
12/30/2017 6:00,1,0,1
12/30/2017 7:00,3,0,3
12/30/2017 8:00,5,0,5
12/30/2017 9:00,9,0,9
12/30/2017 10:00,16,1,15
12/30/2017 11:00,26,2,24
12/30/2017 12:00,23,0,23
12/30/2017 13:00,26,0,26
12/30/2017 14:00,29,1,28
12/30/2017 15:00,23,0,23
12/30/2017 16:00,18,0,18
12/30/2017 17:00,18,1,17
12/30/2017 18:00,12,0,12
12/30/2017 19:00,10,0,10
12/30/2017 20:00,7,2,5
12/30/2017 21:00,1,0,1
12/30/2017 22:00,3,0,3
12/30/2017 23:00,3,0,3
12/31/2017 0:00,0,0,0
12/31/2017 1:00,2,0,2
12/31/2017 2:00,1,0,1
12/31/2017 3:00,1,0,1
12/31/2017 4:00,0,0,0
12/31/2017 5:00,1,0,1
12/31/2017 6:00,1,0,1
12/31/2017 7:00,2,0,2
12/31/2017 8:00,4,0,4
12/31/2017 9:00,8,0,8
12/31/2017 10:00,15,0,15
12/31/2017 11:00,20,1,19
12/31/2017 12:00,18,0,18
12/31/2017 13:00,18,2,16
12/31/2017 14:00,5,2,3
12/31/2017 15:00,8,1,7
12/31/2017 16:00,7,0,7
12/31/2017 17:00,5,2,3
12/31/2017 18:00,6,1,5
12/31/2017 19:00,10,0,10
12/31/2017 20:00,5,2,3
12/31/2017 21:00,11,0,11
12/31/2017 22:00,2,0,2
12/31/2017 23:00,3,0,3
1/1/2018 0:00,5,0,5
1/1/2018 1:00,1,0,1
1/1/2018 2:00,4,0,4
1/1/2018 3:00,2,1,1
1/1/2018 4:00,1,0,1
1/1/2018 5:00,0,0,0
1/1/2018 6:00,1,0,1
1/1/2018 7:00,0,0,0
1/1/2018 8:00,0,0,0
1/1/2018 9:00,5,0,5
1/1/2018 10:00,0,0,0
1/1/2018 11:00,4,1,3
1/1/2018 12:00,3,0,3
1/1/2018 13:00,5,1,4
1/1/2018 14:00,2,0,2
1/1/2018 15:00,4,2,2
1/1/2018 16:00,5,0,5
1/1/2018 17:00,2,0,2
1/1/2018 18:00,3,1,2
1/1/2018 19:00,1,0,1
1/1/2018 20:00,1,0,1
1/1/2018 21:00,2,0,2
1/1/2018 22:00,0,0,0
1/1/2018 23:00,0,0,0
1/2/2018 0:00,0,0,0
1/2/2018 1:00,0,0,0
1/2/2018 2:00,0,0,0
1/2/2018 3:00,0,0,0
1/2/2018 4:00,0,0,0
1/2/2018 5:00,0,0,0
1/2/2018 6:00,1,0,1
1/2/2018 7:00,4,3,1
1/2/2018 8:00,2,1,1
1/2/2018 9:00,2,0,2
1/2/2018 10:00,2,0,2
1/2/2018 11:00,10,4,6
1/2/2018 12:00,5,2,3
1/2/2018 13:00,4,2,2
1/2/2018 14:00,3,1,2
1/2/2018 15:00,3,2,1
1/2/2018 16:00,6,2,4
1/2/2018 17:00,3,2,1
1/2/2018 18:00,7,2,5
1/2/2018 19:00,2,2,0
1/2/2018 20:00,2,1,1
1/2/2018 21:00,2,0,2
1/2/2018 22:00,1,0,1
1/2/2018 23:00,0,0,0
1/3/2018 0:00,0,0,0
1/3/2018 1:00,0,0,0
1/3/2018 2:00,0,0,0
1/3/2018 3:00,0,0,0
1/3/2018 4:00,1,0,1
1/3/2018 5:00,0,0,0
1/3/2018 6:00,0,0,0
1/3/2018 7:00,1,0,1
1/3/2018 8:00,2,1,1
1/3/2018 9:00,3,1,2
1/3/2018 10:00,6,3,3
1/3/2018 11:00,6,1,5
1/3/2018 12:00,1,0,1
1/3/2018 13:00,5,0,5
1/3/2018 14:00,9,3,6
1/3/2018 15:00,4,1,3
1/3/2018 16:00,6,0,6
1/3/2018 17:00,8,5,3
1/3/2018 18:00,4,1,3
1/3/2018 19:00,4,0,4
1/3/2018 20:00,4,0,4
1/3/2018 21:00,3,1,2
1/3/2018 22:00,0,0,0
1/3/2018 23:00,0,0,0
1/4/2018 0:00,1,0,1
1/4/2018 1:00,0,0,0
1/4/2018 2:00,0,0,0
1/4/2018 3:00,0,0,0
1/4/2018 4:00,0,0,0
1/4/2018 5:00,0,0,0
1/4/2018 6:00,2,0,2
1/4/2018 7:00,4,0,4
1/4/2018 8:00,4,3,1
1/4/2018 9:00,1,0,1
1/4/2018 10:00,8,4,4
1/4/2018 11:00,3,1,2
1/4/2018 12:00,3,0,3
1/4/2018 13:00,2,1,1
1/4/2018 14:00,7,3,4
1/4/2018 15:00,3,1,2
1/4/2018 16:00,4,1,3
1/4/2018 17:00,8,1,7
1/4/2018 18:00,2,0,2
1/4/2018 19:00,4,2,2
1/4/2018 20:00,0,0,0
1/4/2018 21:00,5,3,2
1/4/2018 22:00,1,0,1
1/4/2018 23:00,0,0,0
1/5/2018 0:00,0,0,0
1/5/2018 1:00,0,0,0
1/5/2018 2:00,0,0,0
1/5/2018 3:00,1,1,0
1/5/2018 4:00,0,0,0
1/5/2018 5:00,0,0,0
1/5/2018 6:00,1,0,1
1/5/2018 7:00,2,1,1
1/5/2018 8:00,5,0,5
1/5/2018 9:00,3,0,3
1/5/2018 10:00,2,1,1
1/5/2018 11:00,1,0,1
1/5/2018 12:00,0,0,0
1/5/2018 13:00,3,3,0
1/5/2018 14:00,4,3,1
1/5/2018 15:00,9,5,4
1/5/2018 16:00,5,5,0
1/5/2018 17:00,6,5,1
1/5/2018 18:00,11,1,10
1/5/2018 19:00,4,1,3
1/5/2018 20:00,3,1,2
1/5/2018 21:00,2,2,0
1/5/2018 22:00,0,0,0
1/5/2018 23:00,1,0,1
1/6/2018 0:00,0,0,0
1/6/2018 1:00,1,0,1
1/6/2018 2:00,0,0,0
1/6/2018 3:00,2,0,2
1/6/2018 4:00,0,0,0
1/6/2018 5:00,2,0,2
1/6/2018 6:00,0,0,0
1/6/2018 7:00,1,0,1
1/6/2018 8:00,8,3,5
1/6/2018 9:00,18,3,15
1/6/2018 10:00,21,0,21
1/6/2018 11:00,23,2,21
1/6/2018 12:00,17,3,14
1/6/2018 13:00,11,0,11
1/6/2018 14:00,9,1,8
1/6/2018 15:00,18,2,16
1/6/2018 16:00,19,1,18
1/6/2018 17:00,9,0,9
1/6/2018 18:00,14,1,13
1/6/2018 19:00,10,1,9
1/6/2018 20:00,6,0,6
1/6/2018 21:00,6,0,6
1/6/2018 22:00,11,1,10
1/6/2018 23:00,5,0,5
1/7/2018 0:00,4,0,4
1/7/2018 1:00,2,0,2
1/7/2018 2:00,1,0,1
1/7/2018 3:00,0,0,0
1/7/2018 4:00,0,0,0
1/7/2018 5:00,0,0,0
1/7/2018 6:00,0,0,0
1/7/2018 7:00,5,1,4
1/7/2018 8:00,7,1,6
1/7/2018 9:00,16,0,16
1/7/2018 10:00,24,1,23
1/7/2018 11:00,25,4,21
1/7/2018 12:00,24,1,23
1/7/2018 13:00,23,2,21
1/7/2018 14:00,26,2,24
1/7/2018 15:00,19,0,19
1/7/2018 16:00,22,1,21
1/7/2018 17:00,12,1,11
1/7/2018 18:00,14,1,13
1/7/2018 19:00,15,0,15
1/7/2018 20:00,11,1,10
1/7/2018 21:00,8,0,8
1/7/2018 22:00,6,0,6
1/7/2018 23:00,4,0,4
1/8/2018 0:00,2,0,2
1/8/2018 1:00,0,0,0
1/8/2018 2:00,0,0,0
1/8/2018 3:00,1,0,1
1/8/2018 4:00,5,0,5
1/8/2018 5:00,2,0,2
1/8/2018 6:00,9,0,9
1/8/2018 7:00,12,1,11
1/8/2018 8:00,28,0,28
1/8/2018 9:00,22,1,21
1/8/2018 10:00,27,0,27
1/8/2018 11:00,31,2,29
1/8/2018 12:00,20,1,19
1/8/2018 13:00,22,0,22
1/8/2018 14:00,17,0,17
1/8/2018 15:00,29,0,29
1/8/2018 16:00,27,2,25
1/8/2018 17:00,21,3,18
1/8/2018 18:00,21,0,21
1/8/2018 19:00,16,2,14
1/8/2018 20:00,13,0,13
1/8/2018 21:00,14,0,14
1/8/2018 22:00,8,0,8
1/8/2018 23:00,2,0,2
1/9/2018 0:00,0,0,0
1/9/2018 1:00,2,0,2
1/9/2018 2:00,0,0,0
1/9/2018 3:00,1,0,1
1/9/2018 4:00,4,0,4
1/9/2018 5:00,5,0,5
1/9/2018 6:00,9,0,9
1/9/2018 7:00,14,0,14
1/9/2018 8:00,33,1,32
1/9/2018 9:00,19,0,19
1/9/2018 10:00,21,0,21
1/9/2018 11:00,33,1,32
1/9/2018 12:00,16,1,15
1/9/2018 13:00,12,0,12
1/9/2018 14:00,18,0,18
1/9/2018 15:00,30,0,30
1/9/2018 16:00,23,1,22
1/9/2018 17:00,19,0,19
1/9/2018 18:00,20,2,18
1/9/2018 19:00,30,1,29
1/9/2018 20:00,17,1,16
1/9/2018 21:00,12,0,12
1/9/2018 22:00,5,0,5
1/9/2018 23:00,2,0,2
1/10/2018 0:00,2,0,2
1/10/2018 1:00,0,0,0
1/10/2018 2:00,1,0,1
1/10/2018 3:00,0,0,0
1/10/2018 4:00,2,0,2
1/10/2018 5:00,4,0,4
1/10/2018 6:00,5,0,5
1/10/2018 7:00,17,1,16
1/10/2018 8:00,20,0,20
1/10/2018 9:00,24,2,22
1/10/2018 10:00,14,1,13
1/10/2018 11:00,11,2,9
1/10/2018 12:00,10,0,10
1/10/2018 13:00,13,0,13
1/10/2018 14:00,20,0,20
1/10/2018 15:00,5,3,2
1/10/2018 16:00,4,2,2
1/10/2018 17:00,7,6,1
1/10/2018 18:00,4,3,1
1/10/2018 19:00,7,3,4
1/10/2018 20:00,2,1,1
1/10/2018 21:00,0,0,0
1/10/2018 22:00,0,0,0
1/10/2018 23:00,0,0,0
1/11/2018 0:00,0,0,0
1/11/2018 1:00,0,0,0
1/11/2018 2:00,2,2,0
1/11/2018 3:00,0,0,0
1/11/2018 4:00,0,0,0
1/11/2018 5:00,0,0,0
1/11/2018 6:00,3,1,2
1/11/2018 7:00,2,2,0
1/11/2018 8:00,3,1,2
1/11/2018 9:00,1,0,1
1/11/2018 10:00,6,3,3
1/11/2018 11:00,0,0,0
1/11/2018 12:00,3,1,2
1/11/2018 13:00,2,0,2
1/11/2018 14:00,0,0,0
1/11/2018 15:00,0,0,0
1/11/2018 16:00,1,0,1
1/11/2018 17:00,6,4,2
1/11/2018 18:00,4,3,1
1/11/2018 19:00,2,1,1
1/11/2018 20:00,3,1,2
1/11/2018 21:00,5,5,0
1/11/2018 22:00,2,1,1
1/11/2018 23:00,0,0,0
1/12/2018 0:00,1,1,0
1/12/2018 1:00,0,0,0
1/12/2018 2:00,0,0,0
1/12/2018 3:00,0,0,0
1/12/2018 4:00,0,0,0
1/12/2018 5:00,0,0,0
1/12/2018 6:00,1,0,1
1/12/2018 7:00,4,4,0
1/12/2018 8:00,2,1,1
1/12/2018 9:00,2,2,0
1/12/2018 10:00,5,2,3
1/12/2018 11:00,6,2,4
1/12/2018 12:00,2,1,1
1/12/2018 13:00,1,0,1
1/12/2018 14:00,10,5,5
1/12/2018 15:00,3,1,2
1/12/2018 16:00,8,4,4
1/12/2018 17:00,9,3,6
1/12/2018 18:00,3,1,2
1/12/2018 19:00,3,3,0
1/12/2018 20:00,0,0,0
1/12/2018 21:00,1,1,0
1/12/2018 22:00,1,0,1
1/12/2018 23:00,1,1,0
1/13/2018 0:00,1,0,1
1/13/2018 1:00,1,1,0
1/13/2018 2:00,1,1,0
1/13/2018 3:00,0,0,0
1/13/2018 4:00,0,0,0
1/13/2018 5:00,0,0,0
1/13/2018 6:00,1,0,1
1/13/2018 7:00,1,0,1
1/13/2018 8:00,3,2,1
1/13/2018 9:00,4,3,1
1/13/2018 10:00,2,1,1
1/13/2018 11:00,9,5,4
1/13/2018 12:00,6,3,3
1/13/2018 13:00,6,5,1
1/13/2018 14:00,7,1,6
1/13/2018 15:00,5,1,4
1/13/2018 16:00,13,6,7
1/13/2018 17:00,4,2,2
1/13/2018 18:00,4,2,2
1/13/2018 19:00,4,1,3
1/13/2018 20:00,3,2,1
1/13/2018 21:00,3,2,1
1/13/2018 22:00,2,1,1
1/13/2018 23:00,1,0,1
1/14/2018 0:00,1,1,0
1/14/2018 1:00,0,0,0
1/14/2018 2:00,1,0,1
1/14/2018 3:00,0,0,0
1/14/2018 4:00,0,0,0
1/14/2018 5:00,0,0,0
1/14/2018 6:00,0,0,0
1/14/2018 7:00,0,0,0
1/14/2018 8:00,4,1,3
1/14/2018 9:00,5,3,2
1/14/2018 10:00,7,3,4
1/14/2018 11:00,17,7,10
1/14/2018 12:00,10,8,2
1/14/2018 13:00,15,13,2
1/14/2018 14:00,9,2,7
1/14/2018 15:00,10,4,6
1/14/2018 16:00,6,2,4
1/14/2018 17:00,5,5,0
1/14/2018 18:00,2,0,2
1/14/2018 19:00,2,0,2
1/14/2018 20:00,2,2,0
1/14/2018 21:00,1,0,1
1/14/2018 22:00,3,3,0
1/14/2018 23:00,0,0,0
1/15/2018 0:00,0,0,0
1/15/2018 1:00,0,0,0
1/15/2018 2:00,0,0,0
1/15/2018 3:00,0,0,0
1/15/2018 4:00,0,0,0
1/15/2018 5:00,0,0,0
1/15/2018 6:00,1,0,1
1/15/2018 7:00,4,3,1
1/15/2018 8:00,5,2,3
1/15/2018 9:00,9,5,4
1/15/2018 10:00,10,2,8
1/15/2018 11:00,6,4,2
1/15/2018 12:00,4,0,4
1/15/2018 13:00,10,4,6
1/15/2018 14:00,12,5,7
1/15/2018 15:00,13,5,8
1/15/2018 16:00,10,4,6
1/15/2018 17:00,7,3,4
1/15/2018 18:00,3,1,2
1/15/2018 19:00,4,1,3
1/15/2018 20:00,1,0,1
1/15/2018 21:00,2,2,0
1/15/2018 22:00,0,0,0
1/15/2018 23:00,0,0,0
1/16/2018 0:00,0,0,0
1/16/2018 1:00,2,2,0
1/16/2018 2:00,1,1,0
1/16/2018 3:00,0,0,0
1/16/2018 4:00,0,0,0
1/16/2018 5:00,0,0,0
1/16/2018 6:00,3,0,3
1/16/2018 7:00,6,6,0
1/16/2018 8:00,4,3,1
1/16/2018 9:00,4,1,3
1/16/2018 10:00,7,3,4
1/16/2018 11:00,2,1,1
1/16/2018 12:00,7,1,6
1/16/2018 13:00,4,0,4
1/16/2018 14:00,3,1,2
1/16/2018 15:00,9,5,4
1/16/2018 16:00,3,1,2
1/16/2018 17:00,8,4,4
1/16/2018 18:00,9,4,5
1/16/2018 19:00,9,4,5
1/16/2018 20:00,2,1,1
1/16/2018 21:00,3,2,1
1/16/2018 22:00,1,0,1
1/16/2018 23:00,1,1,0
1/17/2018 0:00,0,0,0
1/17/2018 1:00,0,0,0
1/17/2018 2:00,0,0,0
1/17/2018 3:00,0,0,0
1/17/2018 4:00,0,0,0
1/17/2018 5:00,0,0,0
1/17/2018 6:00,0,0,0
1/17/2018 7:00,0,0,0
1/17/2018 8:00,5,2,3
1/17/2018 9:00,2,1,1
1/17/2018 10:00,5,1,4
1/17/2018 11:00,7,3,4
1/17/2018 12:00,3,2,1
1/17/2018 13:00,4,1,3
1/17/2018 14:00,1,1,0
1/17/2018 15:00,3,3,0
1/17/2018 16:00,1,0,1
1/17/2018 17:00,2,2,0
1/17/2018 18:00,4,1,3
1/17/2018 19:00,5,2,3
1/17/2018 20:00,0,0,0
1/17/2018 21:00,0,0,0
1/17/2018 22:00,0,0,0
1/17/2018 23:00,1,1,0
1/18/2018 0:00,0,0,0
1/18/2018 1:00,0,0,0
1/18/2018 2:00,0,0,0
1/18/2018 3:00,0,0,0
1/18/2018 4:00,0,0,0
1/18/2018 5:00,1,1,0
1/18/2018 6:00,0,0,0
1/18/2018 7:00,2,2,0
1/18/2018 8:00,4,3,1
1/18/2018 9:00,6,1,5
1/18/2018 10:00,2,1,1
1/18/2018 11:00,2,2,0
1/18/2018 12:00,6,4,2
1/18/2018 13:00,3,2,1
1/18/2018 14:00,4,2,2
1/18/2018 15:00,0,0,0
1/18/2018 16:00,2,1,1
1/18/2018 17:00,2,1,1
1/18/2018 18:00,4,1,3
1/18/2018 19:00,2,0,2
1/18/2018 20:00,0,0,0
1/18/2018 21:00,1,1,0
1/18/2018 22:00,2,1,1
1/18/2018 23:00,0,0,0
1/19/2018 0:00,1,1,0
1/19/2018 1:00,0,0,0
1/19/2018 2:00,0,0,0
1/19/2018 3:00,0,0,0
1/19/2018 4:00,1,1,0
1/19/2018 5:00,0,0,0
1/19/2018 6:00,4,2,2
1/19/2018 7:00,3,3,0
1/19/2018 8:00,1,0,1
1/19/2018 9:00,6,4,2
1/19/2018 10:00,2,1,1
1/19/2018 11:00,2,1,1
1/19/2018 12:00,5,1,4
1/19/2018 13:00,0,0,0
1/19/2018 14:00,1,1,0
1/19/2018 15:00,8,4,4
1/19/2018 16:00,5,3,2
1/19/2018 17:00,4,1,3
1/19/2018 18:00,6,1,5
1/19/2018 19:00,1,0,1
1/19/2018 20:00,2,2,0
1/19/2018 21:00,1,1,0
1/19/2018 22:00,0,0,0
1/19/2018 23:00,0,0,0
1/20/2018 0:00,1,1,0
1/20/2018 1:00,0,0,0
1/20/2018 2:00,0,0,0
1/20/2018 3:00,0,0,0
1/20/2018 4:00,0,0,0
1/20/2018 5:00,0,0,0
1/20/2018 6:00,0,0,0
1/20/2018 7:00,1,0,1
1/20/2018 8:00,0,0,0
1/20/2018 9:00,1,1,0
1/20/2018 10:00,0,0,0
1/20/2018 11:00,0,0,0
1/20/2018 12:00,0,0,0
1/20/2018 13:00,0,0,0
1/20/2018 14:00,0,0,0
1/20/2018 15:00,0,0,0
1/20/2018 16:00,0,0,0
1/20/2018 17:00,0,0,0
1/20/2018 18:00,2,0,2
1/20/2018 19:00,2,1,1
1/20/2018 20:00,3,2,1
1/20/2018 21:00,1,0,1
1/20/2018 22:00,0,0,0
1/20/2018 23:00,0,0,0
1/21/2018 0:00,1,1,0
1/21/2018 1:00,2,2,0
1/21/2018 2:00,0,0,0
1/21/2018 3:00,0,0,0
1/21/2018 4:00,0,0,0
1/21/2018 5:00,0,0,0
1/21/2018 6:00,0,0,0
1/21/2018 7:00,0,0,0
1/21/2018 8:00,1,0,1
1/21/2018 9:00,1,0,1
1/21/2018 10:00,4,4,0
1/21/2018 11:00,1,1,0
1/21/2018 12:00,3,1,2
1/21/2018 13:00,6,3,3
1/21/2018 14:00,4,2,2
1/21/2018 15:00,6,1,5
1/21/2018 16:00,6,2,4
1/21/2018 17:00,5,1,4
1/21/2018 18:00,2,1,1
1/21/2018 19:00,1,0,1
1/21/2018 20:00,1,1,0
1/21/2018 21:00,1,0,1
1/21/2018 22:00,1,1,0
1/21/2018 23:00,0,0,0
1/22/2018 0:00,0,0,0
1/22/2018 1:00,0,0,0
1/22/2018 2:00,0,0,0
1/22/2018 3:00,0,0,0
1/22/2018 4:00,0,0,0
1/22/2018 5:00,0,0,0
1/22/2018 6:00,2,0,2
1/22/2018 7:00,3,2,1
1/22/2018 8:00,7,3,4
1/22/2018 9:00,6,2,4
1/22/2018 10:00,2,2,0
1/22/2018 11:00,1,1,0
1/22/2018 12:00,2,0,2
1/22/2018 13:00,5,3,2
1/22/2018 14:00,6,3,3
1/22/2018 15:00,3,2,1
1/22/2018 16:00,6,3,3
1/22/2018 17:00,5,4,1
1/22/2018 18:00,6,2,4
1/22/2018 19:00,8,2,6
1/22/2018 20:00,4,2,2
1/22/2018 21:00,1,1,0
1/22/2018 22:00,1,1,0
1/22/2018 23:00,0,0,0
1/23/2018 0:00,1,1,0
1/23/2018 1:00,0,0,0
1/23/2018 2:00,1,0,1
1/23/2018 3:00,0,0,0
1/23/2018 4:00,0,0,0
1/23/2018 5:00,0,0,0
1/23/2018 6:00,3,0,3
1/23/2018 7:00,4,3,1
1/23/2018 8:00,3,1,2
1/23/2018 9:00,2,1,1
1/23/2018 10:00,3,3,0
1/23/2018 11:00,3,1,2
1/23/2018 12:00,3,2,1
1/23/2018 13:00,2,0,2
1/23/2018 14:00,0,0,0
1/23/2018 15:00,3,2,1
1/23/2018 16:00,0,0,0
1/23/2018 17:00,0,0,0
1/23/2018 18:00,2,0,2
1/23/2018 19:00,1,0,1
1/23/2018 20:00,2,2,0
1/23/2018 21:00,1,1,0
1/23/2018 22:00,0,0,0
1/23/2018 23:00,0,0,0
1/24/2018 0:00,0,0,0
1/24/2018 1:00,0,0,0
1/24/2018 2:00,0,0,0
1/24/2018 3:00,0,0,0
1/24/2018 4:00,0,0,0
1/24/2018 5:00,0,0,0
1/24/2018 6:00,3,1,2
1/24/2018 7:00,1,1,0
1/24/2018 8:00,6,2,4
1/24/2018 9:00,5,2,3
1/24/2018 10:00,5,1,4
1/24/2018 11:00,3,1,2
1/24/2018 12:00,5,2,3
1/24/2018 13:00,2,1,1
1/24/2018 14:00,1,0,1
1/24/2018 15:00,2,0,2
1/24/2018 16:00,2,2,0
1/24/2018 17:00,6,4,2
1/24/2018 18:00,5,3,2
1/24/2018 19:00,4,2,2
1/24/2018 20:00,1,1,0
1/24/2018 21:00,1,0,1
1/24/2018 22:00,0,0,0
1/24/2018 23:00,1,1,0
1/25/2018 0:00,0,0,0
1/25/2018 1:00,0,0,0
1/25/2018 2:00,0,0,0
1/25/2018 3:00,0,0,0
1/25/2018 4:00,0,0,0
1/25/2018 5:00,0,0,0
1/25/2018 6:00,2,0,2
1/25/2018 7:00,2,2,0
1/25/2018 8:00,4,3,1
1/25/2018 9:00,10,9,1
1/25/2018 10:00,4,2,2
1/25/2018 11:00,2,1,1
1/25/2018 12:00,3,1,2
1/25/2018 13:00,7,5,2
1/25/2018 14:00,1,0,1
1/25/2018 15:00,3,0,3
1/25/2018 16:00,1,1,0
1/25/2018 17:00,8,3,5
1/25/2018 18:00,5,4,1
1/25/2018 19:00,3,2,1
1/25/2018 20:00,2,0,2
1/25/2018 21:00,2,1,1
1/25/2018 22:00,2,1,1
1/25/2018 23:00,0,0,0
1/26/2018 0:00,1,0,1
1/26/2018 1:00,0,0,0
1/26/2018 2:00,0,0,0
1/26/2018 3:00,0,0,0
1/26/2018 4:00,0,0,0
1/26/2018 5:00,0,0,0
1/26/2018 6:00,3,0,3
1/26/2018 7:00,5,4,1
1/26/2018 8:00,1,1,0
1/26/2018 9:00,1,0,1
1/26/2018 10:00,5,3,2
1/26/2018 11:00,1,0,1
1/26/2018 12:00,4,0,4
1/26/2018 13:00,7,2,5
1/26/2018 14:00,4,1,3
1/26/2018 15:00,7,4,3
1/26/2018 16:00,7,2,5
1/26/2018 17:00,6,2,4
1/26/2018 18:00,3,1,2
1/26/2018 19:00,8,4,4
1/26/2018 20:00,1,1,0
1/26/2018 21:00,3,1,2
1/26/2018 22:00,0,0,0
1/26/2018 23:00,2,1,1
1/27/2018 0:00,0,0,0
1/27/2018 1:00,1,1,0
1/27/2018 2:00,0,0,0
1/27/2018 3:00,0,0,0
1/27/2018 4:00,0,0,0
1/27/2018 5:00,0,0,0
1/27/2018 6:00,0,0,0
1/27/2018 7:00,0,0,0
1/27/2018 8:00,1,0,1
1/27/2018 9:00,0,0,0
1/27/2018 10:00,3,2,1
1/27/2018 11:00,1,0,1
1/27/2018 12:00,4,2,2
1/27/2018 13:00,5,2,3
1/27/2018 14:00,4,1,3
1/27/2018 15:00,1,0,1
1/27/2018 16:00,6,3,3
1/27/2018 17:00,4,2,2
1/27/2018 18:00,5,4,1
1/27/2018 19:00,1,1,0
1/27/2018 20:00,0,0,0
1/27/2018 21:00,3,0,3
1/27/2018 22:00,0,0,0
1/27/2018 23:00,1,1,0
1/28/2018 0:00,1,0,1
1/28/2018 1:00,0,0,0
1/28/2018 2:00,0,0,0
1/28/2018 3:00,0,0,0
1/28/2018 4:00,0,0,0
1/28/2018 5:00,0,0,0
1/28/2018 6:00,0,0,0
1/28/2018 7:00,0,0,0
1/28/2018 8:00,3,1,2
1/28/2018 9:00,1,0,1
1/28/2018 10:00,2,1,1
1/28/2018 11:00,5,2,3
1/28/2018 12:00,4,3,1
1/28/2018 13:00,7,1,6
1/28/2018 14:00,5,5,0
1/28/2018 15:00,4,2,2
1/28/2018 16:00,3,3,0
1/28/2018 17:00,3,1,2
1/28/2018 18:00,2,1,1
1/28/2018 19:00,3,1,2
1/28/2018 20:00,3,2,1
1/28/2018 21:00,0,0,0
1/28/2018 22:00,1,1,0
1/28/2018 23:00,0,0,0
1/29/2018 0:00,1,0,1
1/29/2018 1:00,1,0,1
1/29/2018 2:00,0,0,0
1/29/2018 3:00,0,0,0
1/29/2018 4:00,0,0,0
1/29/2018 5:00,0,0,0
1/29/2018 6:00,0,0,0
1/29/2018 7:00,6,3,3
1/29/2018 8:00,2,1,1
1/29/2018 9:00,0,0,0
1/29/2018 10:00,1,0,1
1/29/2018 11:00,0,0,0
1/29/2018 12:00,1,0,1
1/29/2018 13:00,2,2,0
1/29/2018 14:00,3,3,0
1/29/2018 15:00,1,0,1
1/29/2018 16:00,2,2,0
1/29/2018 17:00,2,1,1
1/29/2018 18:00,3,3,0
1/29/2018 19:00,2,2,0
1/29/2018 20:00,2,2,0
1/29/2018 21:00,0,0,0
1/29/2018 22:00,0,0,0
1/29/2018 23:00,1,1,0
1/30/2018 0:00,0,0,0
1/30/2018 1:00,0,0,0
1/30/2018 2:00,1,1,0
1/30/2018 3:00,0,0,0
1/30/2018 4:00,0,0,0
1/30/2018 5:00,1,1,0
1/30/2018 6:00,3,0,3
1/30/2018 7:00,6,3,3
1/30/2018 8:00,5,2,3
1/30/2018 9:00,4,1,3
1/30/2018 10:00,4,2,2
1/30/2018 11:00,2,1,1
1/30/2018 12:00,5,3,2
1/30/2018 13:00,4,3,1
1/30/2018 14:00,6,1,5
1/30/2018 15:00,6,3,3
1/30/2018 16:00,4,3,1
1/30/2018 17:00,11,4,7
1/30/2018 18:00,11,4,7
1/30/2018 19:00,10,7,3
1/30/2018 20:00,1,1,0
1/30/2018 21:00,1,1,0
1/30/2018 22:00,1,0,1
1/30/2018 23:00,0,0,0
1/31/2018 0:00,1,0,1
1/31/2018 1:00,0,0,0
1/31/2018 2:00,1,0,1
1/31/2018 3:00,0,0,0
1/31/2018 4:00,0,0,0
1/31/2018 5:00,0,0,0
1/31/2018 6:00,1,0,1
1/31/2018 7:00,5,2,3
1/31/2018 8:00,3,2,1
1/31/2018 9:00,4,3,1
1/31/2018 10:00,8,2,6
1/31/2018 11:00,2,0,2
1/31/2018 12:00,4,2,2
1/31/2018 13:00,7,3,4
1/31/2018 14:00,6,3,3
1/31/2018 15:00,7,4,3
1/31/2018 16:00,1,0,1
1/31/2018 17:00,10,5,5
1/31/2018 18:00,3,1,2
1/31/2018 19:00,5,1,4
1/31/2018 20:00,1,0,1
1/31/2018 21:00,1,1,0
1/31/2018 22:00,0,0,0
1/31/2018 23:00,0,0,0
2/1/2018 0:00,0,0,0
2/1/2018 1:00,0,0,0
2/1/2018 2:00,0,0,0
2/1/2018 3:00,0,0,0
2/1/2018 4:00,0,0,0
2/1/2018 5:00,0,0,0
2/1/2018 6:00,2,0,2
2/1/2018 7:00,3,2,1
2/1/2018 8:00,5,2,3
2/1/2018 9:00,3,1,2
2/1/2018 10:00,2,0,2
2/1/2018 11:00,2,1,1
2/1/2018 12:00,2,0,2
2/1/2018 13:00,1,1,0
2/1/2018 14:00,1,1,0
2/1/2018 15:00,4,2,2
2/1/2018 16:00,3,2,1
2/1/2018 17:00,3,1,2
2/1/2018 18:00,2,2,0
2/1/2018 19:00,3,2,1
2/1/2018 20:00,1,0,1
2/1/2018 21:00,2,1,1
2/1/2018 22:00,1,1,0
2/1/2018 23:00,2,1,1
2/2/2018 0:00,0,0,0
2/2/2018 1:00,0,0,0
2/2/2018 2:00,0,0,0
2/2/2018 3:00,0,0,0
2/2/2018 4:00,0,0,0
2/2/2018 5:00,0,0,0
2/2/2018 6:00,1,1,0
2/2/2018 7:00,2,2,0
2/2/2018 8:00,8,5,3
2/2/2018 9:00,2,2,0
2/2/2018 10:00,6,1,5
2/2/2018 11:00,3,0,3
2/2/2018 12:00,4,2,2
2/2/2018 13:00,8,3,5
2/2/2018 14:00,5,1,4
2/2/2018 15:00,5,2,3
2/2/2018 16:00,5,1,4
2/2/2018 17:00,8,2,6
2/2/2018 18:00,2,1,1
2/2/2018 19:00,2,2,0
2/2/2018 20:00,2,1,1
2/2/2018 21:00,1,1,0
2/2/2018 22:00,0,0,0
2/2/2018 23:00,0,0,0
2/3/2018 0:00,0,0,0
2/3/2018 1:00,0,0,0
2/3/2018 2:00,0,0,0
2/3/2018 3:00,0,0,0
2/3/2018 4:00,0,0,0
2/3/2018 5:00,0,0,0
2/3/2018 6:00,0,0,0
2/3/2018 7:00,4,1,3
2/3/2018 8:00,1,1,0
2/3/2018 9:00,3,2,1
2/3/2018 10:00,5,2,3
2/3/2018 11:00,5,1,4
2/3/2018 12:00,6,4,2
2/3/2018 13:00,3,2,1
2/3/2018 14:00,2,0,2
2/3/2018 15:00,0,0,0
2/3/2018 16:00,1,1,0
2/3/2018 17:00,0,0,0
2/3/2018 18:00,0,0,0
2/3/2018 19:00,1,1,0
2/3/2018 20:00,0,0,0
2/3/2018 21:00,0,0,0
2/3/2018 22:00,0,0,0
2/3/2018 23:00,2,1,1
2/4/2018 0:00,0,0,0
2/4/2018 1:00,0,0,0
2/4/2018 2:00,0,0,0
2/4/2018 3:00,0,0,0
2/4/2018 4:00,0,0,0
2/4/2018 5:00,0,0,0
2/4/2018 6:00,1,0,1
2/4/2018 7:00,0,0,0
2/4/2018 8:00,0,0,0
2/4/2018 9:00,0,0,0
2/4/2018 10:00,3,2,1
2/4/2018 11:00,5,5,0
2/4/2018 12:00,2,2,0
2/4/2018 13:00,8,4,4
2/4/2018 14:00,9,5,4
2/4/2018 15:00,12,10,2
2/4/2018 16:00,2,1,1
2/4/2018 17:00,2,2,0
2/4/2018 18:00,0,0,0
2/4/2018 19:00,0,0,0
2/4/2018 20:00,1,1,0
2/4/2018 21:00,0,0,0
2/4/2018 22:00,1,1,0
2/4/2018 23:00,0,0,0
2/5/2018 0:00,0,0,0
2/5/2018 1:00,0,0,0
2/5/2018 2:00,0,0,0
2/5/2018 3:00,0,0,0
2/5/2018 4:00,0,0,0
2/5/2018 5:00,0,0,0
2/5/2018 6:00,1,1,0
2/5/2018 7:00,4,4,0
2/5/2018 8:00,4,3,1
2/5/2018 9:00,4,0,4
2/5/2018 10:00,5,1,4
2/5/2018 11:00,5,1,4
2/5/2018 12:00,4,2,2
2/5/2018 13:00,4,1,3
2/5/2018 14:00,6,4,2
2/5/2018 15:00,5,4,1
2/5/2018 16:00,6,2,4
2/5/2018 17:00,5,4,1
2/5/2018 18:00,2,2,0
2/5/2018 19:00,2,1,1
2/5/2018 20:00,2,2,0
2/5/2018 21:00,3,2,1
2/5/2018 22:00,0,0,0
2/5/2018 23:00,0,0,0
2/6/2018 0:00,0,0,0
2/6/2018 1:00,0,0,0
2/6/2018 2:00,0,0,0
2/6/2018 3:00,0,0,0
2/6/2018 4:00,0,0,0
2/6/2018 5:00,0,0,0
2/6/2018 6:00,2,0,2
2/6/2018 7:00,4,4,0
2/6/2018 8:00,2,1,1
2/6/2018 9:00,3,0,3
2/6/2018 10:00,5,1,4
2/6/2018 11:00,3,0,3
2/6/2018 12:00,3,3,0
2/6/2018 13:00,3,3,0
2/6/2018 14:00,3,0,3
2/6/2018 15:00,5,4,1
2/6/2018 16:00,2,1,1
2/6/2018 17:00,6,3,3
2/6/2018 18:00,7,4,3
2/6/2018 19:00,1,0,1
2/6/2018 20:00,4,3,1
2/6/2018 21:00,0,0,0
2/6/2018 22:00,1,0,1
2/6/2018 23:00,1,0,1
2/7/2018 0:00,1,0,1
2/7/2018 1:00,0,0,0
2/7/2018 2:00,0,0,0
2/7/2018 3:00,0,0,0
2/7/2018 4:00,0,0,0
2/7/2018 5:00,0,0,0
2/7/2018 6:00,1,1,0
2/7/2018 7:00,6,5,1
2/7/2018 8:00,5,4,1
2/7/2018 9:00,2,0,2
2/7/2018 10:00,5,3,2
2/7/2018 11:00,3,2,1
2/7/2018 12:00,4,2,2
2/7/2018 13:00,5,3,2
2/7/2018 14:00,3,0,3
2/7/2018 15:00,2,1,1
2/7/2018 16:00,2,0,2
2/7/2018 17:00,4,0,4
2/7/2018 18:00,4,2,2
2/7/2018 19:00,6,3,3
2/7/2018 20:00,1,0,1
2/7/2018 21:00,1,0,1
2/7/2018 22:00,1,0,1
2/7/2018 23:00,0,0,0
2/8/2018 0:00,0,0,0
2/8/2018 1:00,0,0,0
2/8/2018 2:00,0,0,0
2/8/2018 3:00,0,0,0
2/8/2018 4:00,0,0,0
2/8/2018 5:00,0,0,0
2/8/2018 6:00,0,0,0
2/8/2018 7:00,2,1,1
2/8/2018 8:00,2,1,1
2/8/2018 9:00,3,1,2
2/8/2018 10:00,6,4,2
2/8/2018 11:00,2,0,2
2/8/2018 12:00,3,2,1
2/8/2018 13:00,2,2,0
2/8/2018 14:00,5,3,2
2/8/2018 15:00,3,2,1
2/8/2018 16:00,2,1,1
2/8/2018 17:00,5,1,4
2/8/2018 18:00,4,3,1
2/8/2018 19:00,1,0,1
2/8/2018 20:00,1,1,0
2/8/2018 21:00,0,0,0
2/8/2018 22:00,0,0,0
2/8/2018 23:00,0,0,0
2/9/2018 0:00,0,0,0
2/9/2018 1:00,0,0,0
2/9/2018 2:00,0,0,0
2/9/2018 3:00,1,0,1
2/9/2018 4:00,0,0,0
2/9/2018 5:00,0,0,0
2/9/2018 6:00,0,0,0
2/9/2018 7:00,2,2,0
2/9/2018 8:00,3,2,1
2/9/2018 9:00,3,1,2
2/9/2018 10:00,4,2,2
2/9/2018 11:00,4,3,1
2/9/2018 12:00,4,1,3
2/9/2018 13:00,6,2,4
2/9/2018 14:00,5,3,2
2/9/2018 15:00,3,1,2
2/9/2018 16:00,3,3,0
2/9/2018 17:00,5,3,2
2/9/2018 18:00,8,4,4
2/9/2018 19:00,2,0,2
2/9/2018 20:00,1,1,0
2/9/2018 21:00,1,1,0
2/9/2018 22:00,0,0,0
2/9/2018 23:00,0,0,0
2/10/2018 0:00,0,0,0
2/10/2018 1:00,0,0,0
2/10/2018 2:00,0,0,0
2/10/2018 3:00,0,0,0
2/10/2018 4:00,0,0,0
2/10/2018 5:00,0,0,0
2/10/2018 6:00,0,0,0
2/10/2018 7:00,1,1,0
2/10/2018 8:00,2,1,1
2/10/2018 9:00,5,2,3
2/10/2018 10:00,10,5,5
2/10/2018 11:00,10,6,4
2/10/2018 12:00,11,7,4
2/10/2018 13:00,5,2,3
2/10/2018 14:00,12,8,4
2/10/2018 15:00,12,3,9
2/10/2018 16:00,8,2,6
2/10/2018 17:00,6,4,2
2/10/2018 18:00,4,3,1
2/10/2018 19:00,2,1,1
2/10/2018 20:00,5,3,2
2/10/2018 21:00,0,0,0
2/10/2018 22:00,0,0,0
2/10/2018 23:00,2,2,0
2/11/2018 0:00,0,0,0
2/11/2018 1:00,0,0,0
2/11/2018 2:00,1,1,0
2/11/2018 3:00,0,0,0
2/11/2018 4:00,0,0,0
2/11/2018 5:00,0,0,0
2/11/2018 6:00,1,0,1
2/11/2018 7:00,0,0,0
2/11/2018 8:00,0,0,0
2/11/2018 9:00,5,2,3
2/11/2018 10:00,9,2,7
2/11/2018 11:00,10,6,4
2/11/2018 12:00,15,6,9
2/11/2018 13:00,9,4,5
2/11/2018 14:00,25,15,10
2/11/2018 15:00,7,4,3
2/11/2018 16:00,6,2,4
2/11/2018 17:00,3,1,2
2/11/2018 18:00,1,1,0
2/11/2018 19:00,2,0,2
2/11/2018 20:00,1,1,0
2/11/2018 21:00,1,0,1
2/11/2018 22:00,1,0,1
2/11/2018 23:00,0,0,0
2/12/2018 0:00,0,0,0
2/12/2018 1:00,0,0,0
2/12/2018 2:00,0,0,0
2/12/2018 3:00,0,0,0
2/12/2018 4:00,1,1,0
2/12/2018 5:00,0,0,0
2/12/2018 6:00,0,0,0
2/12/2018 7:00,3,2,1
2/12/2018 8:00,0,0,0
2/12/2018 9:00,3,2,1
2/12/2018 10:00,3,1,2
2/12/2018 11:00,6,4,2
2/12/2018 12:00,6,1,5
2/12/2018 13:00,7,4,3
2/12/2018 14:00,2,2,0
2/12/2018 15:00,6,2,4
2/12/2018 16:00,5,3,2
2/12/2018 17:00,3,1,2
2/12/2018 18:00,7,4,3
2/12/2018 19:00,1,1,0
2/12/2018 20:00,1,1,0
2/12/2018 21:00,3,3,0
2/12/2018 22:00,0,0,0
2/12/2018 23:00,0,0,0
2/13/2018 0:00,0,0,0
2/13/2018 1:00,0,0,0
2/13/2018 2:00,0,0,0
2/13/2018 3:00,0,0,0
2/13/2018 4:00,0,0,0
2/13/2018 5:00,0,0,0
2/13/2018 6:00,0,0,0
2/13/2018 7:00,0,0,0
2/13/2018 8:00,0,0,0
2/13/2018 9:00,4,2,2
2/13/2018 10:00,4,3,1
2/13/2018 11:00,6,4,2
2/13/2018 12:00,4,2,2
2/13/2018 13:00,3,1,2
2/13/2018 14:00,3,1,2
2/13/2018 15:00,5,3,2
2/13/2018 16:00,12,9,3
2/13/2018 17:00,5,4,1
2/13/2018 18:00,5,2,3
2/13/2018 19:00,5,2,3
2/13/2018 20:00,2,1,1
2/13/2018 21:00,1,1,0
2/13/2018 22:00,0,0,0
2/13/2018 23:00,1,1,0
2/14/2018 0:00,0,0,0
2/14/2018 1:00,0,0,0
2/14/2018 2:00,0,0,0
2/14/2018 3:00,0,0,0
2/14/2018 4:00,0,0,0
2/14/2018 5:00,0,0,0
2/14/2018 6:00,1,1,0
2/14/2018 7:00,2,2,0
2/14/2018 8:00,1,1,0
2/14/2018 9:00,3,2,1
2/14/2018 10:00,1,0,1
2/14/2018 11:00,3,2,1
2/14/2018 12:00,3,0,3
2/14/2018 13:00,4,3,1
2/14/2018 14:00,4,2,2
2/14/2018 15:00,2,2,0
2/14/2018 16:00,7,5,2
2/14/2018 17:00,9,6,3
2/14/2018 18:00,4,3,1
2/14/2018 19:00,6,2,4
2/14/2018 20:00,3,3,0
2/14/2018 21:00,1,0,1
2/14/2018 22:00,1,1,0
2/14/2018 23:00,0,0,0
2/15/2018 0:00,1,0,1
2/15/2018 1:00,0,0,0
2/15/2018 2:00,0,0,0
2/15/2018 3:00,0,0,0
2/15/2018 4:00,0,0,0
2/15/2018 5:00,0,0,0
2/15/2018 6:00,1,0,1
2/15/2018 7:00,5,2,3
2/15/2018 8:00,5,4,1
2/15/2018 9:00,7,3,4
2/15/2018 10:00,4,2,2
2/15/2018 11:00,6,2,4
2/15/2018 12:00,6,4,2
2/15/2018 13:00,2,2,0
2/15/2018 14:00,2,1,1
2/15/2018 15:00,3,1,2
2/15/2018 16:00,2,1,1
2/15/2018 17:00,12,7,5
2/15/2018 18:00,4,1,3
2/15/2018 19:00,5,2,3
2/15/2018 20:00,6,5,1
2/15/2018 21:00,1,1,0
2/15/2018 22:00,1,0,1
2/15/2018 23:00,1,1,0
2/16/2018 0:00,0,0,0
2/16/2018 1:00,0,0,0
2/16/2018 2:00,0,0,0
2/16/2018 3:00,0,0,0
2/16/2018 4:00,0,0,0
2/16/2018 5:00,1,0,1
2/16/2018 6:00,0,0,0
2/16/2018 7:00,2,1,1
2/16/2018 8:00,4,1,3
2/16/2018 9:00,2,2,0
2/16/2018 10:00,4,0,4
2/16/2018 11:00,5,3,2
2/16/2018 12:00,3,1,2
2/16/2018 13:00,4,2,2
2/16/2018 14:00,1,0,1
2/16/2018 15:00,4,3,1
2/16/2018 16:00,3,1,2
2/16/2018 17:00,8,4,4
2/16/2018 18:00,8,4,4
2/16/2018 19:00,5,0,5
2/16/2018 20:00,2,2,0
2/16/2018 21:00,1,1,0
2/16/2018 22:00,1,0,1
2/16/2018 23:00,0,0,0
2/17/2018 0:00,0,0,0
2/17/2018 1:00,0,0,0
2/17/2018 2:00,0,0,0
2/17/2018 3:00,0,0,0
2/17/2018 4:00,0,0,0
2/17/2018 5:00,0,0,0
2/17/2018 6:00,0,0,0
2/17/2018 7:00,1,0,1
2/17/2018 8:00,0,0,0
2/17/2018 9:00,1,0,1
2/17/2018 10:00,2,0,2
2/17/2018 11:00,0,0,0
2/17/2018 12:00,4,1,3
2/17/2018 13:00,8,2,6
2/17/2018 14:00,5,1,4
2/17/2018 15:00,5,4,1
2/17/2018 16:00,6,3,3
2/17/2018 17:00,9,3,6
2/17/2018 18:00,2,2,0
2/17/2018 19:00,4,3,1
2/17/2018 20:00,3,1,2
2/17/2018 21:00,1,1,0
2/17/2018 22:00,2,1,1
2/17/2018 23:00,0,0,0
2/18/2018 0:00,1,1,0
2/18/2018 1:00,0,0,0
2/18/2018 2:00,0,0,0
2/18/2018 3:00,0,0,0
2/18/2018 4:00,0,0,0
2/18/2018 5:00,0,0,0
2/18/2018 6:00,0,0,0
2/18/2018 7:00,1,0,1
2/18/2018 8:00,0,0,0
2/18/2018 9:00,0,0,0
2/18/2018 10:00,0,0,0
2/18/2018 11:00,4,2,2
2/18/2018 12:00,2,1,1
2/18/2018 13:00,2,1,1
2/18/2018 14:00,6,2,4
2/18/2018 15:00,6,3,3
2/18/2018 16:00,2,2,0
2/18/2018 17:00,2,1,1
2/18/2018 18:00,1,0,1
2/18/2018 19:00,3,2,1
2/18/2018 20:00,1,1,0
2/18/2018 21:00,0,0,0
2/18/2018 22:00,1,1,0
2/18/2018 23:00,1,0,1
2/19/2018 0:00,0,0,0
2/19/2018 1:00,0,0,0
2/19/2018 2:00,0,0,0
2/19/2018 3:00,0,0,0
2/19/2018 4:00,0,0,0
2/19/2018 5:00,0,0,0
2/19/2018 6:00,0,0,0
2/19/2018 7:00,1,0,1
2/19/2018 8:00,0,0,0
2/19/2018 9:00,0,0,0
2/19/2018 10:00,5,4,1
2/19/2018 11:00,2,1,1
2/19/2018 12:00,5,2,3
2/19/2018 13:00,3,0,3
2/19/2018 14:00,9,3,6
2/19/2018 15:00,9,5,4
2/19/2018 16:00,8,5,3
2/19/2018 17:00,5,4,1
2/19/2018 18:00,2,1,1
2/19/2018 19:00,2,1,1
2/19/2018 20:00,0,0,0
2/19/2018 21:00,0,0,0
2/19/2018 22:00,0,0,0
2/19/2018 23:00,0,0,0
2/20/2018 0:00,0,0,0
2/20/2018 1:00,0,0,0
2/20/2018 2:00,0,0,0
2/20/2018 3:00,0,0,0
2/20/2018 4:00,0,0,0
2/20/2018 5:00,0,0,0
2/20/2018 6:00,0,0,0
2/20/2018 7:00,0,0,0
2/20/2018 8:00,1,0,1
2/20/2018 9:00,1,0,1
2/20/2018 10:00,4,3,1
2/20/2018 11:00,8,3,5
2/20/2018 12:00,3,1,2
2/20/2018 13:00,3,2,1
2/20/2018 14:00,1,0,1
2/20/2018 15:00,3,2,1
2/20/2018 16:00,1,1,0
2/20/2018 17:00,6,4,2
2/20/2018 18:00,3,3,0
2/20/2018 19:00,1,1,0
2/20/2018 20:00,2,2,0
2/20/2018 21:00,0,0,0
2/20/2018 22:00,1,1,0
2/20/2018 23:00,0,0,0
2/21/2018 0:00,0,0,0
2/21/2018 1:00,0,0,0
2/21/2018 2:00,0,0,0
2/21/2018 3:00,0,0,0
2/21/2018 4:00,0,0,0
2/21/2018 5:00,0,0,0
2/21/2018 6:00,0,0,0
2/21/2018 7:00,0,0,0
2/21/2018 8:00,0,0,0
2/21/2018 9:00,4,4,0
2/21/2018 10:00,2,1,1
2/21/2018 11:00,3,2,1
2/21/2018 12:00,2,0,2
2/21/2018 13:00,7,5,2
2/21/2018 14:00,4,2,2
2/21/2018 15:00,3,2,1
2/21/2018 16:00,4,3,1
2/21/2018 17:00,1,1,0
2/21/2018 18:00,4,3,1
2/21/2018 19:00,1,1,0
2/21/2018 20:00,2,0,2
2/21/2018 21:00,2,1,1
2/21/2018 22:00,0,0,0
2/21/2018 23:00,0,0,0
2/22/2018 0:00,1,0,1
2/22/2018 1:00,0,0,0
2/22/2018 2:00,0,0,0
2/22/2018 3:00,0,0,0
2/22/2018 4:00,0,0,0
2/22/2018 5:00,0,0,0
2/22/2018 6:00,1,0,1
2/22/2018 7:00,1,0,1
2/22/2018 8:00,3,2,1
2/22/2018 9:00,2,2,0
2/22/2018 10:00,2,1,1
2/22/2018 11:00,2,1,1
2/22/2018 12:00,1,0,1
2/22/2018 13:00,2,1,1
2/22/2018 14:00,2,1,1
2/22/2018 15:00,2,1,1
2/22/2018 16:00,6,3,3
2/22/2018 17:00,5,3,2
2/22/2018 18:00,2,1,1
2/22/2018 19:00,2,1,1
2/22/2018 20:00,0,0,0
2/22/2018 21:00,0,0,0
2/22/2018 22:00,1,0,1
2/22/2018 23:00,0,0,0
2/23/2018 0:00,0,0,0
2/23/2018 1:00,0,0,0
2/23/2018 2:00,0,0,0
2/23/2018 3:00,0,0,0
2/23/2018 4:00,0,0,0
2/23/2018 5:00,0,0,0
2/23/2018 6:00,0,0,0
2/23/2018 7:00,0,0,0
2/23/2018 8:00,0,0,0
2/23/2018 9:00,0,0,0
2/23/2018 10:00,0,0,0
2/23/2018 11:00,0,0,0
2/23/2018 12:00,1,0,1
2/23/2018 13:00,2,1,1
2/23/2018 14:00,1,1,0
2/23/2018 15:00,1,0,1
2/23/2018 16:00,2,2,0
2/23/2018 17:00,2,0,2
2/23/2018 18:00,7,6,1
2/23/2018 19:00,2,0,2
2/23/2018 20:00,1,1,0
2/23/2018 21:00,0,0,0
2/23/2018 22:00,0,0,0
2/23/2018 23:00,0,0,0
2/24/2018 0:00,1,1,0
2/24/2018 1:00,0,0,0
2/24/2018 2:00,0,0,0
2/24/2018 3:00,0,0,0
2/24/2018 4:00,0,0,0
2/24/2018 5:00,0,0,0
2/24/2018 6:00,0,0,0
2/24/2018 7:00,1,0,1
2/24/2018 8:00,2,1,1
2/24/2018 9:00,2,2,0
2/24/2018 10:00,1,1,0
2/24/2018 11:00,5,3,2
2/24/2018 12:00,5,1,4
2/24/2018 13:00,4,0,4
2/24/2018 14:00,5,2,3
2/24/2018 15:00,3,2,1
2/24/2018 16:00,6,2,4
2/24/2018 17:00,3,1,2
2/24/2018 18:00,2,2,0
2/24/2018 19:00,3,1,2
2/24/2018 20:00,6,5,1
2/24/2018 21:00,0,0,0
2/24/2018 22:00,2,2,0
2/24/2018 23:00,1,1,0
2/25/2018 0:00,0,0,0
2/25/2018 1:00,0,0,0
2/25/2018 2:00,1,0,1
2/25/2018 3:00,0,0,0
2/25/2018 4:00,0,0,0
2/25/2018 5:00,0,0,0
2/25/2018 6:00,0,0,0
2/25/2018 7:00,1,1,0
2/25/2018 8:00,1,1,0
2/25/2018 9:00,4,2,2
2/25/2018 10:00,2,1,1
2/25/2018 11:00,9,3,6
2/25/2018 12:00,5,3,2
2/25/2018 13:00,5,2,3
2/25/2018 14:00,8,3,5
2/25/2018 15:00,3,3,0
2/25/2018 16:00,2,1,1
2/25/2018 17:00,0,0,0
2/25/2018 18:00,3,2,1
2/25/2018 19:00,2,1,1
2/25/2018 20:00,1,1,0
2/25/2018 21:00,0,0,0
2/25/2018 22:00,0,0,0
2/25/2018 23:00,0,0,0
2/26/2018 0:00,0,0,0
2/26/2018 1:00,0,0,0
2/26/2018 2:00,0,0,0
2/26/2018 3:00,0,0,0
2/26/2018 4:00,0,0,0
2/26/2018 5:00,0,0,0
2/26/2018 6:00,1,1,0
2/26/2018 7:00,0,0,0
2/26/2018 8:00,1,0,1
2/26/2018 9:00,4,1,3
2/26/2018 10:00,3,3,0
2/26/2018 11:00,1,1,0
2/26/2018 12:00,4,1,3
2/26/2018 13:00,4,2,2
2/26/2018 14:00,7,4,3
2/26/2018 15:00,2,2,0
2/26/2018 16:00,2,2,0
2/26/2018 17:00,8,5,3
2/26/2018 18:00,2,2,0
2/26/2018 19:00,3,1,2
2/26/2018 20:00,3,2,1
2/26/2018 21:00,2,2,0
2/26/2018 22:00,0,0,0
2/26/2018 23:00,1,1,0
2/27/2018 0:00,0,0,0
2/27/2018 1:00,0,0,0
2/27/2018 2:00,0,0,0
2/27/2018 3:00,0,0,0
2/27/2018 4:00,0,0,0
2/27/2018 5:00,0,0,0
2/27/2018 6:00,0,0,0
2/27/2018 7:00,7,4,3
2/27/2018 8:00,2,1,1
2/27/2018 9:00,4,2,2
2/27/2018 10:00,3,0,3
2/27/2018 11:00,2,1,1
2/27/2018 12:00,6,2,4
2/27/2018 13:00,2,1,1
2/27/2018 14:00,9,4,5
2/27/2018 15:00,3,2,1
2/27/2018 16:00,3,1,2
2/27/2018 17:00,8,4,4
2/27/2018 18:00,7,4,3
2/27/2018 19:00,3,2,1
2/27/2018 20:00,5,3,2
2/27/2018 21:00,1,1,0
2/27/2018 22:00,0,0,0
2/27/2018 23:00,0,0,0
2/28/2018 0:00,0,0,0
2/28/2018 1:00,0,0,0
2/28/2018 2:00,0,0,0
2/28/2018 3:00,0,0,0
2/28/2018 4:00,0,0,0
2/28/2018 5:00,0,0,0
2/28/2018 6:00,0,0,0
2/28/2018 7:00,2,1,1
2/28/2018 8:00,4,3,1
2/28/2018 9:00,1,0,1
2/28/2018 10:00,5,2,3
2/28/2018 11:00,3,2,1
2/28/2018 12:00,3,2,1
2/28/2018 13:00,1,1,0
2/28/2018 14:00,0,0,0
2/28/2018 15:00,1,1,0
2/28/2018 16:00,1,1,0
2/28/2018 17:00,5,3,2
2/28/2018 18:00,4,2,2
2/28/2018 19:00,1,1,0
2/28/2018 20:00,0,0,0
2/28/2018 21:00,2,2,0
2/28/2018 22:00,0,0,0
2/28/2018 23:00,0,0,0
3/1/2018 0:00,0,0,0
3/1/2018 1:00,1,0,1
3/1/2018 2:00,0,0,0
3/1/2018 3:00,0,0,0
3/1/2018 4:00,0,0,0
3/1/2018 5:00,0,0,0
3/1/2018 6:00,0,0,0
3/1/2018 7:00,4,3,1
3/1/2018 8:00,0,0,0
3/1/2018 9:00,4,0,4
3/1/2018 10:00,3,2,1
3/1/2018 11:00,3,2,1
3/1/2018 12:00,5,2,3
3/1/2018 13:00,6,3,3
3/1/2018 14:00,2,2,0
3/1/2018 15:00,3,0,3
3/1/2018 16:00,7,5,2
3/1/2018 17:00,13,8,5
3/1/2018 18:00,11,9,2
3/1/2018 19:00,2,0,2
3/1/2018 20:00,1,1,0
3/1/2018 21:00,1,1,0
3/1/2018 22:00,1,0,1
3/1/2018 23:00,0,0,0
3/2/2018 0:00,0,0,0
3/2/2018 1:00,0,0,0
3/2/2018 2:00,0,0,0
3/2/2018 3:00,0,0,0
3/2/2018 4:00,0,0,0
3/2/2018 5:00,0,0,0
3/2/2018 6:00,1,1,0
3/2/2018 7:00,0,0,0
3/2/2018 8:00,5,2,3
3/2/2018 9:00,5,2,3
3/2/2018 10:00,4,2,2
3/2/2018 11:00,2,2,0
3/2/2018 12:00,2,1,1
3/2/2018 13:00,6,2,4
3/2/2018 14:00,2,1,1
3/2/2018 15:00,1,0,1
3/2/2018 16:00,4,2,2
3/2/2018 17:00,5,3,2
3/2/2018 18:00,2,1,1
3/2/2018 19:00,4,3,1
3/2/2018 20:00,3,2,1
3/2/2018 21:00,2,0,2
3/2/2018 22:00,0,0,0
3/2/2018 23:00,1,1,0
3/3/2018 0:00,0,0,0
3/3/2018 1:00,1,1,0
3/3/2018 2:00,0,0,0
3/3/2018 3:00,0,0,0
3/3/2018 4:00,0,0,0
3/3/2018 5:00,0,0,0
3/3/2018 6:00,0,0,0
3/3/2018 7:00,0,0,0
3/3/2018 8:00,1,1,0
3/3/2018 9:00,1,1,0
3/3/2018 10:00,7,1,6
3/3/2018 11:00,6,2,4
3/3/2018 12:00,11,5,6
3/3/2018 13:00,7,2,5
3/3/2018 14:00,3,0,3
3/3/2018 15:00,12,10,2
3/3/2018 16:00,10,4,6
3/3/2018 17:00,7,3,4
3/3/2018 18:00,9,5,4
3/3/2018 19:00,2,1,1
3/3/2018 20:00,2,2,0
3/3/2018 21:00,0,0,0
3/3/2018 22:00,2,2,0
3/3/2018 23:00,0,0,0
3/4/2018 0:00,0,0,0
3/4/2018 1:00,0,0,0
3/4/2018 2:00,0,0,0
3/4/2018 3:00,0,0,0
3/4/2018 4:00,0,0,0
3/4/2018 5:00,0,0,0
3/4/2018 6:00,0,0,0
3/4/2018 7:00,0,0,0
3/4/2018 8:00,1,1,0
3/4/2018 9:00,1,0,1
3/4/2018 10:00,9,2,7
3/4/2018 11:00,6,1,5
3/4/2018 12:00,8,4,4
3/4/2018 13:00,11,6,5
3/4/2018 14:00,5,4,1
3/4/2018 15:00,3,2,1
3/4/2018 16:00,1,1,0
3/4/2018 17:00,4,1,3
3/4/2018 18:00,3,2,1
3/4/2018 19:00,3,2,1
3/4/2018 20:00,5,3,2
3/4/2018 21:00,2,2,0
3/4/2018 22:00,0,0,0
3/4/2018 23:00,0,0,0
3/5/2018 0:00,0,0,0
3/5/2018 1:00,0,0,0
3/5/2018 2:00,0,0,0
3/5/2018 3:00,0,0,0
3/5/2018 4:00,0,0,0
3/5/2018 5:00,1,0,1
3/5/2018 6:00,0,0,0
3/5/2018 7:00,2,1,1
3/5/2018 8:00,4,2,2
3/5/2018 9:00,2,2,0
3/5/2018 10:00,7,2,5
3/5/2018 11:00,1,0,1
3/5/2018 12:00,11,2,9
3/5/2018 13:00,9,7,2
3/5/2018 14:00,4,3,1
3/5/2018 15:00,6,2,4
3/5/2018 16:00,4,3,1
3/5/2018 17:00,10,7,3
3/5/2018 18:00,7,1,6
3/5/2018 19:00,7,3,4
3/5/2018 20:00,2,2,0
3/5/2018 21:00,1,1,0
3/5/2018 22:00,0,0,0
3/5/2018 23:00,0,0,0
3/6/2018 0:00,0,0,0
3/6/2018 1:00,1,1,0
3/6/2018 2:00,0,0,0
3/6/2018 3:00,1,1,0
3/6/2018 4:00,0,0,0
3/6/2018 5:00,1,1,0
3/6/2018 6:00,3,1,2
3/6/2018 7:00,5,4,1
3/6/2018 8:00,3,3,0
3/6/2018 9:00,5,2,3
3/6/2018 10:00,3,1,2
3/6/2018 11:00,6,2,4
3/6/2018 12:00,11,4,7
3/6/2018 13:00,3,2,1
3/6/2018 14:00,2,1,1
3/6/2018 15:00,9,5,4
3/6/2018 16:00,8,6,2
3/6/2018 17:00,17,9,8
3/6/2018 18:00,11,6,5
3/6/2018 19:00,6,4,2
3/6/2018 20:00,7,4,3
3/6/2018 21:00,4,3,1
3/6/2018 22:00,2,1,1
3/6/2018 23:00,0,0,0
3/7/2018 0:00,0,0,0
3/7/2018 1:00,0,0,0
3/7/2018 2:00,0,0,0
3/7/2018 3:00,0,0,0
3/7/2018 4:00,0,0,0
3/7/2018 5:00,0,0,0
3/7/2018 6:00,0,0,0
3/7/2018 7:00,5,4,1
3/7/2018 8:00,3,2,1
3/7/2018 9:00,9,2,7
3/7/2018 10:00,3,1,2
3/7/2018 11:00,5,2,3
3/7/2018 12:00,5,2,3
3/7/2018 13:00,4,1,3
3/7/2018 14:00,2,1,1
3/7/2018 15:00,1,0,1
3/7/2018 16:00,4,1,3
3/7/2018 17:00,5,3,2
3/7/2018 18:00,5,2,3
3/7/2018 19:00,9,2,7
3/7/2018 20:00,1,1,0
3/7/2018 21:00,4,3,1
3/7/2018 22:00,0,0,0
3/7/2018 23:00,0,0,0
3/8/2018 0:00,0,0,0
3/8/2018 1:00,0,0,0
3/8/2018 2:00,0,0,0
3/8/2018 3:00,1,1,0
3/8/2018 4:00,0,0,0
3/8/2018 5:00,0,0,0
3/8/2018 6:00,2,1,1
3/8/2018 7:00,2,2,0
3/8/2018 8:00,2,1,1
3/8/2018 9:00,2,1,1
3/8/2018 10:00,0,0,0
3/8/2018 11:00,5,3,2
3/8/2018 12:00,2,2,0
3/8/2018 13:00,0,0,0
3/8/2018 14:00,0,0,0
3/8/2018 15:00,1,1,0
3/8/2018 16:00,1,1,0
3/8/2018 17:00,3,1,2
3/8/2018 18:00,4,2,2
3/8/2018 19:00,6,1,5
3/8/2018 20:00,2,1,1
3/8/2018 21:00,2,2,0
3/8/2018 22:00,2,2,0
3/8/2018 23:00,0,0,0
3/9/2018 0:00,0,0,0
3/9/2018 1:00,0,0,0
3/9/2018 2:00,0,0,0
3/9/2018 3:00,0,0,0
3/9/2018 4:00,0,0,0
3/9/2018 5:00,0,0,0
3/9/2018 6:00,1,0,1
3/9/2018 7:00,2,0,2
3/9/2018 8:00,4,1,3
3/9/2018 9:00,2,0,2
3/9/2018 10:00,9,4,5
3/9/2018 11:00,6,4,2
3/9/2018 12:00,4,1,3
3/9/2018 13:00,5,1,4
3/9/2018 14:00,5,3,2
3/9/2018 15:00,4,2,2
3/9/2018 16:00,7,3,4
3/9/2018 17:00,10,3,7
3/9/2018 18:00,7,1,6
3/9/2018 19:00,2,2,0
3/9/2018 20:00,1,1,0
3/9/2018 21:00,1,0,1
3/9/2018 22:00,0,0,0
3/9/2018 23:00,0,0,0
3/10/2018 0:00,0,0,0
3/10/2018 1:00,3,1,2
3/10/2018 2:00,0,0,0
3/10/2018 3:00,0,0,0
3/10/2018 4:00,1,1,0
3/10/2018 5:00,0,0,0
3/10/2018 6:00,0,0,0
3/10/2018 7:00,2,1,1
3/10/2018 8:00,4,1,3
3/10/2018 9:00,5,1,4
3/10/2018 10:00,7,0,7
3/10/2018 11:00,7,4,3
3/10/2018 12:00,5,3,2
3/10/2018 13:00,9,4,5
3/10/2018 14:00,9,5,4
3/10/2018 15:00,19,8,11
3/10/2018 16:00,13,6,7
3/10/2018 17:00,8,3,5
3/10/2018 18:00,9,7,2
3/10/2018 19:00,5,1,4
3/10/2018 20:00,1,1,0
3/10/2018 21:00,1,0,1
3/10/2018 22:00,0,0,0
3/10/2018 23:00,0,0,0
3/11/2018 0:00,0,0,0
3/11/2018 1:00,0,0,0
3/11/2018 2:00,,,
3/11/2018 3:00,1,1,0
3/11/2018 4:00,0,0,0
3/11/2018 5:00,1,0,1
3/11/2018 6:00,0,0,0
3/11/2018 7:00,1,0,1
3/11/2018 8:00,0,0,0
3/11/2018 9:00,2,2,0
3/11/2018 10:00,4,0,4
3/11/2018 11:00,11,3,8
3/11/2018 12:00,15,9,6
3/11/2018 13:00,30,13,17
3/11/2018 14:00,19,13,6
3/11/2018 15:00,11,4,7
3/11/2018 16:00,17,9,8
3/11/2018 17:00,10,6,4
3/11/2018 18:00,13,5,8
3/11/2018 19:00,6,4,2
3/11/2018 20:00,4,4,0
3/11/2018 21:00,2,1,1
3/11/2018 22:00,0,0,0
3/11/2018 23:00,0,0,0
3/12/2018 0:00,0,0,0
3/12/2018 1:00,0,0,0
3/12/2018 2:00,0,0,0
3/12/2018 3:00,0,0,0
3/12/2018 4:00,1,0,1
3/12/2018 5:00,0,0,0
3/12/2018 6:00,2,1,1
3/12/2018 7:00,0,0,0
3/12/2018 8:00,10,2,8
3/12/2018 9:00,4,1,3
3/12/2018 10:00,5,2,3
3/12/2018 11:00,10,4,6
3/12/2018 12:00,9,4,5
3/12/2018 13:00,7,4,3
3/12/2018 14:00,7,7,0
3/12/2018 15:00,11,7,4
3/12/2018 16:00,9,3,6
3/12/2018 17:00,17,9,8
3/12/2018 18:00,8,4,4
3/12/2018 19:00,5,2,3
3/12/2018 20:00,6,6,0
3/12/2018 21:00,1,1,0
3/12/2018 22:00,1,0,1
3/12/2018 23:00,1,0,1
3/13/2018 0:00,0,0,0
3/13/2018 1:00,1,1,0
3/13/2018 2:00,0,0,0
3/13/2018 3:00,0,0,0
3/13/2018 4:00,0,0,0
3/13/2018 5:00,0,0,0
3/13/2018 6:00,2,0,2
3/13/2018 7:00,4,2,2
3/13/2018 8:00,6,4,2
3/13/2018 9:00,6,2,4
3/13/2018 10:00,3,3,0
3/13/2018 11:00,1,0,1
3/13/2018 12:00,3,3,0
3/13/2018 13:00,3,0,3
3/13/2018 14:00,2,1,1
3/13/2018 15:00,5,3,2
3/13/2018 16:00,8,5,3
3/13/2018 17:00,6,5,1
3/13/2018 18:00,6,2,4
3/13/2018 19:00,6,4,2
3/13/2018 20:00,1,1,0
3/13/2018 21:00,3,1,2
3/13/2018 22:00,3,1,2
3/13/2018 23:00,1,1,0
3/14/2018 0:00,0,0,0
3/14/2018 1:00,1,0,1
3/14/2018 2:00,0,0,0
3/14/2018 3:00,0,0,0
3/14/2018 4:00,0,0,0
3/14/2018 5:00,0,0,0
3/14/2018 6:00,3,2,1
3/14/2018 7:00,6,6,0
3/14/2018 8:00,9,4,5
3/14/2018 9:00,4,3,1
3/14/2018 10:00,4,1,3
3/14/2018 11:00,4,2,2
3/14/2018 12:00,4,0,4
3/14/2018 13:00,5,0,5
3/14/2018 14:00,4,2,2
3/14/2018 15:00,13,7,6
3/14/2018 16:00,8,5,3
3/14/2018 17:00,20,9,11
3/14/2018 18:00,16,10,6
3/14/2018 19:00,15,8,7
3/14/2018 20:00,2,1,1
3/14/2018 21:00,2,2,0
3/14/2018 22:00,2,1,1
3/14/2018 23:00,0,0,0
3/15/2018 0:00,0,0,0
3/15/2018 1:00,1,1,0
3/15/2018 2:00,0,0,0
3/15/2018 3:00,0,0,0
3/15/2018 4:00,0,0,0
3/15/2018 5:00,0,0,0
3/15/2018 6:00,1,0,1
3/15/2018 7:00,8,5,3
3/15/2018 8:00,3,2,1
3/15/2018 9:00,5,2,3
3/15/2018 10:00,10,4,6
3/15/2018 11:00,4,2,2
3/15/2018 12:00,5,3,2
3/15/2018 13:00,7,4,3
3/15/2018 14:00,6,4,2
3/15/2018 15:00,6,1,5
3/15/2018 16:00,5,2,3
3/15/2018 17:00,13,8,5
3/15/2018 18:00,12,8,4
3/15/2018 19:00,8,1,7
3/15/2018 20:00,7,6,1
3/15/2018 21:00,4,1,3
3/15/2018 22:00,1,1,0
3/15/2018 23:00,3,3,0
3/16/2018 0:00,1,0,1
3/16/2018 1:00,0,0,0
3/16/2018 2:00,0,0,0
3/16/2018 3:00,0,0,0
3/16/2018 4:00,0,0,0
3/16/2018 5:00,0,0,0
3/16/2018 6:00,1,0,1
3/16/2018 7:00,7,4,3
3/16/2018 8:00,6,1,5
3/16/2018 9:00,7,3,4
3/16/2018 10:00,5,2,3
3/16/2018 11:00,4,2,2
3/16/2018 12:00,7,3,4
3/16/2018 13:00,7,4,3
3/16/2018 14:00,6,4,2
3/16/2018 15:00,8,3,5
3/16/2018 16:00,5,3,2
3/16/2018 17:00,16,6,10
3/16/2018 18:00,14,6,8
3/16/2018 19:00,9,4,5
3/16/2018 20:00,7,7,0
3/16/2018 21:00,1,1,0
3/16/2018 22:00,0,0,0
3/16/2018 23:00,0,0,0
3/17/2018 0:00,0,0,0
3/17/2018 1:00,0,0,0
3/17/2018 2:00,0,0,0
3/17/2018 3:00,0,0,0
3/17/2018 4:00,0,0,0
3/17/2018 5:00,0,0,0
3/17/2018 6:00,0,0,0
3/17/2018 7:00,1,0,1
3/17/2018 8:00,4,4,0
3/17/2018 9:00,1,1,0
3/17/2018 10:00,13,10,3
3/17/2018 11:00,5,2,3
3/17/2018 12:00,8,5,3
3/17/2018 13:00,9,3,6
3/17/2018 14:00,11,9,2
3/17/2018 15:00,4,1,3
3/17/2018 16:00,10,6,4
3/17/2018 17:00,8,2,6
3/17/2018 18:00,8,5,3
3/17/2018 19:00,6,4,2
3/17/2018 20:00,2,1,1
3/17/2018 21:00,2,2,0
3/17/2018 22:00,0,0,0
3/17/2018 23:00,1,0,1
3/18/2018 0:00,0,0,0
3/18/2018 1:00,1,0,1
3/18/2018 2:00,0,0,0
3/18/2018 3:00,0,0,0
3/18/2018 4:00,0,0,0
3/18/2018 5:00,0,0,0
3/18/2018 6:00,0,0,0
3/18/2018 7:00,0,0,0
3/18/2018 8:00,4,3,1
3/18/2018 9:00,2,0,2
3/18/2018 10:00,8,3,5
3/18/2018 11:00,17,7,10
3/18/2018 12:00,7,2,5
3/18/2018 13:00,11,5,6
3/18/2018 14:00,11,5,6
3/18/2018 15:00,10,5,5
3/18/2018 16:00,10,4,6
3/18/2018 17:00,11,9,2
3/18/2018 18:00,8,4,4
3/18/2018 19:00,6,5,1
3/18/2018 20:00,3,2,1
3/18/2018 21:00,1,1,0
3/18/2018 22:00,2,1,1
3/18/2018 23:00,0,0,0
3/19/2018 0:00,0,0,0
3/19/2018 1:00,0,0,0
3/19/2018 2:00,0,0,0
3/19/2018 3:00,0,0,0
3/19/2018 4:00,0,0,0
3/19/2018 5:00,0,0,0
3/19/2018 6:00,2,1,1
3/19/2018 7:00,4,1,3
3/19/2018 8:00,5,2,3
3/19/2018 9:00,6,3,3
3/19/2018 10:00,4,1,3
3/19/2018 11:00,6,3,3
3/19/2018 12:00,3,2,1
3/19/2018 13:00,3,1,2
3/19/2018 14:00,10,6,4
3/19/2018 15:00,7,4,3
3/19/2018 16:00,9,5,4
3/19/2018 17:00,8,5,3
3/19/2018 18:00,14,8,6
3/19/2018 19:00,5,4,1
3/19/2018 20:00,6,3,3
3/19/2018 21:00,1,0,1
3/19/2018 22:00,1,0,1
3/19/2018 23:00,1,1,0
3/20/2018 0:00,1,1,0
3/20/2018 1:00,0,0,0
3/20/2018 2:00,0,0,0
3/20/2018 3:00,0,0,0
3/20/2018 4:00,0,0,0
3/20/2018 5:00,0,0,0
3/20/2018 6:00,2,1,1
3/20/2018 7:00,6,3,3
3/20/2018 8:00,5,2,3
3/20/2018 9:00,7,3,4
3/20/2018 10:00,4,1,3
3/20/2018 11:00,3,1,2
3/20/2018 12:00,5,1,4
3/20/2018 13:00,3,2,1
3/20/2018 14:00,4,3,1
3/20/2018 15:00,10,4,6
3/20/2018 16:00,7,5,2
3/20/2018 17:00,17,9,8
3/20/2018 18:00,15,8,7
3/20/2018 19:00,22,13,9
3/20/2018 20:00,9,6,3
3/20/2018 21:00,2,2,0
3/20/2018 22:00,3,0,3
3/20/2018 23:00,1,1,0
3/21/2018 0:00,0,0,0
3/21/2018 1:00,0,0,0
3/21/2018 2:00,0,0,0
3/21/2018 3:00,0,0,0
3/21/2018 4:00,0,0,0
3/21/2018 5:00,0,0,0
3/21/2018 6:00,2,1,1
3/21/2018 7:00,3,3,0
3/21/2018 8:00,7,2,5
3/21/2018 9:00,3,1,2
3/21/2018 10:00,8,2,6
3/21/2018 11:00,8,5,3
3/21/2018 12:00,10,6,4
3/21/2018 13:00,3,1,2
3/21/2018 14:00,1,0,1
3/21/2018 15:00,12,4,8
3/21/2018 16:00,9,6,3
3/21/2018 17:00,12,8,4
3/21/2018 18:00,16,14,2
3/21/2018 19:00,9,3,6
3/21/2018 20:00,1,1,0
3/21/2018 21:00,5,3,2
3/21/2018 22:00,2,1,1
3/21/2018 23:00,0,0,0
3/22/2018 0:00,0,0,0
3/22/2018 1:00,0,0,0
3/22/2018 2:00,1,1,0
3/22/2018 3:00,0,0,0
3/22/2018 4:00,0,0,0
3/22/2018 5:00,0,0,0
3/22/2018 6:00,2,1,1
3/22/2018 7:00,4,3,1
3/22/2018 8:00,5,3,2
3/22/2018 9:00,3,2,1
3/22/2018 10:00,0,0,0
3/22/2018 11:00,4,3,1
3/22/2018 12:00,2,1,1
3/22/2018 13:00,2,2,0
3/22/2018 14:00,1,0,1
3/22/2018 15:00,0,0,0
3/22/2018 16:00,5,2,3
3/22/2018 17:00,2,1,1
3/22/2018 18:00,8,4,4
3/22/2018 19:00,4,4,0
3/22/2018 20:00,1,1,0
3/22/2018 21:00,2,1,1
3/22/2018 22:00,1,1,0
3/22/2018 23:00,2,1,1
3/23/2018 0:00,0,0,0
3/23/2018 1:00,0,0,0
3/23/2018 2:00,0,0,0
3/23/2018 3:00,0,0,0
3/23/2018 4:00,1,1,0
3/23/2018 5:00,0,0,0
3/23/2018 6:00,0,0,0
3/23/2018 7:00,4,3,1
3/23/2018 8:00,5,1,4
3/23/2018 9:00,3,1,2
3/23/2018 10:00,3,2,1
3/23/2018 11:00,1,1,0
3/23/2018 12:00,4,3,1
3/23/2018 13:00,3,2,1
3/23/2018 14:00,0,0,0
3/23/2018 15:00,2,1,1
3/23/2018 16:00,5,3,2
3/23/2018 17:00,7,3,4
3/23/2018 18:00,8,5,3
3/23/2018 19:00,3,2,1
3/23/2018 20:00,0,0,0
3/23/2018 21:00,1,0,1
3/23/2018 22:00,0,0,0
3/23/2018 23:00,0,0,0
3/24/2018 0:00,1,0,1
3/24/2018 1:00,0,0,0
3/24/2018 2:00,0,0,0
3/24/2018 3:00,0,0,0
3/24/2018 4:00,0,0,0
3/24/2018 5:00,0,0,0
3/24/2018 6:00,0,0,0
3/24/2018 7:00,3,1,2
3/24/2018 8:00,1,1,0
3/24/2018 9:00,5,3,2
3/24/2018 10:00,33,3,30
3/24/2018 11:00,6,4,2
3/24/2018 12:00,5,3,2
3/24/2018 13:00,7,5,2
3/24/2018 14:00,13,5,8
3/24/2018 15:00,12,4,8
3/24/2018 16:00,11,6,5
3/24/2018 17:00,7,2,5
3/24/2018 18:00,5,2,3
3/24/2018 19:00,5,4,1
3/24/2018 20:00,7,2,5
3/24/2018 21:00,2,2,0
3/24/2018 22:00,3,2,1
3/24/2018 23:00,1,0,1
3/25/2018 0:00,1,1,0
3/25/2018 1:00,1,1,0
3/25/2018 2:00,1,0,1
3/25/2018 3:00,1,1,0
3/25/2018 4:00,1,1,0
3/25/2018 5:00,0,0,0
3/25/2018 6:00,0,0,0
3/25/2018 7:00,0,0,0
3/25/2018 8:00,2,1,1
3/25/2018 9:00,3,1,2
3/25/2018 10:00,11,3,8
3/25/2018 11:00,11,5,6
3/25/2018 12:00,10,3,7
3/25/2018 13:00,11,7,4
3/25/2018 14:00,20,12,8
3/25/2018 15:00,13,5,8
3/25/2018 16:00,13,7,6
3/25/2018 17:00,9,4,5
3/25/2018 18:00,10,6,4
3/25/2018 19:00,8,8,0
3/25/2018 20:00,2,2,0
3/25/2018 21:00,1,1,0
3/25/2018 22:00,0,0,0
3/25/2018 23:00,2,0,2
3/26/2018 0:00,0,0,0
3/26/2018 1:00,0,0,0
3/26/2018 2:00,0,0,0
3/26/2018 3:00,0,0,0
3/26/2018 4:00,1,1,0
3/26/2018 5:00,0,0,0
3/26/2018 6:00,0,0,0
3/26/2018 7:00,2,1,1
3/26/2018 8:00,9,2,7
3/26/2018 9:00,3,2,1
3/26/2018 10:00,3,2,1
3/26/2018 11:00,4,3,1
3/26/2018 12:00,1,1,0
3/26/2018 13:00,0,0,0
3/26/2018 14:00,5,2,3
3/26/2018 15:00,3,3,0
3/26/2018 16:00,6,5,1
3/26/2018 17:00,4,1,3
3/26/2018 18:00,5,3,2
3/26/2018 19:00,3,1,2
3/26/2018 20:00,4,3,1
3/26/2018 21:00,5,2,3
3/26/2018 22:00,0,0,0
3/26/2018 23:00,0,0,0
3/27/2018 0:00,0,0,0
3/27/2018 1:00,0,0,0
3/27/2018 2:00,0,0,0
3/27/2018 3:00,0,0,0
3/27/2018 4:00,0,0,0
3/27/2018 5:00,1,1,0
3/27/2018 6:00,2,2,0
3/27/2018 7:00,6,4,2
3/27/2018 8:00,7,4,3
3/27/2018 9:00,9,3,6
3/27/2018 10:00,1,0,1
3/27/2018 11:00,4,3,1
3/27/2018 12:00,6,3,3
3/27/2018 13:00,4,2,2
3/27/2018 14:00,3,2,1
3/27/2018 15:00,8,5,3
3/27/2018 16:00,11,8,3
3/27/2018 17:00,6,1,5
3/27/2018 18:00,9,3,6
3/27/2018 19:00,9,6,3
3/27/2018 20:00,5,4,1
3/27/2018 21:00,3,3,0
3/27/2018 22:00,2,0,2
3/27/2018 23:00,1,0,1
3/28/2018 0:00,1,1,0
3/28/2018 1:00,0,0,0
3/28/2018 2:00,0,0,0
3/28/2018 3:00,0,0,0
3/28/2018 4:00,1,0,1
3/28/2018 5:00,0,0,0
3/28/2018 6:00,5,4,1
3/28/2018 7:00,4,3,1
3/28/2018 8:00,14,4,10
3/28/2018 9:00,10,7,3
3/28/2018 10:00,3,0,3
3/28/2018 11:00,5,3,2
3/28/2018 12:00,8,4,4
3/28/2018 13:00,7,6,1
3/28/2018 14:00,7,4,3
3/28/2018 15:00,9,3,6
3/28/2018 16:00,7,4,3
3/28/2018 17:00,12,8,4
3/28/2018 18:00,13,10,3
3/28/2018 19:00,15,13,2
3/28/2018 20:00,5,1,4
3/28/2018 21:00,4,2,2
3/28/2018 22:00,0,0,0
3/28/2018 23:00,0,0,0
3/29/2018 0:00,0,0,0
3/29/2018 1:00,0,0,0
3/29/2018 2:00,0,0,0
3/29/2018 3:00,0,0,0
3/29/2018 4:00,0,0,0
3/29/2018 5:00,1,0,1
3/29/2018 6:00,3,3,0
3/29/2018 7:00,3,3,0
3/29/2018 8:00,8,3,5
3/29/2018 9:00,4,2,2
3/29/2018 10:00,3,0,3
3/29/2018 11:00,8,4,4
3/29/2018 12:00,4,3,1
3/29/2018 13:00,5,5,0
3/29/2018 14:00,7,3,4
3/29/2018 15:00,11,8,3
3/29/2018 16:00,8,2,6
3/29/2018 17:00,14,6,8
3/29/2018 18:00,19,16,3
3/29/2018 19:00,11,4,7
3/29/2018 20:00,6,4,2
3/29/2018 21:00,2,1,1
3/29/2018 22:00,2,1,1
3/29/2018 23:00,0,0,0
3/30/2018 0:00,0,0,0
3/30/2018 1:00,0,0,0
3/30/2018 2:00,0,0,0
3/30/2018 3:00,0,0,0
3/30/2018 4:00,0,0,0
3/30/2018 5:00,1,1,0
3/30/2018 6:00,1,1,0
3/30/2018 7:00,7,4,3
3/30/2018 8:00,7,3,4
3/30/2018 9:00,5,2,3
3/30/2018 10:00,3,1,2
3/30/2018 11:00,5,2,3
3/30/2018 12:00,6,3,3
3/30/2018 13:00,8,3,5
3/30/2018 14:00,5,2,3
3/30/2018 15:00,13,12,1
3/30/2018 16:00,11,6,5
3/30/2018 17:00,14,6,8
3/30/2018 18:00,6,4,2
3/30/2018 19:00,15,8,7
3/30/2018 20:00,8,6,2
3/30/2018 21:00,5,4,1
3/30/2018 22:00,4,2,2
3/30/2018 23:00,4,1,3
3/31/2018 0:00,2,2,0
3/31/2018 1:00,1,0,1
3/31/2018 2:00,0,0,0
3/31/2018 3:00,0,0,0
3/31/2018 4:00,0,0,0
3/31/2018 5:00,0,0,0
3/31/2018 6:00,2,2,0
3/31/2018 7:00,1,0,1
3/31/2018 8:00,0,0,0
3/31/2018 9:00,10,2,8
3/31/2018 10:00,10,5,5
3/31/2018 11:00,13,6,7
3/31/2018 12:00,11,8,3
3/31/2018 13:00,5,1,4
3/31/2018 14:00,9,6,3
3/31/2018 15:00,16,10,6
3/31/2018 16:00,17,8,9
3/31/2018 17:00,12,4,8
3/31/2018 18:00,7,4,3
3/31/2018 19:00,4,4,0
3/31/2018 20:00,6,3,3
3/31/2018 21:00,2,1,1
3/31/2018 22:00,1,0,1
3/31/2018 23:00,3,2,1
4/1/2018 0:00,4,4,0
4/1/2018 1:00,0,0,0
4/1/2018 2:00,0,0,0
4/1/2018 3:00,0,0,0
4/1/2018 4:00,0,0,0
4/1/2018 5:00,0,0,0
4/1/2018 6:00,0,0,0
4/1/2018 7:00,1,1,0
4/1/2018 8:00,0,0,0
4/1/2018 9:00,7,3,4
4/1/2018 10:00,4,3,1
4/1/2018 11:00,5,3,2
4/1/2018 12:00,8,4,4
4/1/2018 13:00,7,5,2
4/1/2018 14:00,6,4,2
4/1/2018 15:00,9,6,3
4/1/2018 16:00,3,3,0
4/1/2018 17:00,2,2,0
4/1/2018 18:00,2,2,0
4/1/2018 19:00,1,0,1
4/1/2018 20:00,6,3,3
4/1/2018 21:00,3,3,0
4/1/2018 22:00,0,0,0
4/1/2018 23:00,0,0,0
4/2/2018 0:00,0,0,0
4/2/2018 1:00,0,0,0
4/2/2018 2:00,0,0,0
4/2/2018 3:00,0,0,0
4/2/2018 4:00,0,0,0
4/2/2018 5:00,2,2,0
4/2/2018 6:00,5,4,1
4/2/2018 7:00,4,2,2
4/2/2018 8:00,11,7,4
4/2/2018 9:00,10,6,4
4/2/2018 10:00,,,
4/2/2018 11:00,4,3,1
4/2/2018 12:00,7,4,3
4/2/2018 13:00,4,1,3
4/2/2018 14:00,8,7,1
4/2/2018 15:00,19,11,8
4/2/2018 16:00,9,7,2
4/2/2018 17:00,14,7,7
4/2/2018 18:00,26,11,15
4/2/2018 19:00,7,4,3
4/2/2018 20:00,6,4,2
4/2/2018 21:00,1,1,0
4/2/2018 22:00,3,1,2
4/2/2018 23:00,1,1,0
4/3/2018 0:00,0,0,0
4/3/2018 1:00,0,0,0
4/3/2018 2:00,0,0,0
4/3/2018 3:00,0,0,0
4/3/2018 4:00,1,1,0
4/3/2018 5:00,2,1,1
4/3/2018 6:00,3,3,0
4/3/2018 7:00,7,2,5
4/3/2018 8:00,12,7,5
4/3/2018 9:00,9,4,5
4/3/2018 10:00,7,3,4
4/3/2018 11:00,5,2,3
4/3/2018 12:00,4,2,2
4/3/2018 13:00,10,8,2
4/3/2018 14:00,4,2,2
4/3/2018 15:00,6,5,1
4/3/2018 16:00,10,5,5
4/3/2018 17:00,14,9,5
4/3/2018 18:00,13,3,10
4/3/2018 19:00,7,5,2
4/3/2018 20:00,2,1,1
4/3/2018 21:00,2,2,0
4/3/2018 22:00,2,2,0
4/3/2018 23:00,0,0,0
4/4/2018 0:00,0,0,0
4/4/2018 1:00,0,0,0
4/4/2018 2:00,0,0,0
4/4/2018 3:00,0,0,0
4/4/2018 4:00,1,1,0
4/4/2018 5:00,0,0,0
4/4/2018 6:00,2,2,0
4/4/2018 7:00,5,4,1
4/4/2018 8:00,8,6,2
4/4/2018 9:00,3,1,2
4/4/2018 10:00,4,1,3
4/4/2018 11:00,3,1,2
4/4/2018 12:00,5,3,2
4/4/2018 13:00,3,2,1
4/4/2018 14:00,3,0,3
4/4/2018 15:00,6,4,2
4/4/2018 16:00,4,1,3
4/4/2018 17:00,8,4,4
4/4/2018 18:00,9,6,3
4/4/2018 19:00,6,2,4
4/4/2018 20:00,1,1,0
4/4/2018 21:00,1,0,1
4/4/2018 22:00,0,0,0
4/4/2018 23:00,0,0,0
4/5/2018 0:00,0,0,0
4/5/2018 1:00,0,0,0
4/5/2018 2:00,0,0,0
4/5/2018 3:00,0,0,0
4/5/2018 4:00,0,0,0
4/5/2018 5:00,0,0,0
4/5/2018 6:00,2,2,0
4/5/2018 7:00,3,3,0
4/5/2018 8:00,7,2,5
4/5/2018 9:00,1,0,1
4/5/2018 10:00,2,0,2
4/5/2018 11:00,2,1,1
4/5/2018 12:00,7,5,2
4/5/2018 13:00,5,3,2
4/5/2018 14:00,8,6,2
4/5/2018 15:00,2,0,2
4/5/2018 16:00,3,1,2
4/5/2018 17:00,7,7,0
4/5/2018 18:00,8,4,4
4/5/2018 19:00,2,0,2
4/5/2018 20:00,2,2,0
4/5/2018 21:00,3,2,1
4/5/2018 22:00,3,2,1
4/5/2018 23:00,0,0,0
4/6/2018 0:00,1,0,1
4/6/2018 1:00,0,0,0
4/6/2018 2:00,0,0,0
4/6/2018 3:00,0,0,0
4/6/2018 4:00,0,0,0
4/6/2018 5:00,0,0,0
4/6/2018 6:00,3,3,0
4/6/2018 7:00,4,2,2
4/6/2018 8:00,6,4,2
4/6/2018 9:00,10,4,6
4/6/2018 10:00,6,2,4
4/6/2018 11:00,6,4,2
4/6/2018 12:00,9,2,7
4/6/2018 13:00,7,7,0
4/6/2018 14:00,7,6,1
4/6/2018 15:00,7,1,6
4/6/2018 16:00,8,4,4
4/6/2018 17:00,18,7,11
4/6/2018 18:00,21,17,4
4/6/2018 19:00,11,5,6
4/6/2018 20:00,11,10,1
4/6/2018 21:00,8,3,5
4/6/2018 22:00,3,2,1
4/6/2018 23:00,1,0,1
4/7/2018 0:00,1,0,1
4/7/2018 1:00,0,0,0
4/7/2018 2:00,0,0,0
4/7/2018 3:00,0,0,0
4/7/2018 4:00,0,0,0
4/7/2018 5:00,1,1,0
4/7/2018 6:00,0,0,0
4/7/2018 7:00,2,0,2
4/7/2018 8:00,6,3,3
4/7/2018 9:00,4,4,0
4/7/2018 10:00,5,1,4
4/7/2018 11:00,10,5,5
4/7/2018 12:00,8,6,2
4/7/2018 13:00,5,1,4
4/7/2018 14:00,5,1,4
4/7/2018 15:00,6,5,1
4/7/2018 16:00,3,3,0
4/7/2018 17:00,5,3,2
4/7/2018 18:00,3,3,0
4/7/2018 19:00,10,7,3
4/7/2018 20:00,8,5,3
4/7/2018 21:00,0,0,0
4/7/2018 22:00,3,3,0
4/7/2018 23:00,5,4,1
4/8/2018 0:00,2,0,2
4/8/2018 1:00,0,0,0
4/8/2018 2:00,0,0,0
4/8/2018 3:00,0,0,0
4/8/2018 4:00,0,0,0
4/8/2018 5:00,0,0,0
4/8/2018 6:00,3,2,1
4/8/2018 7:00,1,0,1
4/8/2018 8:00,2,1,1
4/8/2018 9:00,3,0,3
4/8/2018 10:00,8,8,0
4/8/2018 11:00,9,7,2
4/8/2018 12:00,17,14,3
4/8/2018 13:00,14,6,8
4/8/2018 14:00,14,11,3
4/8/2018 15:00,7,5,2
4/8/2018 16:00,11,6,5
4/8/2018 17:00,9,6,3
4/8/2018 18:00,7,4,3
4/8/2018 19:00,9,6,3
4/8/2018 20:00,4,2,2
4/8/2018 21:00,2,1,1
4/8/2018 22:00,2,1,1
4/8/2018 23:00,0,0,0
4/9/2018 0:00,0,0,0
4/9/2018 1:00,0,0,0
4/9/2018 2:00,0,0,0
4/9/2018 3:00,0,0,0
4/9/2018 4:00,0,0,0
4/9/2018 5:00,0,0,0
4/9/2018 6:00,4,3,1
4/9/2018 7:00,8,2,6
4/9/2018 8:00,5,3,2
4/9/2018 9:00,11,6,5
4/9/2018 10:00,13,5,8
4/9/2018 11:00,8,4,4
4/9/2018 12:00,12,3,9
4/9/2018 13:00,11,7,4
4/9/2018 14:00,5,3,2
4/9/2018 15:00,18,11,7
4/9/2018 16:00,19,10,9
4/9/2018 17:00,27,12,15
4/9/2018 18:00,18,10,8
4/9/2018 19:00,12,6,6
4/9/2018 20:00,9,4,5
4/9/2018 21:00,6,3,3
4/9/2018 22:00,2,1,1
4/9/2018 23:00,1,0,1
4/10/2018 0:00,0,0,0
4/10/2018 1:00,0,0,0
4/10/2018 2:00,0,0,0
4/10/2018 3:00,0,0,0
4/10/2018 4:00,0,0,0
4/10/2018 5:00,0,0,0
4/10/2018 6:00,1,0,1
4/10/2018 7:00,6,4,2
4/10/2018 8:00,7,5,2
4/10/2018 9:00,5,3,2
4/10/2018 10:00,3,1,2
4/10/2018 11:00,9,4,5
4/10/2018 12:00,7,4,3
4/10/2018 13:00,8,6,2
4/10/2018 14:00,7,4,3
4/10/2018 15:00,17,8,9
4/10/2018 16:00,7,2,5
4/10/2018 17:00,9,5,4
4/10/2018 18:00,16,9,7
4/10/2018 19:00,8,3,5
4/10/2018 20:00,6,4,2
4/10/2018 21:00,6,3,3
4/10/2018 22:00,2,2,0
4/10/2018 23:00,0,0,0
4/11/2018 0:00,1,1,0
4/11/2018 1:00,0,0,0
4/11/2018 2:00,0,0,0
4/11/2018 3:00,0,0,0
4/11/2018 4:00,0,0,0
4/11/2018 5:00,0,0,0
4/11/2018 6:00,0,0,0
4/11/2018 7:00,4,4,0
4/11/2018 8:00,10,6,4
4/11/2018 9:00,9,2,7
4/11/2018 10:00,6,4,2
4/11/2018 11:00,6,4,2
4/11/2018 12:00,5,4,1
4/11/2018 13:00,1,0,1
4/11/2018 14:00,4,3,1
4/11/2018 15:00,2,2,0
4/11/2018 16:00,5,5,0
4/11/2018 17:00,7,2,5
4/11/2018 18:00,9,5,4
4/11/2018 19:00,5,4,1
4/11/2018 20:00,1,0,1
4/11/2018 21:00,2,2,0
4/11/2018 22:00,3,2,1
4/11/2018 23:00,0,0,0
4/12/2018 0:00,0,0,0
4/12/2018 1:00,0,0,0
4/12/2018 2:00,0,0,0
4/12/2018 3:00,0,0,0
4/12/2018 4:00,2,0,2
4/12/2018 5:00,0,0,0
4/12/2018 6:00,1,0,1
4/12/2018 7:00,1,1,0
4/12/2018 8:00,1,0,1
4/12/2018 9:00,1,1,0
4/12/2018 10:00,0,0,0
4/12/2018 11:00,3,2,1
4/12/2018 12:00,7,4,3
4/12/2018 13:00,2,2,0
4/12/2018 14:00,0,0,0
4/12/2018 15:00,0,0,0
4/12/2018 16:00,5,5,0
4/12/2018 17:00,4,2,2
4/12/2018 18:00,8,8,0
4/12/2018 19:00,6,5,1
4/12/2018 20:00,2,1,1
4/12/2018 21:00,2,2,0
4/12/2018 22:00,1,1,0
4/12/2018 23:00,0,0,0
4/13/2018 0:00,0,0,0
4/13/2018 1:00,0,0,0
4/13/2018 2:00,0,0,0
4/13/2018 3:00,0,0,0
4/13/2018 4:00,0,0,0
4/13/2018 5:00,1,1,0
4/13/2018 6:00,0,0,0
4/13/2018 7:00,4,2,2
4/13/2018 8:00,3,2,1
4/13/2018 9:00,1,1,0
4/13/2018 10:00,0,0,0
4/13/2018 11:00,1,0,1
4/13/2018 12:00,1,1,0
4/13/2018 13:00,7,3,4
4/13/2018 14:00,5,3,2
4/13/2018 15:00,5,3,2
4/13/2018 16:00,12,5,7
4/13/2018 17:00,10,4,6
4/13/2018 18:00,19,6,13
4/13/2018 19:00,13,1,12
4/13/2018 20:00,9,0,9
4/13/2018 21:00,6,3,3
4/13/2018 22:00,2,0,2
4/13/2018 23:00,3,2,1
4/14/2018 0:00,0,0,0
4/14/2018 1:00,0,0,0
4/14/2018 2:00,1,0,1
4/14/2018 3:00,1,0,1
4/14/2018 4:00,1,0,1
4/14/2018 5:00,0,0,0
4/14/2018 6:00,0,0,0
4/14/2018 7:00,3,1,2
4/14/2018 8:00,2,0,2
4/14/2018 9:00,2,0,2
4/14/2018 10:00,6,4,2
4/14/2018 11:00,5,0,5
4/14/2018 12:00,1,0,1
4/14/2018 13:00,6,2,4
4/14/2018 14:00,17,4,13
4/14/2018 15:00,7,4,3
4/14/2018 16:00,3,1,2
4/14/2018 17:00,4,1,3
4/14/2018 18:00,3,0,3
4/14/2018 19:00,5,1,4
4/14/2018 20:00,1,0,1
4/14/2018 21:00,3,1,2
4/14/2018 22:00,3,0,3
4/14/2018 23:00,2,0,2
4/15/2018 0:00,1,0,1
4/15/2018 1:00,0,0,0
4/15/2018 2:00,4,1,3
4/15/2018 3:00,0,0,0
4/15/2018 4:00,0,0,0
4/15/2018 5:00,0,0,0
4/15/2018 6:00,0,0,0
4/15/2018 7:00,0,0,0
4/15/2018 8:00,0,0,0
4/15/2018 9:00,2,0,2
4/15/2018 10:00,5,1,4
4/15/2018 11:00,6,4,2
4/15/2018 12:00,6,3,3
4/15/2018 13:00,13,4,9
4/15/2018 14:00,12,3,9
4/15/2018 15:00,7,1,6
4/15/2018 16:00,8,2,6
4/15/2018 17:00,3,0,3
4/15/2018 18:00,4,0,4
4/15/2018 19:00,2,0,2
4/15/2018 20:00,4,0,4
4/15/2018 21:00,5,1,4
4/15/2018 22:00,1,1,0
4/15/2018 23:00,0,0,0
4/16/2018 0:00,1,0,1
4/16/2018 1:00,0,0,0
4/16/2018 2:00,0,0,0
4/16/2018 3:00,0,0,0
4/16/2018 4:00,2,0,2
4/16/2018 5:00,4,0,4
4/16/2018 6:00,6,0,6
4/16/2018 7:00,6,3,3
4/16/2018 8:00,6,0,6
4/16/2018 9:00,7,0,7
4/16/2018 10:00,13,3,10
4/16/2018 11:00,8,2,6
4/16/2018 12:00,6,0,6
4/16/2018 13:00,1,0,1
4/16/2018 14:00,1,0,1
4/16/2018 15:00,2,1,1
4/16/2018 16:00,1,1,0
4/16/2018 17:00,2,0,2
4/16/2018 18:00,6,2,4
4/16/2018 19:00,3,0,3
4/16/2018 20:00,8,0,8
4/16/2018 21:00,5,1,4
4/16/2018 22:00,5,0,5
4/16/2018 23:00,5,0,5
4/17/2018 0:00,4,0,4
4/17/2018 1:00,1,1,0
4/17/2018 2:00,1,0,1
4/17/2018 3:00,0,0,0
4/17/2018 4:00,2,0,2
4/17/2018 5:00,2,1,1
4/17/2018 6:00,0,0,0
4/17/2018 7:00,6,1,5
4/17/2018 8:00,7,0,7
4/17/2018 9:00,4,0,4
4/17/2018 10:00,6,4,2
4/17/2018 11:00,3,2,1
4/17/2018 12:00,8,1,7
4/17/2018 13:00,6,1,5
4/17/2018 14:00,6,0,6
4/17/2018 15:00,4,0,4
4/17/2018 16:00,6,2,4
4/17/2018 17:00,5,1,4
4/17/2018 18:00,9,1,8
4/17/2018 19:00,12,0,12
4/17/2018 20:00,10,0,10
4/17/2018 21:00,6,0,6
4/17/2018 22:00,4,0,4
4/17/2018 23:00,1,0,1
4/18/2018 0:00,0,0,0
4/18/2018 1:00,0,0,0
4/18/2018 2:00,0,0,0
4/18/2018 3:00,1,0,1
4/18/2018 4:00,1,0,1
4/18/2018 5:00,1,0,1
4/18/2018 6:00,5,0,5
4/18/2018 7:00,5,0,5
4/18/2018 8:00,2,0,2
4/18/2018 9:00,6,2,4
4/18/2018 10:00,4,1,3
4/18/2018 11:00,9,2,7
4/18/2018 12:00,3,1,2
4/18/2018 13:00,9,0,9
4/18/2018 14:00,6,0,6
4/18/2018 15:00,9,1,8
4/18/2018 16:00,7,0,7
4/18/2018 17:00,11,1,10
4/18/2018 18:00,9,3,6
4/18/2018 19:00,4,0,4
4/18/2018 20:00,8,1,7
4/18/2018 21:00,5,0,5
4/18/2018 22:00,5,0,5
4/18/2018 23:00,2,0,2
4/19/2018 0:00,1,0,1
4/19/2018 1:00,1,0,1
4/19/2018 2:00,1,0,1
4/19/2018 3:00,0,0,0
4/19/2018 4:00,1,0,1
4/19/2018 5:00,2,0,2
4/19/2018 6:00,6,2,4
4/19/2018 7:00,3,1,2
4/19/2018 8:00,6,0,6
4/19/2018 9:00,4,1,3
4/19/2018 10:00,3,3,0
4/19/2018 11:00,7,1,6
4/19/2018 12:00,4,3,1
4/19/2018 13:00,4,0,4
4/19/2018 14:00,8,3,5
4/19/2018 15:00,5,1,4
4/19/2018 16:00,9,2,7
4/19/2018 17:00,5,1,4
4/19/2018 18:00,4,0,4
4/19/2018 19:00,10,3,7
4/19/2018 20:00,3,0,3
4/19/2018 21:00,5,0,5
4/19/2018 22:00,6,0,6
4/19/2018 23:00,3,0,3
4/20/2018 0:00,0,0,0
4/20/2018 1:00,1,0,1
4/20/2018 2:00,1,0,1
4/20/2018 3:00,0,0,0
4/20/2018 4:00,0,0,0
4/20/2018 5:00,5,1,4
4/20/2018 6:00,8,2,6
4/20/2018 7:00,6,1,5
4/20/2018 8:00,7,1,6
4/20/2018 9:00,6,1,5
4/20/2018 10:00,1,0,1
4/20/2018 11:00,4,1,3
4/20/2018 12:00,4,1,3
4/20/2018 13:00,6,0,6
4/20/2018 14:00,4,0,4
4/20/2018 15:00,4,3,1
4/20/2018 16:00,6,1,5
4/20/2018 17:00,5,0,5
4/20/2018 18:00,10,7,3
4/20/2018 19:00,6,1,5
4/20/2018 20:00,7,0,7
4/20/2018 21:00,9,2,7
4/20/2018 22:00,5,0,5
4/20/2018 23:00,5,1,4
4/21/2018 0:00,0,0,0
4/21/2018 1:00,3,0,3
4/21/2018 2:00,1,0,1
4/21/2018 3:00,0,0,0
4/21/2018 4:00,2,1,1
4/21/2018 5:00,1,0,1
4/21/2018 6:00,0,0,0
4/21/2018 7:00,2,1,1
4/21/2018 8:00,4,3,1
4/21/2018 9:00,4,1,3
4/21/2018 10:00,6,1,5
4/21/2018 11:00,5,2,3
4/21/2018 12:00,4,1,3
4/21/2018 13:00,2,1,1
4/21/2018 14:00,5,1,4
4/21/2018 15:00,3,0,3
4/21/2018 16:00,5,0,5
4/21/2018 17:00,3,3,0
4/21/2018 18:00,2,0,2
4/21/2018 19:00,10,4,6
4/21/2018 20:00,10,2,8
4/21/2018 21:00,4,1,3
4/21/2018 22:00,4,3,1
4/21/2018 23:00,10,4,6
4/22/2018 0:00,4,0,4
4/22/2018 1:00,3,0,3
4/22/2018 2:00,1,0,1
4/22/2018 3:00,1,1,0
4/22/2018 4:00,0,0,0
4/22/2018 5:00,2,0,2
4/22/2018 6:00,1,0,1
4/22/2018 7:00,1,0,1
4/22/2018 8:00,1,0,1
4/22/2018 9:00,2,1,1
4/22/2018 10:00,4,3,1
4/22/2018 11:00,1,1,0
4/22/2018 12:00,6,4,2
4/22/2018 13:00,6,4,2
4/22/2018 14:00,1,0,1
4/22/2018 15:00,3,2,1
4/22/2018 16:00,6,0,6
4/22/2018 17:00,5,2,3
4/22/2018 18:00,4,0,4
4/22/2018 19:00,6,2,4
4/22/2018 20:00,5,1,4
4/22/2018 21:00,6,1,5
4/22/2018 22:00,3,0,3
4/22/2018 23:00,2,0,2
4/23/2018 0:00,2,0,2
4/23/2018 1:00,0,0,0
4/23/2018 2:00,0,0,0
4/23/2018 3:00,0,0,0
4/23/2018 4:00,0,0,0
4/23/2018 5:00,0,0,0
4/23/2018 6:00,0,0,0
4/23/2018 7:00,2,0,2
4/23/2018 8:00,5,2,3
4/23/2018 9:00,1,1,0
4/23/2018 10:00,6,2,4
4/23/2018 11:00,6,4,2
4/23/2018 12:00,3,1,2
4/23/2018 13:00,3,0,3
4/23/2018 14:00,7,0,7
4/23/2018 15:00,7,2,5
4/23/2018 16:00,13,2,11
4/23/2018 17:00,7,0,7
4/23/2018 18:00,14,2,12
4/23/2018 19:00,11,3,8
4/23/2018 20:00,8,1,7
4/23/2018 21:00,2,0,2
4/23/2018 22:00,4,0,4
4/23/2018 23:00,0,0,0
4/24/2018 0:00,1,0,1
4/24/2018 1:00,0,0,0
4/24/2018 2:00,0,0,0
4/24/2018 3:00,1,0,1
4/24/2018 4:00,1,0,1
4/24/2018 5:00,3,3,0
4/24/2018 6:00,2,1,1
4/24/2018 7:00,6,3,3
4/24/2018 8:00,9,2,7
4/24/2018 9:00,6,1,5
4/24/2018 10:00,6,1,5
4/24/2018 11:00,6,1,5
4/24/2018 12:00,10,1,9
4/24/2018 13:00,9,3,6
4/24/2018 14:00,5,4,1
4/24/2018 15:00,4,0,4
4/24/2018 16:00,5,0,5
4/24/2018 17:00,8,3,5
4/24/2018 18:00,11,3,8
4/24/2018 19:00,9,3,6
4/24/2018 20:00,11,5,6
4/24/2018 21:00,7,1,6
4/24/2018 22:00,9,0,9
4/24/2018 23:00,3,0,3
4/25/2018 0:00,0,0,0
4/25/2018 1:00,1,0,1
4/25/2018 2:00,1,1,0
4/25/2018 3:00,0,0,0
4/25/2018 4:00,2,0,2
4/25/2018 5:00,2,0,2
4/25/2018 6:00,3,0,3
4/25/2018 7:00,7,2,5
4/25/2018 8:00,9,2,7
4/25/2018 9:00,5,2,3
4/25/2018 10:00,10,7,3
4/25/2018 11:00,6,0,6
4/25/2018 12:00,13,2,11
4/25/2018 13:00,11,3,8
4/25/2018 14:00,11,3,8
4/25/2018 15:00,8,0,8
4/25/2018 16:00,12,2,10
4/25/2018 17:00,10,3,7
4/25/2018 18:00,9,2,7
4/25/2018 19:00,6,2,4
4/25/2018 20:00,14,2,12
4/25/2018 21:00,6,1,5
4/25/2018 22:00,4,1,3
4/25/2018 23:00,4,0,4
4/26/2018 0:00,0,0,0
4/26/2018 1:00,0,0,0
4/26/2018 2:00,0,0,0
4/26/2018 3:00,0,0,0
4/26/2018 4:00,0,0,0
4/26/2018 5:00,1,1,0
4/26/2018 6:00,3,3,0
4/26/2018 7:00,6,1,5
4/26/2018 8:00,6,1,5
4/26/2018 9:00,4,2,2
4/26/2018 10:00,4,0,4
4/26/2018 11:00,4,1,3
4/26/2018 12:00,8,1,7
4/26/2018 13:00,4,0,4
4/26/2018 14:00,6,1,5
4/26/2018 15:00,11,2,9
4/26/2018 16:00,7,2,5
4/26/2018 17:00,11,2,9
4/26/2018 18:00,12,3,9
4/26/2018 19:00,7,2,5
4/26/2018 20:00,6,2,4
4/26/2018 21:00,1,0,1
4/26/2018 22:00,3,1,2
4/26/2018 23:00,0,0,0
4/27/2018 0:00,2,2,0
4/27/2018 1:00,0,0,0
4/27/2018 2:00,0,0,0
4/27/2018 3:00,0,0,0
4/27/2018 4:00,0,0,0
4/27/2018 5:00,0,0,0
4/27/2018 6:00,0,0,0
4/27/2018 7:00,0,0,0
4/27/2018 8:00,3,2,1
4/27/2018 9:00,3,3,0
4/27/2018 10:00,2,2,0
4/27/2018 11:00,5,5,0
4/27/2018 12:00,11,8,3
4/27/2018 13:00,7,3,4
4/27/2018 14:00,3,2,1
4/27/2018 15:00,4,3,1
4/27/2018 16:00,3,2,1
4/27/2018 17:00,4,3,1
4/27/2018 18:00,4,3,1
4/27/2018 19:00,1,1,0
4/27/2018 20:00,4,3,1
4/27/2018 21:00,2,2,0
4/27/2018 22:00,5,0,5
4/27/2018 23:00,2,2,0
4/28/2018 0:00,1,0,1
4/28/2018 1:00,0,0,0
4/28/2018 2:00,0,0,0
4/28/2018 3:00,0,0,0
4/28/2018 4:00,0,0,0
4/28/2018 5:00,0,0,0
4/28/2018 6:00,0,0,0
4/28/2018 7:00,3,1,2
4/28/2018 8:00,6,3,3
4/28/2018 9:00,18,13,5
4/28/2018 10:00,6,3,3
4/28/2018 11:00,3,1,2
4/28/2018 12:00,4,3,1
4/28/2018 13:00,1,0,1
4/28/2018 14:00,4,1,3
4/28/2018 15:00,3,2,1
4/28/2018 16:00,9,5,4
4/28/2018 17:00,4,0,4
4/28/2018 18:00,1,0,1
4/28/2018 19:00,3,2,1
4/28/2018 20:00,1,1,0
4/28/2018 21:00,1,0,1
4/28/2018 22:00,1,0,1
4/28/2018 23:00,2,1,1
4/29/2018 0:00,0,0,0
4/29/2018 1:00,0,0,0
4/29/2018 2:00,0,0,0
4/29/2018 3:00,0,0,0
4/29/2018 4:00,0,0,0
4/29/2018 5:00,0,0,0
4/29/2018 6:00,0,0,0
4/29/2018 7:00,1,0,1
4/29/2018 8:00,1,0,1
4/29/2018 9:00,2,1,1
4/29/2018 10:00,0,0,0
4/29/2018 11:00,8,4,4
4/29/2018 12:00,13,9,4
4/29/2018 13:00,9,4,5
4/29/2018 14:00,11,7,4
4/29/2018 15:00,5,4,1
4/29/2018 16:00,7,4,3
4/29/2018 17:00,7,1,6
4/29/2018 18:00,10,1,9
4/29/2018 19:00,12,4,8
4/29/2018 20:00,7,4,3
4/29/2018 21:00,3,0,3
4/29/2018 22:00,3,1,2
4/29/2018 23:00,2,0,2
4/30/2018 0:00,0,0,0
4/30/2018 1:00,0,0,0
4/30/2018 2:00,0,0,0
4/30/2018 3:00,0,0,0
4/30/2018 4:00,0,0,0
4/30/2018 5:00,1,1,0
4/30/2018 6:00,1,0,1
4/30/2018 7:00,1,1,0
4/30/2018 8:00,3,1,2
4/30/2018 9:00,4,1,3
4/30/2018 10:00,2,2,0
4/30/2018 11:00,3,2,1
4/30/2018 12:00,4,3,1
4/30/2018 13:00,1,1,0
4/30/2018 14:00,3,1,2
4/30/2018 15:00,4,1,3
4/30/2018 16:00,13,6,7
4/30/2018 17:00,10,3,7
4/30/2018 18:00,14,3,11
4/30/2018 19:00,4,2,2
4/30/2018 20:00,6,0,6
4/30/2018 21:00,5,1,4
4/30/2018 22:00,1,0,1
4/30/2018 23:00,1,0,1
5/1/2018 0:00,0,0,0
5/1/2018 1:00,1,1,0
5/1/2018 2:00,1,1,0
5/1/2018 3:00,0,0,0
5/1/2018 4:00,0,0,0
5/1/2018 5:00,1,1,0
5/1/2018 6:00,0,0,0
5/1/2018 7:00,4,2,2
5/1/2018 8:00,5,4,1
5/1/2018 9:00,6,3,3
5/1/2018 10:00,2,0,2
5/1/2018 11:00,2,1,1
5/1/2018 12:00,6,2,4
5/1/2018 13:00,9,1,8
5/1/2018 14:00,4,1,3
5/1/2018 15:00,12,5,7
5/1/2018 16:00,17,3,14
5/1/2018 17:00,13,1,12
5/1/2018 18:00,12,3,9
5/1/2018 19:00,13,3,10
5/1/2018 20:00,5,0,5
5/1/2018 21:00,4,1,3
5/1/2018 22:00,4,2,2
5/1/2018 23:00,0,0,0
5/2/2018 0:00,0,0,0
5/2/2018 1:00,0,0,0
5/2/2018 2:00,0,0,0
5/2/2018 3:00,0,0,0
5/2/2018 4:00,1,1,0
5/2/2018 5:00,1,0,1
5/2/2018 6:00,2,1,1
5/2/2018 7:00,2,2,0
5/2/2018 8:00,1,0,1
5/2/2018 9:00,8,6,2
5/2/2018 10:00,4,3,1
5/2/2018 11:00,5,0,5
5/2/2018 12:00,5,0,5
5/2/2018 13:00,8,1,7
5/2/2018 14:00,8,1,7
5/2/2018 15:00,11,2,9
5/2/2018 16:00,9,1,8
5/2/2018 17:00,14,4,10
5/2/2018 18:00,11,4,7
5/2/2018 19:00,3,1,2
5/2/2018 20:00,5,1,4
5/2/2018 21:00,1,1,0
5/2/2018 22:00,1,1,0
5/2/2018 23:00,1,1,0
5/3/2018 0:00,1,0,1
5/3/2018 1:00,0,0,0
5/3/2018 2:00,0,0,0
5/3/2018 3:00,0,0,0
5/3/2018 4:00,2,0,2
5/3/2018 5:00,0,0,0
5/3/2018 6:00,0,0,0
5/3/2018 7:00,5,3,2
5/3/2018 8:00,1,0,1
5/3/2018 9:00,1,0,1
5/3/2018 10:00,4,1,3
5/3/2018 11:00,8,1,7
5/3/2018 12:00,7,3,4
5/3/2018 13:00,9,2,7
5/3/2018 14:00,6,1,5
5/3/2018 15:00,7,1,6
5/3/2018 16:00,6,0,6
5/3/2018 17:00,18,4,14
5/3/2018 18:00,16,3,13
5/3/2018 19:00,9,1,8
5/3/2018 20:00,7,1,6
5/3/2018 21:00,6,1,5
5/3/2018 22:00,12,2,10
5/3/2018 23:00,5,0,5
5/4/2018 0:00,1,0,1
5/4/2018 1:00,0,0,0
5/4/2018 2:00,1,0,1
5/4/2018 3:00,2,0,2
5/4/2018 4:00,0,0,0
5/4/2018 5:00,4,2,2
5/4/2018 6:00,8,5,3
5/4/2018 7:00,8,1,7
5/4/2018 8:00,8,4,4
5/4/2018 9:00,3,2,1
5/4/2018 10:00,6,3,3
5/4/2018 11:00,3,2,1
5/4/2018 12:00,12,1,11
5/4/2018 13:00,14,5,9
5/4/2018 14:00,8,4,4
5/4/2018 15:00,15,4,11
5/4/2018 16:00,9,1,8
5/4/2018 17:00,8,2,6
5/4/2018 18:00,7,2,5
5/4/2018 19:00,8,4,4
5/4/2018 20:00,8,1,7
5/4/2018 21:00,10,2,8
5/4/2018 22:00,8,1,7
5/4/2018 23:00,5,1,4
5/5/2018 0:00,4,1,3
5/5/2018 1:00,4,0,4
5/5/2018 2:00,4,0,4
5/5/2018 3:00,2,0,2
5/5/2018 4:00,0,0,0
5/5/2018 5:00,3,0,3
5/5/2018 6:00,2,0,2
5/5/2018 7:00,4,2,2
5/5/2018 8:00,0,0,0
5/5/2018 9:00,4,4,0
5/5/2018 10:00,22,11,11
5/5/2018 11:00,9,3,6
5/5/2018 12:00,7,1,6
5/5/2018 13:00,17,11,6
5/5/2018 14:00,10,5,5
5/5/2018 15:00,9,3,6
5/5/2018 16:00,3,2,1
5/5/2018 17:00,8,3,5
5/5/2018 18:00,12,4,8
5/5/2018 19:00,7,0,7
5/5/2018 20:00,6,1,5
5/5/2018 21:00,3,1,2
5/5/2018 22:00,7,0,7
5/5/2018 23:00,3,2,1
5/6/2018 0:00,3,3,0
5/6/2018 1:00,1,0,1
5/6/2018 2:00,1,0,1
5/6/2018 3:00,1,0,1
5/6/2018 4:00,0,0,0
5/6/2018 5:00,0,0,0
5/6/2018 6:00,1,0,1
5/6/2018 7:00,2,1,1
5/6/2018 8:00,3,3,0
5/6/2018 9:00,5,1,4
5/6/2018 10:00,13,4,9
5/6/2018 11:00,19,11,8
5/6/2018 12:00,13,2,11
5/6/2018 13:00,9,4,5
5/6/2018 14:00,10,2,8
5/6/2018 15:00,9,3,6
5/6/2018 16:00,9,0,9
5/6/2018 17:00,9,1,8
5/6/2018 18:00,10,3,7
5/6/2018 19:00,4,1,3
5/6/2018 20:00,6,1,5
5/6/2018 21:00,4,1,3
5/6/2018 22:00,1,1,0
5/6/2018 23:00,2,0,2
5/7/2018 0:00,0,0,0
5/7/2018 1:00,1,0,1
5/7/2018 2:00,0,0,0
5/7/2018 3:00,1,1,0
5/7/2018 4:00,0,0,0
5/7/2018 5:00,2,1,1
5/7/2018 6:00,0,0,0
5/7/2018 7:00,1,1,0
5/7/2018 8:00,5,1,4
5/7/2018 9:00,4,1,3
5/7/2018 10:00,4,3,1
5/7/2018 11:00,7,1,6
5/7/2018 12:00,12,3,9
5/7/2018 13:00,10,1,9
5/7/2018 14:00,10,1,9
5/7/2018 15:00,12,2,10
5/7/2018 16:00,11,2,9
5/7/2018 17:00,14,2,12
5/7/2018 18:00,11,2,9
5/7/2018 19:00,6,2,4
5/7/2018 20:00,8,2,6
5/7/2018 21:00,9,0,9
5/7/2018 22:00,7,0,7
5/7/2018 23:00,2,2,0
5/8/2018 0:00,3,1,2
5/8/2018 1:00,1,0,1
5/8/2018 2:00,0,0,0
5/8/2018 3:00,0,0,0
5/8/2018 4:00,2,0,2
5/8/2018 5:00,3,0,3
5/8/2018 6:00,3,1,2
5/8/2018 7:00,3,0,3
5/8/2018 8:00,7,4,3
5/8/2018 9:00,4,0,4
5/8/2018 10:00,9,2,7
5/8/2018 11:00,5,0,5
5/8/2018 12:00,9,0,9
5/8/2018 13:00,6,0,6
5/8/2018 14:00,7,4,3
5/8/2018 15:00,7,4,3
5/8/2018 16:00,14,2,12
5/8/2018 17:00,7,3,4
5/8/2018 18:00,13,2,11
5/8/2018 19:00,3,2,1
5/8/2018 20:00,5,3,2
5/8/2018 21:00,2,0,2
5/8/2018 22:00,1,0,1
5/8/2018 23:00,1,1,0
5/9/2018 0:00,0,0,0
5/9/2018 1:00,0,0,0
5/9/2018 2:00,0,0,0
5/9/2018 3:00,1,0,1
5/9/2018 4:00,0,0,0
5/9/2018 5:00,0,0,0
5/9/2018 6:00,0,0,0
5/9/2018 7:00,1,1,0
5/9/2018 8:00,7,5,2
5/9/2018 9:00,6,2,4
5/9/2018 10:00,0,0,0
5/9/2018 11:00,4,0,4
5/9/2018 12:00,3,2,1
5/9/2018 13:00,4,1,3
5/9/2018 14:00,3,2,1
5/9/2018 15:00,6,3,3
5/9/2018 16:00,7,5,2
5/9/2018 17:00,1,0,1
5/9/2018 18:00,11,8,3
5/9/2018 19:00,2,0,2
5/9/2018 20:00,3,1,2
5/9/2018 21:00,2,2,0
5/9/2018 22:00,0,0,0
5/9/2018 23:00,1,0,1
5/10/2018 0:00,1,0,1
5/10/2018 1:00,0,0,0
5/10/2018 2:00,0,0,0
5/10/2018 3:00,0,0,0
5/10/2018 4:00,0,0,0
5/10/2018 5:00,0,0,0
5/10/2018 6:00,1,1,0
5/10/2018 7:00,4,0,4
5/10/2018 8:00,7,2,5
5/10/2018 9:00,6,3,3
5/10/2018 10:00,0,0,0
5/10/2018 11:00,0,0,0
5/10/2018 12:00,1,0,1
5/10/2018 13:00,7,5,2
5/10/2018 14:00,2,1,1
5/10/2018 15:00,6,4,2
5/10/2018 16:00,2,1,1
5/10/2018 17:00,10,3,7
5/10/2018 18:00,6,3,3
5/10/2018 19:00,14,5,9
5/10/2018 20:00,4,1,3
5/10/2018 21:00,6,1,5
5/10/2018 22:00,2,0,2
5/10/2018 23:00,0,0,0
5/11/2018 0:00,0,0,0
5/11/2018 1:00,0,0,0
5/11/2018 2:00,0,0,0
5/11/2018 3:00,0,0,0
5/11/2018 4:00,1,0,1
5/11/2018 5:00,0,0,0
5/11/2018 6:00,6,3,3
5/11/2018 7:00,4,3,1
5/11/2018 8:00,8,2,6
5/11/2018 9:00,2,1,1
5/11/2018 10:00,4,3,1
5/11/2018 11:00,2,1,1
5/11/2018 12:00,4,1,3
5/11/2018 13:00,12,2,10
5/11/2018 14:00,5,2,3
5/11/2018 15:00,6,0,6
5/11/2018 16:00,6,0,6
5/11/2018 17:00,2,0,2
5/11/2018 18:00,8,4,4
5/11/2018 19:00,8,0,8
5/11/2018 20:00,8,5,3
5/11/2018 21:00,13,4,9
5/11/2018 22:00,13,2,11
5/11/2018 23:00,7,1,6
5/12/2018 0:00,1,0,1
5/12/2018 1:00,3,0,3
5/12/2018 2:00,0,0,0
5/12/2018 3:00,0,0,0
5/12/2018 4:00,0,0,0
5/12/2018 5:00,0,0,0
5/12/2018 6:00,0,0,0
5/12/2018 7:00,0,0,0
5/12/2018 8:00,4,0,4
5/12/2018 9:00,1,0,1
5/12/2018 10:00,4,0,4
5/12/2018 11:00,13,7,6
5/12/2018 12:00,10,6,4
5/12/2018 13:00,13,2,11
5/12/2018 14:00,14,8,6
5/12/2018 15:00,2,1,1
5/12/2018 16:00,8,3,5
5/12/2018 17:00,6,2,4
5/12/2018 18:00,6,0,6
5/12/2018 19:00,3,1,2
5/12/2018 20:00,0,0,0
5/12/2018 21:00,2,2,0
5/12/2018 22:00,3,0,3
5/12/2018 23:00,0,0,0
5/13/2018 0:00,3,1,2
5/13/2018 1:00,0,0,0
5/13/2018 2:00,0,0,0
5/13/2018 3:00,0,0,0
5/13/2018 4:00,0,0,0
5/13/2018 5:00,0,0,0
5/13/2018 6:00,1,0,1
5/13/2018 7:00,2,0,2
5/13/2018 8:00,3,0,3
5/13/2018 9:00,3,0,3
5/13/2018 10:00,5,2,3
5/13/2018 11:00,9,2,7
5/13/2018 12:00,8,3,5
5/13/2018 13:00,12,7,5
5/13/2018 14:00,14,6,8
5/13/2018 15:00,10,6,4
5/13/2018 16:00,9,0,9
5/13/2018 17:00,12,4,8
5/13/2018 18:00,9,4,5
5/13/2018 19:00,5,1,4
5/13/2018 20:00,2,1,1
5/13/2018 21:00,5,0,5
5/13/2018 22:00,5,2,3
5/13/2018 23:00,2,0,2
5/14/2018 0:00,3,2,1
5/14/2018 1:00,1,0,1
5/14/2018 2:00,0,0,0
5/14/2018 3:00,0,0,0
5/14/2018 4:00,1,1,0
5/14/2018 5:00,0,0,0
5/14/2018 6:00,0,0,0
5/14/2018 7:00,3,3,0
5/14/2018 8:00,5,2,3
5/14/2018 9:00,2,1,1
5/14/2018 10:00,3,2,1
5/14/2018 11:00,5,2,3
5/14/2018 12:00,6,2,4
5/14/2018 13:00,7,4,3
5/14/2018 14:00,4,0,4
5/14/2018 15:00,9,2,7
5/14/2018 16:00,18,6,12
5/14/2018 17:00,5,1,4
5/14/2018 18:00,7,4,3
5/14/2018 19:00,3,2,1
5/14/2018 20:00,2,2,0
5/14/2018 21:00,3,1,2
5/14/2018 22:00,1,0,1
5/14/2018 23:00,0,0,0
5/15/2018 0:00,1,0,1
5/15/2018 1:00,0,0,0
5/15/2018 2:00,0,0,0
5/15/2018 3:00,0,0,0
5/15/2018 4:00,0,0,0
5/15/2018 5:00,0,0,0
5/15/2018 6:00,1,1,0
5/15/2018 7:00,3,3,0
5/15/2018 8:00,1,1,0
5/15/2018 9:00,4,1,3
5/15/2018 10:00,2,2,0
5/15/2018 11:00,4,4,0
5/15/2018 12:00,3,0,3
5/15/2018 13:00,7,3,4
5/15/2018 14:00,5,0,5
5/15/2018 15:00,5,1,4
5/15/2018 16:00,5,0,5
5/15/2018 17:00,6,2,4
5/15/2018 18:00,8,0,8
5/15/2018 19:00,12,6,6
5/15/2018 20:00,3,1,2
5/15/2018 21:00,4,2,2
5/15/2018 22:00,3,1,2
5/15/2018 23:00,1,0,1
5/16/2018 0:00,1,0,1
5/16/2018 1:00,0,0,0
5/16/2018 2:00,0,0,0
5/16/2018 3:00,0,0,0
5/16/2018 4:00,0,0,0
5/16/2018 5:00,1,0,1
5/16/2018 6:00,0,0,0
5/16/2018 7:00,2,0,2
5/16/2018 8:00,1,1,0
5/16/2018 9:00,1,1,0
5/16/2018 10:00,1,0,1
5/16/2018 11:00,5,4,1
5/16/2018 12:00,9,5,4
5/16/2018 13:00,4,4,0
5/16/2018 14:00,3,1,2
5/16/2018 15:00,6,3,3
5/16/2018 16:00,7,2,5
5/16/2018 17:00,3,1,2
5/16/2018 18:00,10,4,6
5/16/2018 19:00,4,3,1
5/16/2018 20:00,6,5,1
5/16/2018 21:00,0,0,0
5/16/2018 22:00,1,0,1
5/16/2018 23:00,0,0,0
5/17/2018 0:00,0,0,0
5/17/2018 1:00,1,1,0
5/17/2018 2:00,0,0,0
5/17/2018 3:00,0,0,0
5/17/2018 4:00,0,0,0
5/17/2018 5:00,0,0,0
5/17/2018 6:00,1,1,0
5/17/2018 7:00,2,1,1
5/17/2018 8:00,5,3,2
5/17/2018 9:00,3,2,1
5/17/2018 10:00,1,1,0
5/17/2018 11:00,3,3,0
5/17/2018 12:00,1,1,0
5/17/2018 13:00,8,3,5
5/17/2018 14:00,4,2,2
5/17/2018 15:00,11,3,8
5/17/2018 16:00,8,6,2
5/17/2018 17:00,15,5,10
5/17/2018 18:00,14,6,8
5/17/2018 19:00,12,5,7
5/17/2018 20:00,1,0,1
5/17/2018 21:00,1,0,1
5/17/2018 22:00,2,0,2
5/17/2018 23:00,1,1,0
5/18/2018 0:00,0,0,0
5/18/2018 1:00,1,0,1
5/18/2018 2:00,0,0,0
5/18/2018 3:00,0,0,0
5/18/2018 4:00,0,0,0
5/18/2018 5:00,0,0,0
5/18/2018 6:00,1,0,1
5/18/2018 7:00,1,1,0
5/18/2018 8:00,1,1,0
5/18/2018 9:00,2,1,1
5/18/2018 10:00,1,1,0
5/18/2018 11:00,5,3,2
5/18/2018 12:00,4,2,2
5/18/2018 13:00,2,2,0
5/18/2018 14:00,4,1,3
5/18/2018 15:00,7,2,5
5/18/2018 16:00,11,6,5
5/18/2018 17:00,10,4,6
5/18/2018 18:00,7,4,3
5/18/2018 19:00,3,2,1
5/18/2018 20:00,3,2,1
5/18/2018 21:00,0,0,0
5/18/2018 22:00,0,0,0
5/18/2018 23:00,1,0,1
5/19/2018 0:00,1,1,0
5/19/2018 1:00,0,0,0
5/19/2018 2:00,0,0,0
5/19/2018 3:00,0,0,0
5/19/2018 4:00,0,0,0
5/19/2018 5:00,1,1,0
5/19/2018 6:00,0,0,0
5/19/2018 7:00,2,0,2
5/19/2018 8:00,3,2,1
5/19/2018 9:00,9,6,3
5/19/2018 10:00,9,5,4
5/19/2018 11:00,11,9,2
5/19/2018 12:00,10,6,4
5/19/2018 13:00,6,5,1
5/19/2018 14:00,8,5,3
5/19/2018 15:00,7,3,4
5/19/2018 16:00,9,7,2
5/19/2018 17:00,2,2,0
5/19/2018 18:00,5,1,4
5/19/2018 19:00,5,2,3
5/19/2018 20:00,10,5,5
5/19/2018 21:00,2,1,1
5/19/2018 22:00,0,0,0
5/19/2018 23:00,1,1,0
5/20/2018 0:00,1,0,1
5/20/2018 1:00,0,0,0
5/20/2018 2:00,0,0,0
5/20/2018 3:00,1,0,1
5/20/2018 4:00,0,0,0
5/20/2018 5:00,0,0,0
5/20/2018 6:00,1,0,1
5/20/2018 7:00,0,0,0
5/20/2018 8:00,0,0,0
5/20/2018 9:00,2,0,2
5/20/2018 10:00,2,1,1
5/20/2018 11:00,7,4,3
5/20/2018 12:00,5,1,4
5/20/2018 13:00,4,4,0
5/20/2018 14:00,11,8,3
5/20/2018 15:00,11,8,3
5/20/2018 16:00,18,10,8
5/20/2018 17:00,8,5,3
5/20/2018 18:00,6,5,1
5/20/2018 19:00,4,2,2
5/20/2018 20:00,2,0,2
5/20/2018 21:00,2,2,0
5/20/2018 22:00,0,0,0
5/20/2018 23:00,0,0,0
5/21/2018 0:00,0,0,0
5/21/2018 1:00,0,0,0
5/21/2018 2:00,1,1,0
5/21/2018 3:00,0,0,0
5/21/2018 4:00,0,0,0
5/21/2018 5:00,1,0,1
5/21/2018 6:00,0,0,0
5/21/2018 7:00,2,0,2
5/21/2018 8:00,4,0,4
5/21/2018 9:00,4,0,4
5/21/2018 10:00,1,0,1
5/21/2018 11:00,7,7,0
5/21/2018 12:00,2,2,0
5/21/2018 13:00,3,0,3
5/21/2018 14:00,5,2,3
5/21/2018 15:00,7,4,3
5/21/2018 16:00,19,7,12
5/21/2018 17:00,12,5,7
5/21/2018 18:00,10,5,5
5/21/2018 19:00,6,3,3
5/21/2018 20:00,3,0,3
5/21/2018 21:00,4,2,2
5/21/2018 22:00,1,0,1
5/21/2018 23:00,0,0,0
5/22/2018 0:00,1,0,1
5/22/2018 1:00,0,0,0
5/22/2018 2:00,0,0,0
5/22/2018 3:00,0,0,0
5/22/2018 4:00,0,0,0
5/22/2018 5:00,0,0,0
5/22/2018 6:00,1,1,0
5/22/2018 7:00,1,0,1
5/22/2018 8:00,7,4,3
5/22/2018 9:00,3,1,2
5/22/2018 10:00,6,4,2
5/22/2018 11:00,4,2,2
5/22/2018 12:00,5,0,5
5/22/2018 13:00,3,2,1
5/22/2018 14:00,4,1,3
5/22/2018 15:00,8,2,6
5/22/2018 16:00,7,0,7
5/22/2018 17:00,6,4,2
5/22/2018 18:00,4,1,3
5/22/2018 19:00,3,1,2
5/22/2018 20:00,3,2,1
5/22/2018 21:00,3,3,0
5/22/2018 22:00,2,0,2
5/22/2018 23:00,1,0,1
5/23/2018 0:00,0,0,0
5/23/2018 1:00,0,0,0
5/23/2018 2:00,0,0,0
5/23/2018 3:00,0,0,0
5/23/2018 4:00,2,0,2
5/23/2018 5:00,1,0,1
5/23/2018 6:00,4,1,3
5/23/2018 7:00,7,1,6
5/23/2018 8:00,13,3,10
5/23/2018 9:00,3,2,1
5/23/2018 10:00,7,5,2
5/23/2018 11:00,8,8,0
5/23/2018 12:00,12,6,6
5/23/2018 13:00,10,6,4
5/23/2018 14:00,10,8,2
5/23/2018 15:00,12,4,8
5/23/2018 16:00,13,7,6
5/23/2018 17:00,15,11,4
5/23/2018 18:00,13,8,5
5/23/2018 19:00,14,9,5
5/23/2018 20:00,15,11,4
5/23/2018 21:00,7,2,5
5/23/2018 22:00,3,2,1
5/23/2018 23:00,2,0,2
5/24/2018 0:00,1,0,1
5/24/2018 1:00,0,0,0
5/24/2018 2:00,0,0,0
5/24/2018 3:00,0,0,0
5/24/2018 4:00,1,0,1
5/24/2018 5:00,1,0,1
5/24/2018 6:00,2,2,0
5/24/2018 7:00,4,3,1
5/24/2018 8:00,4,1,3
5/24/2018 9:00,1,0,1
5/24/2018 10:00,4,3,1
5/24/2018 11:00,6,4,2
5/24/2018 12:00,4,1,3
5/24/2018 13:00,4,1,3
5/24/2018 14:00,2,1,1
5/24/2018 15:00,9,2,7
5/24/2018 16:00,7,4,3
5/24/2018 17:00,11,4,7
5/24/2018 18:00,5,1,4
5/24/2018 19:00,3,1,2
5/24/2018 20:00,3,1,2
5/24/2018 21:00,5,1,4
5/24/2018 22:00,2,2,0
5/24/2018 23:00,1,1,0
5/25/2018 0:00,1,1,0
5/25/2018 1:00,0,0,0
5/25/2018 2:00,1,0,1
5/25/2018 3:00,0,0,0
5/25/2018 4:00,1,0,1
5/25/2018 5:00,1,0,1
5/25/2018 6:00,2,0,2
5/25/2018 7:00,1,1,0
5/25/2018 8:00,6,1,5
5/25/2018 9:00,10,2,8
5/25/2018 10:00,2,0,2
5/25/2018 11:00,4,3,1
5/25/2018 12:00,4,3,1
5/25/2018 13:00,6,3,3
5/25/2018 14:00,5,3,2
5/25/2018 15:00,4,3,1
5/25/2018 16:00,3,2,1
5/25/2018 17:00,5,2,3
5/25/2018 18:00,2,0,2
5/25/2018 19:00,6,3,3
5/25/2018 20:00,4,3,1
5/25/2018 21:00,5,3,2
5/25/2018 22:00,1,1,0
5/25/2018 23:00,0,0,0
5/26/2018 0:00,1,0,1
5/26/2018 1:00,2,2,0
5/26/2018 2:00,0,0,0
5/26/2018 3:00,2,0,2
5/26/2018 4:00,0,0,0
5/26/2018 5:00,0,0,0
5/26/2018 6:00,2,0,2
5/26/2018 7:00,3,0,3
5/26/2018 8:00,3,2,1
5/26/2018 9:00,4,2,2
5/26/2018 10:00,7,7,0
5/26/2018 11:00,8,6,2
5/26/2018 12:00,5,2,3
5/26/2018 13:00,5,4,1
5/26/2018 14:00,4,3,1
5/26/2018 15:00,5,5,0
5/26/2018 16:00,6,4,2
5/26/2018 17:00,4,4,0
5/26/2018 18:00,3,0,3
5/26/2018 19:00,1,1,0
5/26/2018 20:00,3,1,2
5/26/2018 21:00,0,0,0
5/26/2018 22:00,1,1,0
5/26/2018 23:00,0,0,0
5/27/2018 0:00,0,0,0
5/27/2018 1:00,1,0,1
5/27/2018 2:00,1,0,1
5/27/2018 3:00,0,0,0
5/27/2018 4:00,1,1,0
5/27/2018 5:00,1,0,1
5/27/2018 6:00,0,0,0
5/27/2018 7:00,1,0,1
5/27/2018 8:00,3,0,3
5/27/2018 9:00,7,3,4
5/27/2018 10:00,19,8,11
5/27/2018 11:00,16,10,6
5/27/2018 12:00,23,13,10
5/27/2018 13:00,6,1,5
5/27/2018 14:00,7,4,3
5/27/2018 15:00,10,7,3
5/27/2018 16:00,8,6,2
5/27/2018 17:00,3,1,2
5/27/2018 18:00,2,2,0
5/27/2018 19:00,8,6,2
5/27/2018 20:00,3,2,1
5/27/2018 21:00,0,0,0
5/27/2018 22:00,8,3,5
5/27/2018 23:00,3,1,2
5/28/2018 0:00,5,0,5
5/28/2018 1:00,1,0,1
5/28/2018 2:00,2,0,2
5/28/2018 3:00,0,0,0
5/28/2018 4:00,1,0,1
5/28/2018 5:00,0,0,0
5/28/2018 6:00,4,3,1
5/28/2018 7:00,4,2,2
5/28/2018 8:00,1,0,1
5/28/2018 9:00,2,0,2
5/28/2018 10:00,0,0,0
5/28/2018 11:00,1,0,1
5/28/2018 12:00,11,6,5
5/28/2018 13:00,7,4,3
5/28/2018 14:00,8,6,2
5/28/2018 15:00,16,8,8
5/28/2018 16:00,11,8,3
5/28/2018 17:00,10,5,5
5/28/2018 18:00,6,4,2
5/28/2018 19:00,3,1,2
5/28/2018 20:00,7,5,2
5/28/2018 21:00,4,3,1
5/28/2018 22:00,1,1,0
5/28/2018 23:00,0,0,0
5/29/2018 0:00,0,0,0
5/29/2018 1:00,0,0,0
5/29/2018 2:00,0,0,0
5/29/2018 3:00,0,0,0
5/29/2018 4:00,1,1,0
5/29/2018 5:00,3,3,0
5/29/2018 6:00,2,1,1
5/29/2018 7:00,2,0,2
5/29/2018 8:00,5,2,3
5/29/2018 9:00,4,1,3
5/29/2018 10:00,8,6,2
5/29/2018 11:00,2,1,1
5/29/2018 12:00,3,3,0
5/29/2018 13:00,2,0,2
5/29/2018 14:00,6,4,2
5/29/2018 15:00,3,1,2
5/29/2018 16:00,4,2,2
5/29/2018 17:00,5,2,3
5/29/2018 18:00,2,0,2
5/29/2018 19:00,7,4,3
5/29/2018 20:00,7,1,6
5/29/2018 21:00,5,4,1
5/29/2018 22:00,9,4,5
5/29/2018 23:00,3,0,3
5/30/2018 0:00,2,0,2
5/30/2018 1:00,1,0,1
5/30/2018 2:00,0,0,0
5/30/2018 3:00,0,0,0
5/30/2018 4:00,1,0,1
5/30/2018 5:00,4,0,4
5/30/2018 6:00,2,0,2
5/30/2018 7:00,12,5,7
5/30/2018 8:00,16,3,13
5/30/2018 9:00,8,2,6
5/30/2018 10:00,17,8,9
5/30/2018 11:00,3,2,1
5/30/2018 12:00,2,0,2
5/30/2018 13:00,2,0,2
5/30/2018 14:00,2,1,1
5/30/2018 15:00,4,2,2
5/30/2018 16:00,5,3,2
5/30/2018 17:00,7,2,5
5/30/2018 18:00,6,5,1
5/30/2018 19:00,10,5,5
5/30/2018 20:00,7,0,7
5/30/2018 21:00,6,0,6
5/30/2018 22:00,3,0,3
5/30/2018 23:00,2,0,2
5/31/2018 0:00,3,0,3
5/31/2018 1:00,0,0,0
5/31/2018 2:00,2,0,2
5/31/2018 3:00,1,0,1
5/31/2018 4:00,0,0,0
5/31/2018 5:00,2,0,2
5/31/2018 6:00,2,1,1
5/31/2018 7:00,6,0,6
5/31/2018 8:00,8,1,7
5/31/2018 9:00,6,1,5
5/31/2018 10:00,4,0,4
5/31/2018 11:00,13,1,12
5/31/2018 12:00,4,0,4
5/31/2018 13:00,2,1,1
5/31/2018 14:00,6,4,2
5/31/2018 15:00,5,3,2
5/31/2018 16:00,15,10,5
5/31/2018 17:00,6,3,3
5/31/2018 18:00,10,2,8
5/31/2018 19:00,5,1,4
5/31/2018 20:00,3,0,3
5/31/2018 21:00,6,0,6
5/31/2018 22:00,4,0,4
5/31/2018 23:00,2,0,2
6/1/2018 0:00,4,2,2
6/1/2018 1:00,0,0,0
6/1/2018 2:00,0,0,0
6/1/2018 3:00,0,0,0
6/1/2018 4:00,1,0,1
6/1/2018 5:00,3,0,3
6/1/2018 6:00,1,0,1
6/1/2018 7:00,3,0,3
6/1/2018 8:00,13,0,13
6/1/2018 9:00,10,1,9
6/1/2018 10:00,20,4,16
6/1/2018 11:00,25,5,20
6/1/2018 12:00,18,4,14
6/1/2018 13:00,15,1,14
6/1/2018 14:00,11,1,10
6/1/2018 15:00,22,3,19
6/1/2018 16:00,19,3,16
6/1/2018 17:00,21,3,18
6/1/2018 18:00,22,2,20
6/1/2018 19:00,18,6,12
6/1/2018 20:00,7,1,6
6/1/2018 21:00,6,0,6
6/1/2018 22:00,10,0,10
6/1/2018 23:00,6,0,6
6/2/2018 0:00,6,2,4
6/2/2018 1:00,6,1,5
6/2/2018 2:00,6,0,6
6/2/2018 3:00,3,0,3
6/2/2018 4:00,0,0,0
6/2/2018 5:00,1,0,1
6/2/2018 6:00,2,0,2
6/2/2018 7:00,5,0,5
6/2/2018 8:00,12,2,10
6/2/2018 9:00,9,2,7
6/2/2018 10:00,10,2,8
6/2/2018 11:00,10,3,7
6/2/2018 12:00,24,5,19
6/2/2018 13:00,16,2,14
6/2/2018 14:00,17,2,15
6/2/2018 15:00,14,2,12
6/2/2018 16:00,11,1,10
6/2/2018 17:00,14,4,10
6/2/2018 18:00,10,1,9
6/2/2018 19:00,7,2,5
6/2/2018 20:00,2,2,0
6/2/2018 21:00,11,2,9
6/2/2018 22:00,9,1,8
6/2/2018 23:00,14,2,12
6/3/2018 0:00,4,1,3
6/3/2018 1:00,5,0,5
6/3/2018 2:00,4,0,4
6/3/2018 3:00,3,0,3
6/3/2018 4:00,1,0,1
6/3/2018 5:00,0,0,0
6/3/2018 6:00,5,2,3
6/3/2018 7:00,4,0,4
6/3/2018 8:00,4,2,2
6/3/2018 9:00,9,2,7
6/3/2018 10:00,11,4,7
6/3/2018 11:00,20,6,14
6/3/2018 12:00,12,4,8
6/3/2018 13:00,18,5,13
6/3/2018 14:00,16,2,14
6/3/2018 15:00,10,1,9
6/3/2018 16:00,16,3,13
6/3/2018 17:00,21,2,19
6/3/2018 18:00,17,6,11
6/3/2018 19:00,9,0,9
6/3/2018 20:00,7,2,5
6/3/2018 21:00,5,0,5
6/3/2018 22:00,8,0,8
6/3/2018 23:00,6,2,4
6/4/2018 0:00,2,0,2
6/4/2018 1:00,1,0,1
6/4/2018 2:00,0,0,0
6/4/2018 3:00,0,0,0
6/4/2018 4:00,1,1,0
6/4/2018 5:00,4,1,3
6/4/2018 6:00,4,3,1
6/4/2018 7:00,9,1,8
6/4/2018 8:00,14,3,11
6/4/2018 9:00,11,1,10
6/4/2018 10:00,12,1,11
6/4/2018 11:00,12,6,6
6/4/2018 12:00,20,14,6
6/4/2018 13:00,13,7,6
6/4/2018 14:00,14,3,11
6/4/2018 15:00,7,1,6
6/4/2018 16:00,16,6,10
6/4/2018 17:00,10,2,8
6/4/2018 18:00,14,2,12
6/4/2018 19:00,13,2,11
6/4/2018 20:00,7,1,6
6/4/2018 21:00,6,0,6
6/4/2018 22:00,4,0,4
6/4/2018 23:00,9,2,7
6/5/2018 0:00,3,0,3
6/5/2018 1:00,1,0,1
6/5/2018 2:00,1,0,1
6/5/2018 3:00,1,0,1
6/5/2018 4:00,0,0,0
6/5/2018 5:00,2,0,2
6/5/2018 6:00,5,0,5
6/5/2018 7:00,7,2,5
6/5/2018 8:00,14,6,8
6/5/2018 9:00,5,0,5
6/5/2018 10:00,14,1,13
6/5/2018 11:00,11,0,11
6/5/2018 12:00,13,6,7
6/5/2018 13:00,13,0,13
6/5/2018 14:00,13,2,11
6/5/2018 15:00,9,0,9
6/5/2018 16:00,10,2,8
6/5/2018 17:00,15,4,11
6/5/2018 18:00,18,5,13
6/5/2018 19:00,12,4,8
6/5/2018 20:00,10,5,5
6/5/2018 21:00,9,1,8
6/5/2018 22:00,5,0,5
6/5/2018 23:00,8,1,7
6/6/2018 0:00,4,0,4
6/6/2018 1:00,1,0,1
6/6/2018 2:00,2,0,2
6/6/2018 3:00,0,0,0
6/6/2018 4:00,2,0,2
6/6/2018 5:00,7,2,5
6/6/2018 6:00,5,1,4
6/6/2018 7:00,11,1,10
6/6/2018 8:00,19,3,16
6/6/2018 9:00,11,6,5
6/6/2018 10:00,8,4,4
6/6/2018 11:00,6,1,5
6/6/2018 12:00,12,0,12
6/6/2018 13:00,10,1,9
6/6/2018 14:00,18,3,15
6/6/2018 15:00,11,2,9
6/6/2018 16:00,14,2,12
6/6/2018 17:00,19,4,15
6/6/2018 18:00,22,3,19
6/6/2018 19:00,10,3,7
6/6/2018 20:00,9,5,4
6/6/2018 21:00,10,3,7
6/6/2018 22:00,8,1,7
6/6/2018 23:00,6,2,4
6/7/2018 0:00,1,1,0
6/7/2018 1:00,0,0,0
6/7/2018 2:00,1,0,1
6/7/2018 3:00,1,0,1
6/7/2018 4:00,0,0,0
6/7/2018 5:00,2,1,1
6/7/2018 6:00,6,0,6
6/7/2018 7:00,9,2,7
6/7/2018 8:00,15,4,11
6/7/2018 9:00,14,3,11
6/7/2018 10:00,5,2,3
6/7/2018 11:00,9,2,7
6/7/2018 12:00,14,3,11
6/7/2018 13:00,7,1,6
6/7/2018 14:00,9,0,9
6/7/2018 15:00,16,2,14
6/7/2018 16:00,11,1,10
6/7/2018 17:00,21,6,15
6/7/2018 18:00,11,1,10
6/7/2018 19:00,6,0,6
6/7/2018 20:00,9,1,8
6/7/2018 21:00,1,0,1
6/7/2018 22:00,6,0,6
6/7/2018 23:00,2,0,2
6/8/2018 0:00,1,1,0
6/8/2018 1:00,1,0,1
6/8/2018 2:00,1,0,1
6/8/2018 3:00,1,0,1
6/8/2018 4:00,1,0,1
6/8/2018 5:00,5,2,3
6/8/2018 6:00,4,1,3
6/8/2018 7:00,10,1,9
6/8/2018 8:00,11,1,10
6/8/2018 9:00,9,1,8
6/8/2018 10:00,4,2,2
6/8/2018 11:00,10,2,8
6/8/2018 12:00,10,1,9
6/8/2018 13:00,15,2,13
6/8/2018 14:00,7,1,6
6/8/2018 15:00,6,0,6
6/8/2018 16:00,10,6,4
6/8/2018 17:00,21,9,12
6/8/2018 18:00,15,2,13
6/8/2018 19:00,10,3,7
6/8/2018 20:00,9,2,7
6/8/2018 21:00,4,1,3
6/8/2018 22:00,5,1,4
6/8/2018 23:00,4,1,3
6/9/2018 0:00,2,0,2
6/9/2018 1:00,4,1,3
6/9/2018 2:00,3,0,3
6/9/2018 3:00,1,0,1
6/9/2018 4:00,2,1,1
6/9/2018 5:00,2,1,1
6/9/2018 6:00,2,0,2
6/9/2018 7:00,2,1,1
6/9/2018 8:00,5,2,3
6/9/2018 9:00,8,3,5
6/9/2018 10:00,16,7,9
6/9/2018 11:00,12,1,11
6/9/2018 12:00,3,1,2
6/9/2018 13:00,21,9,12
6/9/2018 14:00,11,2,9
6/9/2018 15:00,21,7,14
6/9/2018 16:00,6,2,4
6/9/2018 17:00,12,6,6
6/9/2018 18:00,15,5,10
6/9/2018 19:00,16,5,11
6/9/2018 20:00,11,2,9
6/9/2018 21:00,2,1,1
6/9/2018 22:00,2,0,2
6/9/2018 23:00,5,2,3
6/10/2018 0:00,4,0,4
6/10/2018 1:00,5,1,4
6/10/2018 2:00,2,0,2
6/10/2018 3:00,2,0,2
6/10/2018 4:00,0,0,0
6/10/2018 5:00,3,1,2
6/10/2018 6:00,1,1,0
6/10/2018 7:00,0,0,0
6/10/2018 8:00,6,0,6
6/10/2018 9:00,5,0,5
6/10/2018 10:00,10,6,4
6/10/2018 11:00,18,8,10
6/10/2018 12:00,16,5,11
6/10/2018 13:00,12,4,8
6/10/2018 14:00,8,3,5
6/10/2018 15:00,9,0,9
6/10/2018 16:00,6,2,4
6/10/2018 17:00,14,1,13
6/10/2018 18:00,16,5,11
6/10/2018 19:00,6,1,5
6/10/2018 20:00,4,0,4
6/10/2018 21:00,4,0,4
6/10/2018 22:00,2,0,2
6/10/2018 23:00,1,0,1
6/11/2018 0:00,1,0,1
6/11/2018 1:00,0,0,0
6/11/2018 2:00,0,0,0
6/11/2018 3:00,0,0,0
6/11/2018 4:00,3,0,3
6/11/2018 5:00,3,1,2
6/11/2018 6:00,4,0,4
6/11/2018 7:00,9,2,7
6/11/2018 8:00,5,0,5
6/11/2018 9:00,13,2,11
6/11/2018 10:00,10,2,8
6/11/2018 11:00,11,3,8
6/11/2018 12:00,10,2,8
6/11/2018 13:00,10,1,9
6/11/2018 14:00,3,0,3
6/11/2018 15:00,14,4,10
6/11/2018 16:00,13,1,12
6/11/2018 17:00,12,2,10
6/11/2018 18:00,20,7,13
6/11/2018 19:00,10,2,8
6/11/2018 20:00,6,1,5
6/11/2018 21:00,2,2,0
6/11/2018 22:00,2,0,2
6/11/2018 23:00,2,0,2
6/12/2018 0:00,1,0,1
6/12/2018 1:00,1,0,1
6/12/2018 2:00,1,0,1
6/12/2018 3:00,0,0,0
6/12/2018 4:00,0,0,0
6/12/2018 5:00,6,3,3
6/12/2018 6:00,5,0,5
6/12/2018 7:00,6,0,6
6/12/2018 8:00,16,4,12
6/12/2018 9:00,5,1,4
6/12/2018 10:00,13,3,10
6/12/2018 11:00,10,1,9
6/12/2018 12:00,16,0,16
6/12/2018 13:00,18,5,13
6/12/2018 14:00,8,1,7
6/12/2018 15:00,15,1,14
6/12/2018 16:00,5,1,4
6/12/2018 17:00,18,9,9
6/12/2018 18:00,7,0,7
6/12/2018 19:00,13,3,10
6/12/2018 20:00,17,3,14
6/12/2018 21:00,6,0,6
6/12/2018 22:00,6,0,6
6/12/2018 23:00,3,0,3
6/13/2018 0:00,1,0,1
6/13/2018 1:00,2,0,2
6/13/2018 2:00,0,0,0
6/13/2018 3:00,1,0,1
6/13/2018 4:00,0,0,0
6/13/2018 5:00,2,0,2
6/13/2018 6:00,2,1,1
6/13/2018 7:00,1,1,0
6/13/2018 8:00,4,4,0
6/13/2018 9:00,3,2,1
6/13/2018 10:00,2,1,1
6/13/2018 11:00,1,1,0
6/13/2018 12:00,2,2,0
6/13/2018 13:00,5,2,3
6/13/2018 14:00,1,1,0
6/13/2018 15:00,5,4,1
6/13/2018 16:00,4,3,1
6/13/2018 17:00,1,0,1
6/13/2018 18:00,1,1,0
6/13/2018 19:00,2,1,1
6/13/2018 20:00,5,0,5
6/13/2018 21:00,5,1,4
6/13/2018 22:00,3,2,1
6/13/2018 23:00,5,1,4
6/14/2018 0:00,1,0,1
6/14/2018 1:00,1,0,1
6/14/2018 2:00,2,0,2
6/14/2018 3:00,0,0,0
6/14/2018 4:00,0,0,0
6/14/2018 5:00,2,2,0
6/14/2018 6:00,6,0,6
6/14/2018 7:00,11,1,10
6/14/2018 8:00,9,0,9
6/14/2018 9:00,10,0,10
6/14/2018 10:00,7,3,4
6/14/2018 11:00,13,3,10
6/14/2018 12:00,17,5,12
6/14/2018 13:00,11,4,7
6/14/2018 14:00,15,6,9
6/14/2018 15:00,12,1,11
6/14/2018 16:00,17,2,15
6/14/2018 17:00,18,3,15
6/14/2018 18:00,21,2,19
6/14/2018 19:00,13,2,11
6/14/2018 20:00,13,5,8
6/14/2018 21:00,13,3,10
6/14/2018 22:00,7,3,4
6/14/2018 23:00,6,1,5
6/15/2018 0:00,2,0,2
6/15/2018 1:00,1,0,1
6/15/2018 2:00,1,0,1
6/15/2018 3:00,2,0,2
6/15/2018 4:00,1,0,1
6/15/2018 5:00,2,0,2
6/15/2018 6:00,5,0,5
6/15/2018 7:00,5,0,5
6/15/2018 8:00,21,6,15
6/15/2018 9:00,9,0,9
6/15/2018 10:00,13,5,8
6/15/2018 11:00,12,0,12
6/15/2018 12:00,15,3,12
6/15/2018 13:00,6,1,5
6/15/2018 14:00,12,1,11
6/15/2018 15:00,9,1,8
6/15/2018 16:00,20,2,18
6/15/2018 17:00,13,2,11
6/15/2018 18:00,9,1,8
6/15/2018 19:00,10,1,9
6/15/2018 20:00,7,1,6
6/15/2018 21:00,9,0,9
6/15/2018 22:00,8,2,6
6/15/2018 23:00,4,0,4
6/16/2018 0:00,3,0,3
6/16/2018 1:00,3,0,3
6/16/2018 2:00,1,0,1
6/16/2018 3:00,2,0,2
6/16/2018 4:00,2,1,1
6/16/2018 5:00,0,0,0
6/16/2018 6:00,3,1,2
6/16/2018 7:00,6,0,6
6/16/2018 8:00,7,1,6
6/16/2018 9:00,11,4,7
6/16/2018 10:00,8,0,8
6/16/2018 11:00,8,1,7
6/16/2018 12:00,13,1,12
6/16/2018 13:00,7,2,5
6/16/2018 14:00,15,2,13
6/16/2018 15:00,8,0,8
6/16/2018 16:00,6,1,5
6/16/2018 17:00,8,3,5
6/16/2018 18:00,7,0,7
6/16/2018 19:00,12,2,10
6/16/2018 20:00,9,1,8
6/16/2018 21:00,6,1,5
6/16/2018 22:00,8,0,8
6/16/2018 23:00,8,1,7
6/17/2018 0:00,3,0,3
6/17/2018 1:00,1,0,1
6/17/2018 2:00,1,0,1
6/17/2018 3:00,1,0,1
6/17/2018 4:00,1,0,1
6/17/2018 5:00,0,0,0
6/17/2018 6:00,0,0,0
6/17/2018 7:00,2,0,2
6/17/2018 8:00,4,0,4
6/17/2018 9:00,2,0,2
6/17/2018 10:00,6,0,6
6/17/2018 11:00,11,3,8
6/17/2018 12:00,6,1,5
6/17/2018 13:00,4,1,3
6/17/2018 14:00,15,3,12
6/17/2018 15:00,9,1,8
6/17/2018 16:00,4,0,4
6/17/2018 17:00,10,1,9
6/17/2018 18:00,10,1,9
6/17/2018 19:00,7,1,6
6/17/2018 20:00,2,0,2
6/17/2018 21:00,3,1,2
6/17/2018 22:00,3,0,3
6/17/2018 23:00,8,0,8
6/18/2018 0:00,2,0,2
6/18/2018 1:00,1,0,1
6/18/2018 2:00,0,0,0
6/18/2018 3:00,2,0,2
6/18/2018 4:00,0,0,0
6/18/2018 5:00,2,1,1
6/18/2018 6:00,6,0,6
6/18/2018 7:00,10,1,9
6/18/2018 8:00,5,0,5
6/18/2018 9:00,5,1,4
6/18/2018 10:00,13,4,9
6/18/2018 11:00,6,1,5
6/18/2018 12:00,10,0,10
6/18/2018 13:00,7,2,5
6/18/2018 14:00,4,0,4
6/18/2018 15:00,15,5,10
6/18/2018 16:00,7,4,3
6/18/2018 17:00,8,1,7
6/18/2018 18:00,10,1,9
6/18/2018 19:00,10,2,8
6/18/2018 20:00,6,1,5
6/18/2018 21:00,15,0,15
6/18/2018 22:00,5,0,5
6/18/2018 23:00,6,2,4
6/19/2018 0:00,2,1,1
6/19/2018 1:00,1,0,1
6/19/2018 2:00,1,0,1
6/19/2018 3:00,0,0,0
6/19/2018 4:00,3,1,2
6/19/2018 5:00,4,0,4
6/19/2018 6:00,6,1,5
6/19/2018 7:00,6,1,5
6/19/2018 8:00,10,1,9
6/19/2018 9:00,12,3,9
6/19/2018 10:00,3,2,1
6/19/2018 11:00,18,4,14
6/19/2018 12:00,9,1,8
6/19/2018 13:00,10,1,9
6/19/2018 14:00,6,2,4
6/19/2018 15:00,14,3,11
6/19/2018 16:00,8,3,5
6/19/2018 17:00,11,4,7
6/19/2018 18:00,16,5,11
6/19/2018 19:00,15,0,15
6/19/2018 20:00,12,3,9
6/19/2018 21:00,7,2,5
6/19/2018 22:00,4,0,4
6/19/2018 23:00,3,1,2
6/20/2018 0:00,3,0,3
6/20/2018 1:00,1,0,1
6/20/2018 2:00,1,0,1
6/20/2018 3:00,0,0,0
6/20/2018 4:00,2,1,1
6/20/2018 5:00,2,0,2
6/20/2018 6:00,11,3,8
6/20/2018 7:00,12,3,9
6/20/2018 8:00,15,3,12
6/20/2018 9:00,10,1,9
6/20/2018 10:00,6,3,3
6/20/2018 11:00,8,4,4
6/20/2018 12:00,8,2,6
6/20/2018 13:00,8,0,8
6/20/2018 14:00,8,2,6
6/20/2018 15:00,5,1,4
6/20/2018 16:00,12,5,7
6/20/2018 17:00,15,3,12
6/20/2018 18:00,11,3,8
6/20/2018 19:00,18,2,16
6/20/2018 20:00,8,2,6
6/20/2018 21:00,7,1,6
6/20/2018 22:00,12,1,11
6/20/2018 23:00,3,0,3
6/21/2018 0:00,2,1,1
6/21/2018 1:00,0,0,0
6/21/2018 2:00,1,0,1
6/21/2018 3:00,0,0,0
6/21/2018 4:00,0,0,0
6/21/2018 5:00,0,0,0
6/21/2018 6:00,5,1,4
6/21/2018 7:00,5,1,4
6/21/2018 8:00,16,3,13
6/21/2018 9:00,13,5,8
6/21/2018 10:00,4,3,1
6/21/2018 11:00,9,4,5
6/21/2018 12:00,9,1,8
6/21/2018 13:00,6,2,4
6/21/2018 14:00,10,2,8
6/21/2018 15:00,13,1,12
6/21/2018 16:00,12,2,10
6/21/2018 17:00,18,6,12
6/21/2018 18:00,19,6,13
6/21/2018 19:00,18,8,10
6/21/2018 20:00,18,6,12
6/21/2018 21:00,13,2,11
6/21/2018 22:00,11,1,10
6/21/2018 23:00,6,1,5
6/22/2018 0:00,6,1,5
6/22/2018 1:00,2,0,2
6/22/2018 2:00,2,0,2
6/22/2018 3:00,1,0,1
6/22/2018 4:00,2,0,2
6/22/2018 5:00,6,1,5
6/22/2018 6:00,6,0,6
6/22/2018 7:00,11,0,11
6/22/2018 8:00,16,4,12
6/22/2018 9:00,18,3,15
6/22/2018 10:00,9,3,6
6/22/2018 11:00,11,1,10
6/22/2018 12:00,13,3,10
6/22/2018 13:00,14,3,11
6/22/2018 14:00,11,3,8
6/22/2018 15:00,13,7,6
6/22/2018 16:00,12,2,10
6/22/2018 17:00,16,3,13
6/22/2018 18:00,13,3,10
6/22/2018 19:00,20,3,17
6/22/2018 20:00,8,3,5
6/22/2018 21:00,9,2,7
6/22/2018 22:00,5,0,5
6/22/2018 23:00,11,1,10
6/23/2018 0:00,2,0,2
6/23/2018 1:00,1,0,1
6/23/2018 2:00,0,0,0
6/23/2018 3:00,0,0,0
6/23/2018 4:00,1,0,1
6/23/2018 5:00,4,1,3
6/23/2018 6:00,3,1,2
6/23/2018 7:00,5,0,5
6/23/2018 8:00,9,0,9
6/23/2018 9:00,8,1,7
6/23/2018 10:00,15,2,13
6/23/2018 11:00,9,0,9
6/23/2018 12:00,8,0,8
6/23/2018 13:00,18,1,17
6/23/2018 14:00,13,1,12
6/23/2018 15:00,6,1,5
6/23/2018 16:00,12,4,8
6/23/2018 17:00,11,2,9
6/23/2018 18:00,13,2,11
6/23/2018 19:00,14,3,11
6/23/2018 20:00,8,1,7
6/23/2018 21:00,9,0,9
6/23/2018 22:00,10,1,9
6/23/2018 23:00,6,0,6
6/24/2018 0:00,7,2,5
6/24/2018 1:00,8,1,7
6/24/2018 2:00,2,0,2
6/24/2018 3:00,3,0,3
6/24/2018 4:00,0,0,0
6/24/2018 5:00,2,0,2
6/24/2018 6:00,2,0,2
6/24/2018 7:00,1,1,0
6/24/2018 8:00,3,0,3
6/24/2018 9:00,11,2,9
6/24/2018 10:00,16,2,14
6/24/2018 11:00,19,3,16
6/24/2018 12:00,22,9,13
6/24/2018 13:00,20,5,15
6/24/2018 14:00,13,3,10
6/24/2018 15:00,17,4,13
6/24/2018 16:00,11,3,8
6/24/2018 17:00,13,3,10
6/24/2018 18:00,11,1,10
6/24/2018 19:00,10,2,8
6/24/2018 20:00,6,2,4
6/24/2018 21:00,10,0,10
6/24/2018 22:00,4,0,4
6/24/2018 23:00,4,0,4
6/25/2018 0:00,2,0,2
6/25/2018 1:00,3,0,3
6/25/2018 2:00,1,0,1
6/25/2018 3:00,0,0,0
6/25/2018 4:00,2,0,2
6/25/2018 5:00,5,1,4
6/25/2018 6:00,3,0,3
6/25/2018 7:00,13,2,11
6/25/2018 8:00,14,4,10
6/25/2018 9:00,8,3,5
6/25/2018 10:00,15,3,12
6/25/2018 11:00,13,4,9
6/25/2018 12:00,11,3,8
6/25/2018 13:00,7,1,6
6/25/2018 14:00,14,2,12
6/25/2018 15:00,14,1,13
6/25/2018 16:00,12,3,9
6/25/2018 17:00,8,0,8
6/25/2018 18:00,15,4,11
6/25/2018 19:00,13,1,12
6/25/2018 20:00,5,2,3
6/25/2018 21:00,9,0,9
6/25/2018 22:00,6,1,5
6/25/2018 23:00,1,0,1
6/26/2018 0:00,3,0,3
6/26/2018 1:00,1,0,1
6/26/2018 2:00,0,0,0
6/26/2018 3:00,1,0,1
6/26/2018 4:00,0,0,0
6/26/2018 5:00,2,0,2
6/26/2018 6:00,8,1,7
6/26/2018 7:00,6,0,6
6/26/2018 8:00,13,0,13
6/26/2018 9:00,10,3,7
6/26/2018 10:00,9,1,8
6/26/2018 11:00,9,0,9
6/26/2018 12:00,13,3,10
6/26/2018 13:00,9,2,7
6/26/2018 14:00,12,2,10
6/26/2018 15:00,15,4,11
6/26/2018 16:00,21,1,20
6/26/2018 17:00,13,0,13
6/26/2018 18:00,15,6,9
6/26/2018 19:00,14,4,10
6/26/2018 20:00,16,1,15
6/26/2018 21:00,5,0,5
6/26/2018 22:00,5,0,5
6/26/2018 23:00,1,0,1
6/27/2018 0:00,0,0,0
6/27/2018 1:00,2,0,2
6/27/2018 2:00,0,0,0
6/27/2018 3:00,0,0,0
6/27/2018 4:00,0,0,0
6/27/2018 5:00,4,2,2
6/27/2018 6:00,6,0,6
6/27/2018 7:00,9,2,7
6/27/2018 8:00,15,4,11
6/27/2018 9:00,6,0,6
6/27/2018 10:00,4,0,4
6/27/2018 11:00,11,6,5
6/27/2018 12:00,4,0,4
6/27/2018 13:00,14,1,13
6/27/2018 14:00,14,4,10
6/27/2018 15:00,8,2,6
6/27/2018 16:00,17,2,15
6/27/2018 17:00,20,4,16
6/27/2018 18:00,27,10,17
6/27/2018 19:00,15,1,14
6/27/2018 20:00,7,1,6
6/27/2018 21:00,11,2,9
6/27/2018 22:00,4,2,2
6/27/2018 23:00,8,1,7
6/28/2018 0:00,6,1,5
6/28/2018 1:00,0,0,0
6/28/2018 2:00,1,0,1
6/28/2018 3:00,0,0,0
6/28/2018 4:00,0,0,0
6/28/2018 5:00,4,1,3
6/28/2018 6:00,5,1,4
6/28/2018 7:00,11,0,11
6/28/2018 8:00,7,2,5
6/28/2018 9:00,17,2,15
6/28/2018 10:00,10,6,4
6/28/2018 11:00,6,3,3
6/28/2018 12:00,5,1,4
6/28/2018 13:00,13,4,9
6/28/2018 14:00,18,2,16
6/28/2018 15:00,15,4,11
6/28/2018 16:00,21,5,16
6/28/2018 17:00,18,6,12
6/28/2018 18:00,18,5,13
6/28/2018 19:00,13,0,13
6/28/2018 20:00,13,3,10
6/28/2018 21:00,7,0,7
6/28/2018 22:00,9,2,7
6/28/2018 23:00,3,0,3
6/29/2018 0:00,2,0,2
6/29/2018 1:00,2,0,2
6/29/2018 2:00,0,0,0
6/29/2018 3:00,2,0,2
6/29/2018 4:00,0,0,0
6/29/2018 5:00,4,1,3
6/29/2018 6:00,2,0,2
6/29/2018 7:00,13,2,11
6/29/2018 8:00,12,3,9
6/29/2018 9:00,6,3,3
6/29/2018 10:00,10,2,8
6/29/2018 11:00,8,0,8
6/29/2018 12:00,16,6,10
6/29/2018 13:00,19,7,12
6/29/2018 14:00,12,7,5
6/29/2018 15:00,14,0,14
6/29/2018 16:00,22,1,21
6/29/2018 17:00,12,0,12
6/29/2018 18:00,19,4,15
6/29/2018 19:00,15,2,13
6/29/2018 20:00,14,3,11
6/29/2018 21:00,5,0,5
6/29/2018 22:00,10,1,9
6/29/2018 23:00,5,1,4
6/30/2018 0:00,2,0,2
6/30/2018 1:00,3,0,3
6/30/2018 2:00,4,0,4
6/30/2018 3:00,3,0,3
6/30/2018 4:00,1,0,1
6/30/2018 5:00,0,0,0
6/30/2018 6:00,3,0,3
6/30/2018 7:00,4,2,2
6/30/2018 8:00,11,0,11
6/30/2018 9:00,10,3,7
6/30/2018 10:00,16,1,15
6/30/2018 11:00,18,2,16
6/30/2018 12:00,17,6,11
6/30/2018 13:00,12,1,11
6/30/2018 14:00,11,0,11
6/30/2018 15:00,15,2,13
6/30/2018 16:00,11,1,10
6/30/2018 17:00,22,4,18
6/30/2018 18:00,11,2,9
6/30/2018 19:00,18,1,17
6/30/2018 20:00,9,1,8
6/30/2018 21:00,3,0,3
6/30/2018 22:00,7,0,7
6/30/2018 23:00,12,1,11
7/1/2018 0:00,7,1,6
7/1/2018 1:00,1,0,1
7/1/2018 2:00,5,0,5
7/1/2018 3:00,1,0,1
7/1/2018 4:00,2,0,2
7/1/2018 5:00,0,0,0
7/1/2018 6:00,2,0,2
7/1/2018 7:00,2,0,2
7/1/2018 8:00,3,0,3
7/1/2018 9:00,11,2,9
7/1/2018 10:00,10,0,10
7/1/2018 11:00,26,9,17
7/1/2018 12:00,10,1,9
7/1/2018 13:00,14,3,11
7/1/2018 14:00,8,0,8
7/1/2018 15:00,11,0,11
7/1/2018 16:00,13,1,12
7/1/2018 17:00,17,0,17
7/1/2018 18:00,13,2,11
7/1/2018 19:00,10,1,9
7/1/2018 20:00,9,0,9
7/1/2018 21:00,12,1,11
7/1/2018 22:00,6,1,5
7/1/2018 23:00,4,0,4
7/2/2018 0:00,2,0,2
7/2/2018 1:00,0,0,0
7/2/2018 2:00,1,0,1
7/2/2018 3:00,1,0,1
7/2/2018 4:00,0,0,0
7/2/2018 5:00,4,0,4
7/2/2018 6:00,3,0,3
7/2/2018 7:00,13,1,12
7/2/2018 8:00,6,0,6
7/2/2018 9:00,15,3,12
7/2/2018 10:00,10,1,9
7/2/2018 11:00,14,1,13
7/2/2018 12:00,15,6,9
7/2/2018 13:00,13,1,12
7/2/2018 14:00,12,2,10
7/2/2018 15:00,8,1,7
7/2/2018 16:00,13,1,12
7/2/2018 17:00,16,2,14
7/2/2018 18:00,20,2,18
7/2/2018 19:00,18,5,13
7/2/2018 20:00,5,0,5
7/2/2018 21:00,5,2,3
7/2/2018 22:00,6,0,6
7/2/2018 23:00,3,2,1
7/3/2018 0:00,7,2,5
7/3/2018 1:00,3,0,3
7/3/2018 2:00,1,0,1
7/3/2018 3:00,1,0,1
7/3/2018 4:00,0,0,0
7/3/2018 5:00,2,1,1
7/3/2018 6:00,3,0,3
7/3/2018 7:00,7,0,7
7/3/2018 8:00,14,3,11
7/3/2018 9:00,7,0,7
7/3/2018 10:00,12,1,11
7/3/2018 11:00,14,2,12
7/3/2018 12:00,6,2,4
7/3/2018 13:00,19,1,18
7/3/2018 14:00,17,2,15
7/3/2018 15:00,14,1,13
7/3/2018 16:00,16,1,15
7/3/2018 17:00,17,3,14
7/3/2018 18:00,7,1,6
7/3/2018 19:00,7,0,7
7/3/2018 20:00,1,1,0
7/3/2018 21:00,5,0,5
7/3/2018 22:00,5,1,4
7/3/2018 23:00,3,0,3
7/4/2018 0:00,1,0,1
7/4/2018 1:00,6,1,5
7/4/2018 2:00,0,0,0
7/4/2018 3:00,0,0,0
7/4/2018 4:00,1,0,1
7/4/2018 5:00,2,1,1
7/4/2018 6:00,1,0,1
7/4/2018 7:00,3,0,3
7/4/2018 8:00,0,0,0
7/4/2018 9:00,0,0,0
7/4/2018 10:00,4,1,3
7/4/2018 11:00,5,2,3
7/4/2018 12:00,12,1,11
7/4/2018 13:00,14,0,14
7/4/2018 14:00,2,0,2
7/4/2018 15:00,3,2,1
7/4/2018 16:00,11,5,6
7/4/2018 17:00,5,1,4
7/4/2018 18:00,13,1,12
7/4/2018 19:00,6,3,3
7/4/2018 20:00,6,1,5
7/4/2018 21:00,7,2,5
7/4/2018 22:00,2,0,2
7/4/2018 23:00,6,0,6
7/5/2018 0:00,2,0,2
7/5/2018 1:00,1,0,1
7/5/2018 2:00,0,0,0
7/5/2018 3:00,0,0,0
7/5/2018 4:00,1,0,1
7/5/2018 5:00,1,0,1
7/5/2018 6:00,5,0,5
7/5/2018 7:00,3,0,3
7/5/2018 8:00,4,0,4
7/5/2018 9:00,7,0,7
7/5/2018 10:00,7,1,6
7/5/2018 11:00,7,0,7
7/5/2018 12:00,11,0,11
7/5/2018 13:00,5,2,3
7/5/2018 14:00,13,0,13
7/5/2018 15:00,14,0,14
7/5/2018 16:00,10,1,9
7/5/2018 17:00,11,0,11
7/5/2018 18:00,14,1,13
7/5/2018 19:00,11,3,8
7/5/2018 20:00,4,0,4
7/5/2018 21:00,4,0,4
7/5/2018 22:00,3,1,2
7/5/2018 23:00,5,0,5
7/6/2018 0:00,1,0,1
7/6/2018 1:00,0,0,0
7/6/2018 2:00,0,0,0
7/6/2018 3:00,1,0,1
7/6/2018 4:00,1,0,1
7/6/2018 5:00,4,0,4
7/6/2018 6:00,5,0,5
7/6/2018 7:00,8,1,7
7/6/2018 8:00,11,0,11
7/6/2018 9:00,7,0,7
7/6/2018 10:00,8,0,8
7/6/2018 11:00,5,0,5
7/6/2018 12:00,11,0,11
7/6/2018 13:00,12,1,11
7/6/2018 14:00,5,0,5
7/6/2018 15:00,14,2,12
7/6/2018 16:00,12,0,12
7/6/2018 17:00,12,1,11
7/6/2018 18:00,11,0,11
7/6/2018 19:00,5,0,5
7/6/2018 20:00,6,2,4
7/6/2018 21:00,6,2,4
7/6/2018 22:00,3,0,3
7/6/2018 23:00,4,1,3
7/7/2018 0:00,2,0,2
7/7/2018 1:00,4,0,4
7/7/2018 2:00,0,0,0
7/7/2018 3:00,1,0,1
7/7/2018 4:00,0,0,0
7/7/2018 5:00,3,2,1
7/7/2018 6:00,2,2,0
7/7/2018 7:00,3,0,3
7/7/2018 8:00,4,0,4
7/7/2018 9:00,6,2,4
7/7/2018 10:00,8,0,8
7/7/2018 11:00,13,2,11
7/7/2018 12:00,7,1,6
7/7/2018 13:00,4,1,3
7/7/2018 14:00,5,0,5
7/7/2018 15:00,7,1,6
7/7/2018 16:00,11,1,10
7/7/2018 17:00,5,1,4
7/7/2018 18:00,14,0,14
7/7/2018 19:00,5,1,4
7/7/2018 20:00,2,0,2
7/7/2018 21:00,2,0,2
7/7/2018 22:00,0,0,0
7/7/2018 23:00,8,0,8
7/8/2018 0:00,0,0,0
7/8/2018 1:00,2,0,2
7/8/2018 2:00,3,0,3
7/8/2018 3:00,1,0,1
7/8/2018 4:00,1,1,0
7/8/2018 5:00,1,0,1
7/8/2018 6:00,2,1,1
7/8/2018 7:00,1,0,1
7/8/2018 8:00,3,0,3
7/8/2018 9:00,4,0,4
7/8/2018 10:00,9,0,9
7/8/2018 11:00,9,4,5
7/8/2018 12:00,15,2,13
7/8/2018 13:00,14,0,14
7/8/2018 14:00,13,4,9
7/8/2018 15:00,11,2,9
7/8/2018 16:00,17,0,17
7/8/2018 17:00,14,2,12
7/8/2018 18:00,8,2,6
7/8/2018 19:00,5,1,4
7/8/2018 20:00,8,2,6
7/8/2018 21:00,6,2,4
7/8/2018 22:00,5,1,4
7/8/2018 23:00,3,1,2
7/9/2018 0:00,5,0,5
7/9/2018 1:00,0,0,0
7/9/2018 2:00,0,0,0
7/9/2018 3:00,0,0,0
7/9/2018 4:00,0,0,0
7/9/2018 5:00,4,0,4
7/9/2018 6:00,9,3,6
7/9/2018 7:00,11,1,10
7/9/2018 8:00,9,0,9
7/9/2018 9:00,4,1,3
7/9/2018 10:00,7,0,7
7/9/2018 11:00,7,2,5
7/9/2018 12:00,10,2,8
7/9/2018 13:00,7,3,4
7/9/2018 14:00,8,2,6
7/9/2018 15:00,15,3,12
7/9/2018 16:00,8,0,8
7/9/2018 17:00,10,3,7
7/9/2018 18:00,11,0,11
7/9/2018 19:00,15,0,15
7/9/2018 20:00,5,1,4
7/9/2018 21:00,10,1,9
7/9/2018 22:00,4,0,4
7/9/2018 23:00,7,3,4
7/10/2018 0:00,3,0,3
7/10/2018 1:00,1,0,1
7/10/2018 2:00,2,0,2
7/10/2018 3:00,0,0,0
7/10/2018 4:00,0,0,0
7/10/2018 5:00,4,0,4
7/10/2018 6:00,7,0,7
7/10/2018 7:00,4,0,4
7/10/2018 8:00,9,3,6
7/10/2018 9:00,5,0,5
7/10/2018 10:00,6,2,4
7/10/2018 11:00,8,2,6
7/10/2018 12:00,5,0,5
7/10/2018 13:00,10,2,8
7/10/2018 14:00,13,0,13
7/10/2018 15:00,15,2,13
7/10/2018 16:00,18,3,15
7/10/2018 17:00,11,2,9
7/10/2018 18:00,13,3,10
7/10/2018 19:00,14,4,10
7/10/2018 20:00,3,3,0
7/10/2018 21:00,2,2,0
7/10/2018 22:00,1,0,1
7/10/2018 23:00,0,0,0
7/11/2018 0:00,2,1,1
7/11/2018 1:00,1,1,0
7/11/2018 2:00,0,0,0
7/11/2018 3:00,0,0,0
7/11/2018 4:00,2,1,1
7/11/2018 5:00,0,0,0
7/11/2018 6:00,3,2,1
7/11/2018 7:00,2,0,2
7/11/2018 8:00,5,3,2
7/11/2018 9:00,5,0,5
7/11/2018 10:00,4,1,3
7/11/2018 11:00,11,1,10
7/11/2018 12:00,11,1,10
7/11/2018 13:00,11,2,9
7/11/2018 14:00,10,2,8
7/11/2018 15:00,16,4,12
7/11/2018 16:00,8,2,6
7/11/2018 17:00,16,3,13
7/11/2018 18:00,10,4,6
7/11/2018 19:00,6,2,4
7/11/2018 20:00,7,7,0
7/11/2018 21:00,3,2,1
7/11/2018 22:00,2,1,1
7/11/2018 23:00,1,1,0
7/12/2018 0:00,0,0,0
7/12/2018 1:00,0,0,0
7/12/2018 2:00,0,0,0
7/12/2018 3:00,0,0,0
7/12/2018 4:00,0,0,0
7/12/2018 5:00,0,0,0
7/12/2018 6:00,2,1,1
7/12/2018 7:00,0,0,0
7/12/2018 8:00,2,1,1
7/12/2018 9:00,3,1,2
7/12/2018 10:00,13,4,9
7/12/2018 11:00,3,1,2
7/12/2018 12:00,12,2,10
7/12/2018 13:00,13,1,12
7/12/2018 14:00,10,2,8
7/12/2018 15:00,10,2,8
7/12/2018 16:00,21,2,19
7/12/2018 17:00,13,0,13
7/12/2018 18:00,8,4,4
7/12/2018 19:00,12,6,6
7/12/2018 20:00,11,1,10
7/12/2018 21:00,8,1,7
7/12/2018 22:00,4,0,4
7/12/2018 23:00,1,0,1
7/13/2018 0:00,3,0,3
7/13/2018 1:00,2,0,2
7/13/2018 2:00,1,0,1
7/13/2018 3:00,2,0,2
7/13/2018 4:00,0,0,0
7/13/2018 5:00,3,0,3
7/13/2018 6:00,4,0,4
7/13/2018 7:00,3,0,3
7/13/2018 8:00,6,0,6
7/13/2018 9:00,11,2,9
7/13/2018 10:00,8,3,5
7/13/2018 11:00,8,3,5
7/13/2018 12:00,10,1,9
7/13/2018 13:00,18,3,15
7/13/2018 14:00,17,4,13
7/13/2018 15:00,15,1,14
7/13/2018 16:00,17,6,11
7/13/2018 17:00,20,3,17
7/13/2018 18:00,14,3,11
7/13/2018 19:00,14,8,6
7/13/2018 20:00,11,9,2
7/13/2018 21:00,6,3,3
7/13/2018 22:00,11,4,7
7/13/2018 23:00,10,2,8
7/14/2018 0:00,3,1,2
7/14/2018 1:00,7,1,6
7/14/2018 2:00,2,0,2
7/14/2018 3:00,1,0,1
7/14/2018 4:00,1,0,1
7/14/2018 5:00,2,0,2
7/14/2018 6:00,4,0,4
7/14/2018 7:00,5,1,4
7/14/2018 8:00,6,0,6
7/14/2018 9:00,9,2,7
7/14/2018 10:00,13,1,12
7/14/2018 11:00,17,6,11
7/14/2018 12:00,20,8,12
7/14/2018 13:00,5,1,4
7/14/2018 14:00,6,0,6
7/14/2018 15:00,6,3,3
7/14/2018 16:00,12,4,8
7/14/2018 17:00,13,8,5
7/14/2018 18:00,12,9,3
7/14/2018 19:00,10,7,3
7/14/2018 20:00,13,7,6
7/14/2018 21:00,4,1,3
7/14/2018 22:00,12,2,10
7/14/2018 23:00,14,4,10
7/15/2018 0:00,7,3,4
7/15/2018 1:00,3,0,3
7/15/2018 2:00,2,0,2
7/15/2018 3:00,2,0,2
7/15/2018 4:00,2,1,1
7/15/2018 5:00,0,0,0
7/15/2018 6:00,0,0,0
7/15/2018 7:00,4,1,3
7/15/2018 8:00,6,0,6
7/15/2018 9:00,8,3,5
7/15/2018 10:00,7,1,6
7/15/2018 11:00,8,2,6
7/15/2018 12:00,9,4,5
7/15/2018 13:00,15,6,9
7/15/2018 14:00,21,12,9
7/15/2018 15:00,11,3,8
7/15/2018 16:00,14,4,10
7/15/2018 17:00,12,4,8
7/15/2018 18:00,6,2,4
7/15/2018 19:00,7,2,5
7/15/2018 20:00,13,2,11
7/15/2018 21:00,9,2,7
7/15/2018 22:00,18,1,17
7/15/2018 23:00,10,0,10
7/16/2018 0:00,4,0,4
7/16/2018 1:00,0,0,0
7/16/2018 2:00,1,0,1
7/16/2018 3:00,2,0,2
7/16/2018 4:00,0,0,0
7/16/2018 5:00,0,0,0
7/16/2018 6:00,3,0,3
7/16/2018 7:00,3,1,2
7/16/2018 8:00,7,0,7
7/16/2018 9:00,7,2,5
7/16/2018 10:00,4,1,3
7/16/2018 11:00,7,3,4
7/16/2018 12:00,13,5,8
7/16/2018 13:00,9,5,4
7/16/2018 14:00,7,3,4
7/16/2018 15:00,9,2,7
7/16/2018 16:00,13,2,11
7/16/2018 17:00,5,1,4
7/16/2018 18:00,16,3,13
7/16/2018 19:00,9,1,8
7/16/2018 20:00,4,2,2
7/16/2018 21:00,4,1,3
7/16/2018 22:00,3,0,3
7/16/2018 23:00,4,0,4
7/17/2018 0:00,1,0,1
7/17/2018 1:00,0,0,0
7/17/2018 2:00,1,0,1
7/17/2018 3:00,1,0,1
7/17/2018 4:00,2,0,2
7/17/2018 5:00,5,1,4
7/17/2018 6:00,6,1,5
7/17/2018 7:00,5,0,5
7/17/2018 8:00,12,1,11
7/17/2018 9:00,3,0,3
7/17/2018 10:00,9,0,9
7/17/2018 11:00,11,2,9
7/17/2018 12:00,8,2,6
7/17/2018 13:00,7,4,3
7/17/2018 14:00,10,0,10
7/17/2018 15:00,9,1,8
7/17/2018 16:00,9,0,9
7/17/2018 17:00,13,3,10
7/17/2018 18:00,14,1,13
7/17/2018 19:00,6,0,6
7/17/2018 20:00,7,0,7
7/17/2018 21:00,17,4,13
7/17/2018 22:00,10,1,9
7/17/2018 23:00,1,0,1
7/18/2018 0:00,1,0,1
7/18/2018 1:00,2,0,2
7/18/2018 2:00,0,0,0
7/18/2018 3:00,2,0,2
7/18/2018 4:00,0,0,0
7/18/2018 5:00,2,0,2
7/18/2018 6:00,5,0,5
7/18/2018 7:00,5,0,5
7/18/2018 8:00,4,1,3
7/18/2018 9:00,10,2,8
7/18/2018 10:00,4,1,3
7/18/2018 11:00,10,1,9
7/18/2018 12:00,19,1,18
7/18/2018 13:00,17,4,13
7/18/2018 14:00,12,0,12
7/18/2018 15:00,16,1,15
7/18/2018 16:00,10,4,6
7/18/2018 17:00,20,3,17
7/18/2018 18:00,18,3,15
7/18/2018 19:00,8,2,6
7/18/2018 20:00,9,1,8
7/18/2018 21:00,10,0,10
7/18/2018 22:00,10,1,9
7/18/2018 23:00,4,0,4
7/19/2018 0:00,3,1,2
7/19/2018 1:00,2,0,2
7/19/2018 2:00,1,0,1
7/19/2018 3:00,0,0,0
7/19/2018 4:00,3,0,3
7/19/2018 5:00,2,0,2
7/19/2018 6:00,8,2,6
7/19/2018 7:00,4,0,4
7/19/2018 8:00,7,1,6
7/19/2018 9:00,5,1,4
7/19/2018 10:00,7,0,7
7/19/2018 11:00,6,0,6
7/19/2018 12:00,9,2,7
7/19/2018 13:00,13,4,9
7/19/2018 14:00,7,2,5
7/19/2018 15:00,9,0,9
7/19/2018 16:00,6,1,5
7/19/2018 17:00,16,1,15
7/19/2018 18:00,10,1,9
7/19/2018 19:00,10,0,10
7/19/2018 20:00,6,0,6
7/19/2018 21:00,8,3,5
7/19/2018 22:00,8,0,8
7/19/2018 23:00,9,0,9
7/20/2018 0:00,0,0,0
7/20/2018 1:00,2,0,2
7/20/2018 2:00,0,0,0
7/20/2018 3:00,2,0,2
7/20/2018 4:00,0,0,0
7/20/2018 5:00,3,0,3
7/20/2018 6:00,8,0,8
7/20/2018 7:00,6,0,6
7/20/2018 8:00,6,0,6
7/20/2018 9:00,7,0,7
7/20/2018 10:00,12,2,10
7/20/2018 11:00,12,0,12
7/20/2018 12:00,18,2,16
7/20/2018 13:00,10,0,10
7/20/2018 14:00,9,0,9
7/20/2018 15:00,13,3,10
7/20/2018 16:00,15,0,15
7/20/2018 17:00,12,1,11
7/20/2018 18:00,11,2,9
7/20/2018 19:00,15,3,12
7/20/2018 20:00,7,2,5
7/20/2018 21:00,13,0,13
7/20/2018 22:00,7,0,7
7/20/2018 23:00,2,0,2
7/21/2018 0:00,10,0,10
7/21/2018 1:00,3,0,3
7/21/2018 2:00,0,0,0
7/21/2018 3:00,4,0,4
7/21/2018 4:00,3,0,3
7/21/2018 5:00,0,0,0
7/21/2018 6:00,1,0,1
7/21/2018 7:00,2,0,2
7/21/2018 8:00,2,0,2
7/21/2018 9:00,7,0,7
7/21/2018 10:00,12,1,11
7/21/2018 11:00,12,0,12
7/21/2018 12:00,7,2,5
7/21/2018 13:00,13,3,10
7/21/2018 14:00,12,3,9
7/21/2018 15:00,13,1,12
7/21/2018 16:00,13,2,11
7/21/2018 17:00,11,0,11
7/21/2018 18:00,11,1,10
7/21/2018 19:00,8,3,5
7/21/2018 20:00,6,3,3
7/21/2018 21:00,4,0,4
7/21/2018 22:00,2,1,1
7/21/2018 23:00,5,2,3
7/22/2018 0:00,8,2,6
7/22/2018 1:00,3,0,3
7/22/2018 2:00,4,1,3
7/22/2018 3:00,0,0,0
7/22/2018 4:00,0,0,0
7/22/2018 5:00,2,0,2
7/22/2018 6:00,0,0,0
7/22/2018 7:00,2,1,1
7/22/2018 8:00,7,1,6
7/22/2018 9:00,9,1,8
7/22/2018 10:00,8,2,6
7/22/2018 11:00,13,2,11
7/22/2018 12:00,14,1,13
7/22/2018 13:00,20,2,18
7/22/2018 14:00,13,2,11
7/22/2018 15:00,10,2,8
7/22/2018 16:00,12,3,9
7/22/2018 17:00,8,1,7
7/22/2018 18:00,10,1,9
7/22/2018 19:00,7,1,6
7/22/2018 20:00,5,0,5
7/22/2018 21:00,5,1,4
7/22/2018 22:00,7,1,6
7/22/2018 23:00,6,1,5
7/23/2018 0:00,4,0,4
7/23/2018 1:00,0,0,0
7/23/2018 2:00,1,0,1
7/23/2018 3:00,0,0,0
7/23/2018 4:00,0,0,0
7/23/2018 5:00,1,0,1
7/23/2018 6:00,5,0,5
7/23/2018 7:00,8,0,8
7/23/2018 8:00,6,1,5
7/23/2018 9:00,3,0,3
7/23/2018 10:00,8,1,7
7/23/2018 11:00,5,1,4
7/23/2018 12:00,10,2,8
7/23/2018 13:00,12,2,10
7/23/2018 14:00,13,2,11
7/23/2018 15:00,5,1,4
7/23/2018 16:00,14,2,12
7/23/2018 17:00,20,1,19
7/23/2018 18:00,14,1,13
7/23/2018 19:00,13,5,8
7/23/2018 20:00,12,1,11
7/23/2018 21:00,7,2,5
7/23/2018 22:00,0,0,0
7/23/2018 23:00,1,0,1
7/24/2018 0:00,2,0,2
7/24/2018 1:00,0,0,0
7/24/2018 2:00,0,0,0
7/24/2018 3:00,0,0,0
7/24/2018 4:00,0,0,0
7/24/2018 5:00,0,0,0
7/24/2018 6:00,5,0,5
7/24/2018 7:00,5,0,5
7/24/2018 8:00,11,3,8
7/24/2018 9:00,3,0,3
7/24/2018 10:00,4,0,4
7/24/2018 11:00,9,2,7
7/24/2018 12:00,9,2,7
7/24/2018 13:00,6,0,6
7/24/2018 14:00,11,1,10
7/24/2018 15:00,14,3,11
7/24/2018 16:00,9,0,9
7/24/2018 17:00,8,1,7
7/24/2018 18:00,8,4,4
7/24/2018 19:00,7,0,7
7/24/2018 20:00,6,0,6
7/24/2018 21:00,4,2,2
7/24/2018 22:00,3,1,2
7/24/2018 23:00,3,0,3
7/25/2018 0:00,1,0,1
7/25/2018 1:00,2,0,2
7/25/2018 2:00,0,0,0
7/25/2018 3:00,0,0,0
7/25/2018 4:00,0,0,0
7/25/2018 5:00,2,0,2
7/25/2018 6:00,5,1,4
7/25/2018 7:00,6,2,4
7/25/2018 8:00,7,3,4
7/25/2018 9:00,2,0,2
7/25/2018 10:00,9,2,7
7/25/2018 11:00,11,0,11
7/25/2018 12:00,5,0,5
7/25/2018 13:00,8,1,7
7/25/2018 14:00,12,2,10
7/25/2018 15:00,14,0,14
7/25/2018 16:00,18,2,16
7/25/2018 17:00,14,1,13
7/25/2018 18:00,19,3,16
7/25/2018 19:00,11,2,9
7/25/2018 20:00,6,0,6
7/25/2018 21:00,4,1,3
7/25/2018 22:00,2,0,2
7/25/2018 23:00,4,0,4
7/26/2018 0:00,4,1,3
7/26/2018 1:00,1,1,0
7/26/2018 2:00,0,0,0
7/26/2018 3:00,0,0,0
7/26/2018 4:00,2,0,2
7/26/2018 5:00,2,0,2
7/26/2018 6:00,0,0,0
7/26/2018 7:00,3,0,3
7/26/2018 8:00,2,2,0
7/26/2018 9:00,7,1,6
7/26/2018 10:00,3,1,2
7/26/2018 11:00,9,4,5
7/26/2018 12:00,7,3,4
7/26/2018 13:00,11,2,9
7/26/2018 14:00,13,1,12
7/26/2018 15:00,11,1,10
7/26/2018 16:00,13,0,13
7/26/2018 17:00,13,4,9
7/26/2018 18:00,23,2,21
7/26/2018 19:00,9,1,8
7/26/2018 20:00,5,0,5
7/26/2018 21:00,8,1,7
7/26/2018 22:00,6,1,5
7/26/2018 23:00,6,0,6
7/27/2018 0:00,6,0,6
7/27/2018 1:00,2,1,1
7/27/2018 2:00,1,0,1
7/27/2018 3:00,1,0,1
7/27/2018 4:00,2,0,2
7/27/2018 5:00,0,0,0
7/27/2018 6:00,4,0,4
7/27/2018 7:00,9,0,9
7/27/2018 8:00,8,0,8
7/27/2018 9:00,9,1,8
7/27/2018 10:00,8,0,8
7/27/2018 11:00,7,2,5
7/27/2018 12:00,9,0,9
7/27/2018 13:00,18,2,16
7/27/2018 14:00,14,1,13
7/27/2018 15:00,12,3,9
7/27/2018 16:00,12,0,12
7/27/2018 17:00,21,5,16
7/27/2018 18:00,8,2,6
7/27/2018 19:00,12,1,11
7/27/2018 20:00,7,1,6
7/27/2018 21:00,4,0,4
7/27/2018 22:00,6,0,6
7/27/2018 23:00,5,1,4
7/28/2018 0:00,2,0,2
7/28/2018 1:00,3,0,3
7/28/2018 2:00,4,1,3
7/28/2018 3:00,1,0,1
7/28/2018 4:00,1,0,1
7/28/2018 5:00,2,1,1
7/28/2018 6:00,0,0,0
7/28/2018 7:00,5,0,5
7/28/2018 8:00,2,0,2
7/28/2018 9:00,7,1,6
7/28/2018 10:00,14,2,12
7/28/2018 11:00,13,3,10
7/28/2018 12:00,8,0,8
7/28/2018 13:00,9,0,9
7/28/2018 14:00,11,0,11
7/28/2018 15:00,8,0,8
7/28/2018 16:00,5,0,5
7/28/2018 17:00,12,0,12
7/28/2018 18:00,6,2,4
7/28/2018 19:00,11,5,6
7/28/2018 20:00,4,0,4
7/28/2018 21:00,8,0,8
7/28/2018 22:00,7,0,7
7/28/2018 23:00,8,0,8
7/29/2018 0:00,2,0,2
7/29/2018 1:00,1,0,1
7/29/2018 2:00,3,0,3
7/29/2018 3:00,0,0,0
7/29/2018 4:00,0,0,0
7/29/2018 5:00,0,0,0
7/29/2018 6:00,1,0,1
7/29/2018 7:00,3,1,2
7/29/2018 8:00,4,1,3
7/29/2018 9:00,7,0,7
7/29/2018 10:00,6,4,2
7/29/2018 11:00,13,4,9
7/29/2018 12:00,5,0,5
7/29/2018 13:00,9,4,5
7/29/2018 14:00,16,1,15
7/29/2018 15:00,10,0,10
7/29/2018 16:00,15,4,11
7/29/2018 17:00,10,0,10
7/29/2018 18:00,8,1,7
7/29/2018 19:00,8,1,7
7/29/2018 20:00,5,1,4
7/29/2018 21:00,12,1,11
7/29/2018 22:00,3,0,3
7/29/2018 23:00,6,0,6
7/30/2018 0:00,4,0,4
7/30/2018 1:00,2,0,2
7/30/2018 2:00,0,0,0
7/30/2018 3:00,0,0,0
7/30/2018 4:00,0,0,0
7/30/2018 5:00,1,0,1
7/30/2018 6:00,4,0,4
7/30/2018 7:00,9,2,7
7/30/2018 8:00,5,0,5
7/30/2018 9:00,12,0,12
7/30/2018 10:00,6,1,5
7/30/2018 11:00,6,0,6
7/30/2018 12:00,8,0,8
7/30/2018 13:00,10,0,10
7/30/2018 14:00,8,1,7
7/30/2018 15:00,14,2,12
7/30/2018 16:00,14,4,10
7/30/2018 17:00,9,3,6
7/30/2018 18:00,4,2,2
7/30/2018 19:00,11,4,7
7/30/2018 20:00,4,1,3
7/30/2018 21:00,5,2,3
7/30/2018 22:00,4,2,2
7/30/2018 23:00,2,0,2
7/31/2018 0:00,0,0,0
7/31/2018 1:00,0,0,0
7/31/2018 2:00,0,0,0
7/31/2018 3:00,1,0,1
7/31/2018 4:00,1,0,1
7/31/2018 5:00,3,1,2
7/31/2018 6:00,3,0,3
7/31/2018 7:00,3,1,2
7/31/2018 8:00,5,1,4
7/31/2018 9:00,7,1,6
7/31/2018 10:00,4,0,4
7/31/2018 11:00,4,0,4
7/31/2018 12:00,9,1,8
7/31/2018 13:00,7,0,7
7/31/2018 14:00,8,2,6
7/31/2018 15:00,8,1,7
7/31/2018 16:00,15,2,13
7/31/2018 17:00,8,0,8
7/31/2018 18:00,11,4,7
7/31/2018 19:00,8,1,7
7/31/2018 20:00,8,4,4
7/31/2018 21:00,7,1,6
7/31/2018 22:00,4,0,4
7/31/2018 23:00,3,0,3
8/1/2018 0:00,1,1,0
8/1/2018 1:00,1,0,1
8/1/2018 2:00,1,0,1
8/1/2018 3:00,0,0,0
8/1/2018 4:00,1,0,1
8/1/2018 5:00,1,0,1
8/1/2018 6:00,3,1,2
8/1/2018 7:00,4,1,3
8/1/2018 8:00,7,2,5
8/1/2018 9:00,8,2,6
8/1/2018 10:00,9,0,9
8/1/2018 11:00,12,1,11
8/1/2018 12:00,11,5,6
8/1/2018 13:00,14,1,13
8/1/2018 14:00,5,1,4
8/1/2018 15:00,11,1,10
8/1/2018 16:00,13,0,13
8/1/2018 17:00,16,2,14
8/1/2018 18:00,10,4,6
8/1/2018 19:00,7,3,4
8/1/2018 20:00,4,2,2
8/1/2018 21:00,10,3,7
8/1/2018 22:00,4,0,4
8/1/2018 23:00,1,0,1
8/2/2018 0:00,2,0,2
8/2/2018 1:00,2,0,2
8/2/2018 2:00,2,0,2
8/2/2018 3:00,0,0,0
8/2/2018 4:00,1,0,1
8/2/2018 5:00,0,0,0
8/2/2018 6:00,2,1,1
8/2/2018 7:00,3,1,2
8/2/2018 8:00,3,2,1
8/2/2018 9:00,3,1,2
8/2/2018 10:00,4,3,1
8/2/2018 11:00,4,1,3
8/2/2018 12:00,3,2,1
8/2/2018 13:00,0,0,0
8/2/2018 14:00,3,1,2
8/2/2018 15:00,3,1,2
8/2/2018 16:00,7,2,5
8/2/2018 17:00,7,2,5
8/2/2018 18:00,6,1,5
8/2/2018 19:00,11,1,10
8/2/2018 20:00,4,2,2
8/2/2018 21:00,2,1,1
8/2/2018 22:00,1,0,1
8/2/2018 23:00,3,0,3
8/3/2018 0:00,0,0,0
8/3/2018 1:00,2,0,2
8/3/2018 2:00,1,0,1
8/3/2018 3:00,0,0,0
8/3/2018 4:00,0,0,0
8/3/2018 5:00,0,0,0
8/3/2018 6:00,0,0,0
8/3/2018 7:00,2,0,2
8/3/2018 8:00,1,1,0
8/3/2018 9:00,2,2,0
8/3/2018 10:00,5,2,3
8/3/2018 11:00,5,1,4
8/3/2018 12:00,12,3,9
8/3/2018 13:00,4,0,4
8/3/2018 14:00,14,1,13
8/3/2018 15:00,5,1,4
8/3/2018 16:00,4,0,4
8/3/2018 17:00,13,1,12
8/3/2018 18:00,11,2,9
8/3/2018 19:00,9,3,6
8/3/2018 20:00,5,3,2
8/3/2018 21:00,5,0,5
8/3/2018 22:00,5,0,5
8/3/2018 23:00,2,0,2
8/4/2018 0:00,1,0,1
8/4/2018 1:00,0,0,0
8/4/2018 2:00,0,0,0
8/4/2018 3:00,0,0,0
8/4/2018 4:00,1,0,1
8/4/2018 5:00,1,0,1
8/4/2018 6:00,1,0,1
8/4/2018 7:00,4,1,3
8/4/2018 8:00,6,0,6
8/4/2018 9:00,10,1,9
8/4/2018 10:00,6,0,6
8/4/2018 11:00,13,2,11
8/4/2018 12:00,6,0,6
8/4/2018 13:00,13,4,9
8/4/2018 14:00,12,2,10
8/4/2018 15:00,12,0,12
8/4/2018 16:00,15,1,14
8/4/2018 17:00,8,0,8
8/4/2018 18:00,7,2,5
8/4/2018 19:00,2,1,1
8/4/2018 20:00,4,0,4
8/4/2018 21:00,5,3,2
8/4/2018 22:00,5,0,5
8/4/2018 23:00,1,0,1
8/5/2018 0:00,6,0,6
8/5/2018 1:00,4,1,3
8/5/2018 2:00,4,0,4
8/5/2018 3:00,0,0,0
8/5/2018 4:00,1,0,1
8/5/2018 5:00,0,0,0
8/5/2018 6:00,1,0,1
8/5/2018 7:00,3,0,3
8/5/2018 8:00,4,0,4
8/5/2018 9:00,6,1,5
8/5/2018 10:00,7,3,4
8/5/2018 11:00,8,5,3
8/5/2018 12:00,10,1,9
8/5/2018 13:00,8,1,7
8/5/2018 14:00,13,2,11
8/5/2018 15:00,12,1,11
8/5/2018 16:00,10,1,9
8/5/2018 17:00,15,1,14
8/5/2018 18:00,10,2,8
8/5/2018 19:00,9,2,7
8/5/2018 20:00,9,3,6
8/5/2018 21:00,8,2,6
8/5/2018 22:00,2,0,2
8/5/2018 23:00,1,0,1
8/6/2018 0:00,2,1,1
8/6/2018 1:00,0,0,0
8/6/2018 2:00,2,0,2
8/6/2018 3:00,1,0,1
8/6/2018 4:00,0,0,0
8/6/2018 5:00,2,0,2
8/6/2018 6:00,5,1,4
8/6/2018 7:00,7,2,5
8/6/2018 8:00,4,0,4
8/6/2018 9:00,11,1,10
8/6/2018 10:00,3,0,3
8/6/2018 11:00,10,4,6
8/6/2018 12:00,9,1,8
8/6/2018 13:00,6,0,6
8/6/2018 14:00,8,1,7
8/6/2018 15:00,9,1,8
8/6/2018 16:00,8,1,7
8/6/2018 17:00,8,0,8
8/6/2018 18:00,5,2,3
8/6/2018 19:00,7,2,5
8/6/2018 20:00,2,0,2
8/6/2018 21:00,6,1,5
8/6/2018 22:00,7,0,7
8/6/2018 23:00,2,0,2
8/7/2018 0:00,0,0,0
8/7/2018 1:00,0,0,0
8/7/2018 2:00,0,0,0
8/7/2018 3:00,2,1,1
8/7/2018 4:00,0,0,0
8/7/2018 5:00,0,0,0
8/7/2018 6:00,3,0,3
8/7/2018 7:00,6,0,6
8/7/2018 8:00,4,0,4
8/7/2018 9:00,7,0,7
8/7/2018 10:00,8,0,8
8/7/2018 11:00,12,1,11
8/7/2018 12:00,13,3,10
8/7/2018 13:00,10,1,9
8/7/2018 14:00,14,1,13
8/7/2018 15:00,18,4,14
8/7/2018 16:00,7,0,7
8/7/2018 17:00,17,2,15
8/7/2018 18:00,9,4,5
8/7/2018 19:00,6,2,4
8/7/2018 20:00,2,1,1
8/7/2018 21:00,2,0,2
8/7/2018 22:00,9,1,8
8/7/2018 23:00,6,1,5
8/8/2018 0:00,1,0,1
8/8/2018 1:00,1,0,1
8/8/2018 2:00,4,0,4
8/8/2018 3:00,0,0,0
8/8/2018 4:00,1,0,1
8/8/2018 5:00,1,0,1
8/8/2018 6:00,7,3,4
8/8/2018 7:00,4,0,4
8/8/2018 8:00,10,1,9
8/8/2018 9:00,4,0,4
8/8/2018 10:00,6,0,6
8/8/2018 11:00,9,2,7
8/8/2018 12:00,7,0,7
8/8/2018 13:00,12,1,11
8/8/2018 14:00,10,0,10
8/8/2018 15:00,12,1,11
8/8/2018 16:00,14,0,14
8/8/2018 17:00,6,0,6
8/8/2018 18:00,10,1,9
8/8/2018 19:00,9,2,7
8/8/2018 20:00,8,0,8
8/8/2018 21:00,3,0,3
8/8/2018 22:00,4,2,2
8/8/2018 23:00,4,0,4
8/9/2018 0:00,1,0,1
8/9/2018 1:00,1,0,1
8/9/2018 2:00,1,1,0
8/9/2018 3:00,0,0,0
8/9/2018 4:00,0,0,0
8/9/2018 5:00,0,0,0
8/9/2018 6:00,1,0,1
8/9/2018 7:00,4,0,4
8/9/2018 8:00,2,0,2
8/9/2018 9:00,8,0,8
8/9/2018 10:00,6,0,6
8/9/2018 11:00,9,2,7
8/9/2018 12:00,7,0,7
8/9/2018 13:00,8,0,8
8/9/2018 14:00,11,1,10
8/9/2018 15:00,14,1,13
8/9/2018 16:00,6,0,6
8/9/2018 17:00,6,2,4
8/9/2018 18:00,14,4,10
8/9/2018 19:00,10,3,7
8/9/2018 20:00,7,3,4
8/9/2018 21:00,2,1,1
8/9/2018 22:00,2,0,2
8/9/2018 23:00,1,0,1
8/10/2018 0:00,1,0,1
8/10/2018 1:00,0,0,0
8/10/2018 2:00,0,0,0
8/10/2018 3:00,0,0,0
8/10/2018 4:00,0,0,0
8/10/2018 5:00,0,0,0
8/10/2018 6:00,3,0,3
8/10/2018 7:00,1,0,1
8/10/2018 8:00,9,1,8
8/10/2018 9:00,11,0,11
8/10/2018 10:00,8,0,8
8/10/2018 11:00,10,2,8
8/10/2018 12:00,7,1,6
8/10/2018 13:00,6,1,5
8/10/2018 14:00,8,1,7
8/10/2018 15:00,5,1,4
8/10/2018 16:00,7,2,5
8/10/2018 17:00,8,0,8
8/10/2018 18:00,8,3,5
8/10/2018 19:00,6,0,6
8/10/2018 20:00,6,4,2
8/10/2018 21:00,3,1,2
8/10/2018 22:00,4,2,2
8/10/2018 23:00,3,0,3
8/11/2018 0:00,4,0,4
8/11/2018 1:00,1,0,1
8/11/2018 2:00,3,0,3
8/11/2018 3:00,1,0,1
8/11/2018 4:00,2,1,1
8/11/2018 5:00,0,0,0
8/11/2018 6:00,1,0,1
8/11/2018 7:00,0,0,0
8/11/2018 8:00,3,0,3
8/11/2018 9:00,6,0,6
8/11/2018 10:00,7,1,6
8/11/2018 11:00,8,3,5
8/11/2018 12:00,7,2,5
8/11/2018 13:00,13,4,9
8/11/2018 14:00,11,1,10
8/11/2018 15:00,11,0,11
8/11/2018 16:00,8,1,7
8/11/2018 17:00,10,3,7
8/11/2018 18:00,7,3,4
8/11/2018 19:00,1,0,1
8/11/2018 20:00,7,2,5
8/11/2018 21:00,3,1,2
8/11/2018 22:00,1,1,0
8/11/2018 23:00,2,0,2
8/12/2018 0:00,4,1,3
8/12/2018 1:00,3,1,2
8/12/2018 2:00,2,0,2
8/12/2018 3:00,1,0,1
8/12/2018 4:00,1,0,1
8/12/2018 5:00,1,0,1
8/12/2018 6:00,0,0,0
8/12/2018 7:00,1,1,0
8/12/2018 8:00,3,0,3
8/12/2018 9:00,8,1,7
8/12/2018 10:00,4,0,4
8/12/2018 11:00,3,1,2
8/12/2018 12:00,10,3,7
8/12/2018 13:00,14,3,11
8/12/2018 14:00,12,3,9
8/12/2018 15:00,7,3,4
8/12/2018 16:00,11,1,10
8/12/2018 17:00,9,3,6
8/12/2018 18:00,7,1,6
8/12/2018 19:00,4,0,4
8/12/2018 20:00,5,0,5
8/12/2018 21:00,2,1,1
8/12/2018 22:00,4,0,4
8/12/2018 23:00,4,1,3
8/13/2018 0:00,3,0,3
8/13/2018 1:00,1,0,1
8/13/2018 2:00,1,0,1
8/13/2018 3:00,1,0,1
8/13/2018 4:00,0,0,0
8/13/2018 5:00,2,0,2
8/13/2018 6:00,5,0,5
8/13/2018 7:00,7,0,7
8/13/2018 8:00,11,1,10
8/13/2018 9:00,10,2,8
8/13/2018 10:00,7,1,6
8/13/2018 11:00,6,2,4
8/13/2018 12:00,6,0,6
8/13/2018 13:00,8,1,7
8/13/2018 14:00,9,3,6
8/13/2018 15:00,5,1,4
8/13/2018 16:00,10,0,10
8/13/2018 17:00,9,3,6
8/13/2018 18:00,10,2,8
8/13/2018 19:00,8,1,7
8/13/2018 20:00,3,0,3
8/13/2018 21:00,4,1,3
8/13/2018 22:00,1,1,0
8/13/2018 23:00,0,0,0
8/14/2018 0:00,0,0,0
8/14/2018 1:00,0,0,0
8/14/2018 2:00,1,0,1
8/14/2018 3:00,0,0,0
8/14/2018 4:00,0,0,0
8/14/2018 5:00,0,0,0
8/14/2018 6:00,1,0,1
8/14/2018 7:00,4,1,3
8/14/2018 8:00,8,1,7
8/14/2018 9:00,2,1,1
8/14/2018 10:00,6,1,5
8/14/2018 11:00,7,0,7
8/14/2018 12:00,10,0,10
8/14/2018 13:00,7,0,7
8/14/2018 14:00,6,1,5
8/14/2018 15:00,10,0,10
8/14/2018 16:00,8,0,8
8/14/2018 17:00,10,1,9
8/14/2018 18:00,8,2,6
8/14/2018 19:00,4,2,2
8/14/2018 20:00,10,4,6
8/14/2018 21:00,5,1,4
8/14/2018 22:00,7,0,7
8/14/2018 23:00,1,0,1
8/15/2018 0:00,1,0,1
8/15/2018 1:00,0,0,0
8/15/2018 2:00,1,0,1
8/15/2018 3:00,0,0,0
8/15/2018 4:00,1,0,1
8/15/2018 5:00,1,0,1
8/15/2018 6:00,4,1,3
8/15/2018 7:00,7,1,6
8/15/2018 8:00,9,0,9
8/15/2018 9:00,4,0,4
8/15/2018 10:00,5,0,5
8/15/2018 11:00,7,1,6
8/15/2018 12:00,4,0,4
8/15/2018 13:00,12,1,11
8/15/2018 14:00,10,0,10
8/15/2018 15:00,9,4,5
8/15/2018 16:00,12,1,11
8/15/2018 17:00,8,0,8
8/15/2018 18:00,4,3,1
8/15/2018 19:00,5,1,4
8/15/2018 20:00,6,2,4
8/15/2018 21:00,5,1,4
8/15/2018 22:00,2,0,2
8/15/2018 23:00,0,0,0
8/16/2018 0:00,0,0,0
8/16/2018 1:00,0,0,0
8/16/2018 2:00,0,0,0
8/16/2018 3:00,0,0,0
8/16/2018 4:00,0,0,0
8/16/2018 5:00,0,0,0
8/16/2018 6:00,2,1,1
8/16/2018 7:00,2,0,2
8/16/2018 8:00,1,1,0
8/16/2018 9:00,3,1,2
8/16/2018 10:00,7,0,7
8/16/2018 11:00,7,1,6
8/16/2018 12:00,4,0,4
8/16/2018 13:00,5,0,5
8/16/2018 14:00,6,2,4
8/16/2018 15:00,7,3,4
8/16/2018 16:00,11,4,7
8/16/2018 17:00,9,1,8
8/16/2018 18:00,12,1,11
8/16/2018 19:00,8,1,7
8/16/2018 20:00,8,3,5
8/16/2018 21:00,6,0,6
8/16/2018 22:00,8,1,7
8/16/2018 23:00,4,0,4
8/17/2018 0:00,0,0,0
8/17/2018 1:00,2,0,2
8/17/2018 2:00,0,0,0
8/17/2018 3:00,0,0,0
8/17/2018 4:00,1,0,1
8/17/2018 5:00,4,2,2
8/17/2018 6:00,5,2,3
8/17/2018 7:00,7,0,7
8/17/2018 8:00,7,1,6
8/17/2018 9:00,7,0,7
8/17/2018 10:00,4,1,3
8/17/2018 11:00,0,0,0
8/17/2018 12:00,2,2,0
8/17/2018 13:00,7,2,5
8/17/2018 14:00,7,4,3
8/17/2018 15:00,11,4,7
8/17/2018 16:00,7,1,6
8/17/2018 17:00,6,1,5
8/17/2018 18:00,11,1,10
8/17/2018 19:00,8,3,5
8/17/2018 20:00,7,1,6
8/17/2018 21:00,8,1,7
8/17/2018 22:00,3,1,2
8/17/2018 23:00,2,0,2
8/18/2018 0:00,4,0,4
8/18/2018 1:00,4,0,4
8/18/2018 2:00,1,0,1
8/18/2018 3:00,3,0,3
8/18/2018 4:00,0,0,0
8/18/2018 5:00,0,0,0
8/18/2018 6:00,1,0,1
8/18/2018 7:00,1,0,1
8/18/2018 8:00,5,1,4
8/18/2018 9:00,8,4,4
8/18/2018 10:00,6,4,2
8/18/2018 11:00,5,2,3
8/18/2018 12:00,4,1,3
8/18/2018 13:00,4,2,2
8/18/2018 14:00,7,3,4
8/18/2018 15:00,9,5,4
8/18/2018 16:00,2,0,2
8/18/2018 17:00,4,0,4
8/18/2018 18:00,8,2,6
8/18/2018 19:00,5,3,2
8/18/2018 20:00,2,2,0
8/18/2018 21:00,3,0,3
8/18/2018 22:00,2,1,1
8/18/2018 23:00,3,1,2
8/19/2018 0:00,1,0,1
8/19/2018 1:00,0,0,0
8/19/2018 2:00,6,1,5
8/19/2018 3:00,1,0,1
8/19/2018 4:00,2,0,2
8/19/2018 5:00,1,1,0
8/19/2018 6:00,0,0,0
8/19/2018 7:00,1,0,1
8/19/2018 8:00,1,1,0
8/19/2018 9:00,3,0,3
8/19/2018 10:00,13,2,11
8/19/2018 11:00,6,0,6
8/19/2018 12:00,9,3,6
8/19/2018 13:00,11,3,8
8/19/2018 14:00,11,2,9
8/19/2018 15:00,9,4,5
8/19/2018 16:00,4,0,4
8/19/2018 17:00,5,1,4
8/19/2018 18:00,6,0,6
8/19/2018 19:00,5,5,0
8/19/2018 20:00,1,0,1
8/19/2018 21:00,0,0,0
8/19/2018 22:00,1,1,0
8/19/2018 23:00,0,0,0
8/20/2018 0:00,0,0,0
8/20/2018 1:00,0,0,0
8/20/2018 2:00,0,0,0
8/20/2018 3:00,0,0,0
8/20/2018 4:00,1,0,1
8/20/2018 5:00,0,0,0
8/20/2018 6:00,1,1,0
8/20/2018 7:00,2,0,2
8/20/2018 8:00,2,0,2
8/20/2018 9:00,2,0,2
8/20/2018 10:00,2,1,1
8/20/2018 11:00,5,1,4
8/20/2018 12:00,2,0,2
8/20/2018 13:00,5,0,5
8/20/2018 14:00,3,1,2
8/20/2018 15:00,6,4,2
8/20/2018 16:00,4,2,2
8/20/2018 17:00,5,1,4
8/20/2018 18:00,9,0,9
8/20/2018 19:00,3,1,2
8/20/2018 20:00,1,0,1
8/20/2018 21:00,2,1,1
8/20/2018 22:00,2,0,2
8/20/2018 23:00,3,1,2
8/21/2018 0:00,0,0,0
8/21/2018 1:00,0,0,0
8/21/2018 2:00,0,0,0
8/21/2018 3:00,0,0,0
8/21/2018 4:00,0,0,0
8/21/2018 5:00,0,0,0
8/21/2018 6:00,2,2,0
8/21/2018 7:00,1,0,1
8/21/2018 8:00,2,0,2
8/21/2018 9:00,0,0,0
8/21/2018 10:00,1,1,0
8/21/2018 11:00,6,3,3
8/21/2018 12:00,13,3,10
8/21/2018 13:00,7,2,5
8/21/2018 14:00,5,2,3
8/21/2018 15:00,7,3,4
8/21/2018 16:00,9,1,8
8/21/2018 17:00,9,2,7
8/21/2018 18:00,8,2,6
8/21/2018 19:00,1,0,1
8/21/2018 20:00,10,1,9
8/21/2018 21:00,1,1,0
8/21/2018 22:00,6,4,2
8/21/2018 23:00,0,0,0
8/22/2018 0:00,1,0,1
8/22/2018 1:00,0,0,0
8/22/2018 2:00,0,0,0
8/22/2018 3:00,1,0,1
8/22/2018 4:00,0,0,0
8/22/2018 5:00,0,0,0
8/22/2018 6:00,1,1,0
8/22/2018 7:00,2,2,0
8/22/2018 8:00,2,0,2
8/22/2018 9:00,3,0,3
8/22/2018 10:00,6,4,2
8/22/2018 11:00,2,1,1
8/22/2018 12:00,10,4,6
8/22/2018 13:00,2,0,2
8/22/2018 14:00,6,1,5
8/22/2018 15:00,6,2,4
8/22/2018 16:00,9,3,6
8/22/2018 17:00,11,7,4
8/22/2018 18:00,5,5,0
8/22/2018 19:00,9,6,3
8/22/2018 20:00,1,1,0
8/22/2018 21:00,3,3,0
8/22/2018 22:00,0,0,0
8/22/2018 23:00,1,1,0
8/23/2018 0:00,0,0,0
8/23/2018 1:00,0,0,0
8/23/2018 2:00,0,0,0
8/23/2018 3:00,0,0,0
8/23/2018 4:00,0,0,0
8/23/2018 5:00,0,0,0
8/23/2018 6:00,2,2,0
8/23/2018 7:00,3,1,2
8/23/2018 8:00,2,1,1
8/23/2018 9:00,2,0,2
8/23/2018 10:00,1,1,0
8/23/2018 11:00,3,1,2
8/23/2018 12:00,3,0,3
8/23/2018 13:00,3,0,3
8/23/2018 14:00,6,1,5
8/23/2018 15:00,3,1,2
8/23/2018 16:00,7,3,4
8/23/2018 17:00,13,6,7
8/23/2018 18:00,4,1,3
8/23/2018 19:00,9,3,6
8/23/2018 20:00,9,1,8
8/23/2018 21:00,6,2,4
8/23/2018 22:00,5,0,5
8/23/2018 23:00,1,0,1
8/24/2018 0:00,3,1,2
8/24/2018 1:00,0,0,0
8/24/2018 2:00,0,0,0
8/24/2018 3:00,0,0,0
8/24/2018 4:00,0,0,0
8/24/2018 5:00,1,0,1
8/24/2018 6:00,0,0,0
8/24/2018 7:00,2,2,0
8/24/2018 8:00,2,2,0
8/24/2018 9:00,1,0,1
8/24/2018 10:00,6,3,3
8/24/2018 11:00,7,2,5
8/24/2018 12:00,1,1,0
8/24/2018 13:00,5,4,1
8/24/2018 14:00,5,3,2
8/24/2018 15:00,4,2,2
8/24/2018 16:00,7,1,6
8/24/2018 17:00,3,1,2
8/24/2018 18:00,9,4,5
8/24/2018 19:00,8,7,1
8/24/2018 20:00,4,2,2
8/24/2018 21:00,1,1,0
8/24/2018 22:00,0,0,0
8/24/2018 23:00,2,0,2
8/25/2018 0:00,0,0,0
8/25/2018 1:00,1,1,0
8/25/2018 2:00,0,0,0
8/25/2018 3:00,0,0,0
8/25/2018 4:00,0,0,0
8/25/2018 5:00,0,0,0
8/25/2018 6:00,1,1,0
8/25/2018 7:00,0,0,0
8/25/2018 8:00,2,1,1
8/25/2018 9:00,3,0,3
8/25/2018 10:00,1,1,0
8/25/2018 11:00,2,1,1
8/25/2018 12:00,2,2,0
8/25/2018 13:00,1,1,0
8/25/2018 14:00,2,2,0
8/25/2018 15:00,3,1,2
8/25/2018 16:00,5,5,0
8/25/2018 17:00,1,1,0
8/25/2018 18:00,1,0,1
8/25/2018 19:00,1,1,0
8/25/2018 20:00,3,2,1
8/25/2018 21:00,1,1,0
8/25/2018 22:00,1,1,0
8/25/2018 23:00,0,0,0
8/26/2018 0:00,0,0,0
8/26/2018 1:00,0,0,0
8/26/2018 2:00,0,0,0
8/26/2018 3:00,0,0,0
8/26/2018 4:00,0,0,0
8/26/2018 5:00,0,0,0
8/26/2018 6:00,1,1,0
8/26/2018 7:00,0,0,0
8/26/2018 8:00,1,1,0
8/26/2018 9:00,4,2,2
8/26/2018 10:00,6,2,4
8/26/2018 11:00,9,7,2
8/26/2018 12:00,8,8,0
8/26/2018 13:00,11,6,5
8/26/2018 14:00,2,1,1
8/26/2018 15:00,6,3,3
8/26/2018 16:00,2,2,0
8/26/2018 17:00,6,4,2
8/26/2018 18:00,4,4,0
8/26/2018 19:00,2,2,0
8/26/2018 20:00,3,3,0
8/26/2018 21:00,0,0,0
8/26/2018 22:00,1,0,1
8/26/2018 23:00,1,0,1
8/27/2018 0:00,0,0,0
8/27/2018 1:00,0,0,0
8/27/2018 2:00,0,0,0
8/27/2018 3:00,0,0,0
8/27/2018 4:00,0,0,0
8/27/2018 5:00,2,1,1
8/27/2018 6:00,1,0,1
8/27/2018 7:00,1,1,0
8/27/2018 8:00,1,0,1
8/27/2018 9:00,2,1,1
8/27/2018 10:00,4,1,3
8/27/2018 11:00,3,1,2
8/27/2018 12:00,12,3,9
8/27/2018 13:00,6,0,6
8/27/2018 14:00,9,3,6
8/27/2018 15:00,9,1,8
8/27/2018 16:00,18,5,13
8/27/2018 17:00,12,3,9
8/27/2018 18:00,7,5,2
8/27/2018 19:00,3,0,3
8/27/2018 20:00,3,1,2
8/27/2018 21:00,5,1,4
8/27/2018 22:00,2,0,2
8/27/2018 23:00,2,0,2
8/28/2018 0:00,0,0,0
8/28/2018 1:00,0,0,0
8/28/2018 2:00,1,1,0
8/28/2018 3:00,0,0,0
8/28/2018 4:00,0,0,0
8/28/2018 5:00,0,0,0
8/28/2018 6:00,0,0,0
8/28/2018 7:00,6,2,4
8/28/2018 8:00,2,0,2
8/28/2018 9:00,1,0,1
8/28/2018 10:00,6,5,1
8/28/2018 11:00,4,2,2
8/28/2018 12:00,8,2,6
8/28/2018 13:00,2,0,2
8/28/2018 14:00,6,1,5
8/28/2018 15:00,6,4,2
8/28/2018 16:00,7,5,2
8/28/2018 17:00,20,15,5
8/28/2018 18:00,11,8,3
8/28/2018 19:00,12,7,5
8/28/2018 20:00,3,1,2
8/28/2018 21:00,4,3,1
8/28/2018 22:00,2,2,0
8/28/2018 23:00,0,0,0
8/29/2018 0:00,0,0,0
8/29/2018 1:00,0,0,0
8/29/2018 2:00,0,0,0
8/29/2018 3:00,0,0,0
8/29/2018 4:00,0,0,0
8/29/2018 5:00,0,0,0
8/29/2018 6:00,0,0,0
8/29/2018 7:00,1,0,1
8/29/2018 8:00,3,3,0
8/29/2018 9:00,4,2,2
8/29/2018 10:00,8,6,2
8/29/2018 11:00,1,1,0
8/29/2018 12:00,7,6,1
8/29/2018 13:00,6,4,2
8/29/2018 14:00,6,4,2
8/29/2018 15:00,11,7,4
8/29/2018 16:00,14,6,8
8/29/2018 17:00,16,13,3
8/29/2018 18:00,12,7,5
8/29/2018 19:00,8,7,1
8/29/2018 20:00,3,2,1
8/29/2018 21:00,1,1,0
8/29/2018 22:00,0,0,0
8/29/2018 23:00,0,0,0
8/30/2018 0:00,1,0,1
8/30/2018 1:00,1,1,0
8/30/2018 2:00,0,0,0
8/30/2018 3:00,0,0,0
8/30/2018 4:00,1,1,0
8/30/2018 5:00,0,0,0
8/30/2018 6:00,2,2,0
8/30/2018 7:00,4,1,3
8/30/2018 8:00,1,0,1
8/30/2018 9:00,2,0,2
8/30/2018 10:00,2,2,0
8/30/2018 11:00,0,0,0
8/30/2018 12:00,1,1,0
8/30/2018 13:00,7,7,0
8/30/2018 14:00,7,6,1
8/30/2018 15:00,13,10,3
8/30/2018 16:00,10,8,2
8/30/2018 17:00,6,2,4
8/30/2018 18:00,16,10,6
8/30/2018 19:00,8,6,2
8/30/2018 20:00,3,3,0
8/30/2018 21:00,2,2,0
8/30/2018 22:00,1,1,0
8/30/2018 23:00,0,0,0
8/31/2018 0:00,1,1,0
8/31/2018 1:00,0,0,0
8/31/2018 2:00,2,1,1
8/31/2018 3:00,0,0,0
8/31/2018 4:00,0,0,0
8/31/2018 5:00,0,0,0
8/31/2018 6:00,0,0,0
8/31/2018 7:00,3,2,1
8/31/2018 8:00,3,3,0
8/31/2018 9:00,4,2,2
8/31/2018 10:00,5,3,2
8/31/2018 11:00,2,0,2
8/31/2018 12:00,8,5,3
8/31/2018 13:00,14,6,8
8/31/2018 14:00,8,5,3
8/31/2018 15:00,9,3,6
8/31/2018 16:00,6,3,3
8/31/2018 17:00,12,6,6
8/31/2018 18:00,6,5,1
8/31/2018 19:00,7,5,2
8/31/2018 20:00,5,5,0
8/31/2018 21:00,1,1,0
8/31/2018 22:00,1,0,1
8/31/2018 23:00,0,0,0
9/1/2018 0:00,4,3,1
9/1/2018 1:00,0,0,0
9/1/2018 2:00,0,0,0
9/1/2018 3:00,0,0,0
9/1/2018 4:00,0,0,0
9/1/2018 5:00,0,0,0
9/1/2018 6:00,1,1,0
9/1/2018 7:00,0,0,0
9/1/2018 8:00,3,0,3
9/1/2018 9:00,7,5,2
9/1/2018 10:00,6,3,3
9/1/2018 11:00,1,1,0
9/1/2018 12:00,9,6,3
9/1/2018 13:00,11,2,9
9/1/2018 14:00,8,5,3
9/1/2018 15:00,13,11,2
9/1/2018 16:00,14,9,5
9/1/2018 17:00,9,4,5
9/1/2018 18:00,12,11,1
9/1/2018 19:00,0,0,0
9/1/2018 20:00,3,2,1
9/1/2018 21:00,1,1,0
9/1/2018 22:00,3,2,1
9/1/2018 23:00,1,0,1
9/2/2018 0:00,5,4,1
9/2/2018 1:00,0,0,0
9/2/2018 2:00,0,0,0
9/2/2018 3:00,0,0,0
9/2/2018 4:00,0,0,0
9/2/2018 5:00,0,0,0
9/2/2018 6:00,2,1,1
9/2/2018 7:00,0,0,0
9/2/2018 8:00,2,2,0
9/2/2018 9:00,2,1,1
9/2/2018 10:00,7,3,4
9/2/2018 11:00,20,12,8
9/2/2018 12:00,11,8,3
9/2/2018 13:00,15,8,7
9/2/2018 14:00,8,5,3
9/2/2018 15:00,2,1,1
9/2/2018 16:00,7,6,1
9/2/2018 17:00,7,5,2
9/2/2018 18:00,9,6,3
9/2/2018 19:00,2,2,0
9/2/2018 20:00,4,3,1
9/2/2018 21:00,2,2,0
9/2/2018 22:00,0,0,0
9/2/2018 23:00,1,0,1
9/3/2018 0:00,0,0,0
9/3/2018 1:00,1,0,1
9/3/2018 2:00,0,0,0
9/3/2018 3:00,1,0,1
9/3/2018 4:00,0,0,0
9/3/2018 5:00,0,0,0
9/3/2018 6:00,1,0,1
9/3/2018 7:00,1,1,0
9/3/2018 8:00,1,1,0
9/3/2018 9:00,0,0,0
9/3/2018 10:00,6,5,1
9/3/2018 11:00,12,5,7
9/3/2018 12:00,10,6,4
9/3/2018 13:00,14,8,6
9/3/2018 14:00,9,7,2
9/3/2018 15:00,9,6,3
9/3/2018 16:00,13,8,5
9/3/2018 17:00,11,10,1
9/3/2018 18:00,10,6,4
9/3/2018 19:00,15,10,5
9/3/2018 20:00,7,3,4
9/3/2018 21:00,2,0,2
9/3/2018 22:00,1,0,1
9/3/2018 23:00,0,0,0
9/4/2018 0:00,0,0,0
9/4/2018 1:00,0,0,0
9/4/2018 2:00,1,0,1
9/4/2018 3:00,0,0,0
9/4/2018 4:00,0,0,0
9/4/2018 5:00,0,0,0
9/4/2018 6:00,2,1,1
9/4/2018 7:00,2,2,0
9/4/2018 8:00,6,2,4
9/4/2018 9:00,4,3,1
9/4/2018 10:00,2,0,2
9/4/2018 11:00,4,1,3
9/4/2018 12:00,3,2,1
9/4/2018 13:00,4,0,4
9/4/2018 14:00,8,2,6
9/4/2018 15:00,6,2,4
9/4/2018 16:00,8,3,5
9/4/2018 17:00,11,10,1
9/4/2018 18:00,10,5,5
9/4/2018 19:00,6,4,2
9/4/2018 20:00,4,4,0
9/4/2018 21:00,4,3,1
9/4/2018 22:00,0,0,0
9/4/2018 23:00,0,0,0
9/5/2018 0:00,0,0,0
9/5/2018 1:00,0,0,0
9/5/2018 2:00,0,0,0
9/5/2018 3:00,0,0,0
9/5/2018 4:00,0,0,0
9/5/2018 5:00,0,0,0
9/5/2018 6:00,1,0,1
9/5/2018 7:00,5,5,0
9/5/2018 8:00,3,2,1
9/5/2018 9:00,5,3,2
9/5/2018 10:00,5,2,3
9/5/2018 11:00,5,4,1
9/5/2018 12:00,17,8,9
9/5/2018 13:00,5,3,2
9/5/2018 14:00,6,5,1
9/5/2018 15:00,5,2,3
9/5/2018 16:00,6,4,2
9/5/2018 17:00,9,5,4
9/5/2018 18:00,12,11,1
9/5/2018 19:00,6,6,0
9/5/2018 20:00,2,2,0
9/5/2018 21:00,2,2,0
9/5/2018 22:00,2,2,0
9/5/2018 23:00,1,1,0
9/6/2018 0:00,1,1,0
9/6/2018 1:00,0,0,0
9/6/2018 2:00,0,0,0
9/6/2018 3:00,0,0,0
9/6/2018 4:00,0,0,0
9/6/2018 5:00,0,0,0
9/6/2018 6:00,2,1,1
9/6/2018 7:00,2,0,2
9/6/2018 8:00,8,3,5
9/6/2018 9:00,4,2,2
9/6/2018 10:00,5,4,1
9/6/2018 11:00,6,2,4
9/6/2018 12:00,2,0,2
9/6/2018 13:00,7,4,3
9/6/2018 14:00,10,8,2
9/6/2018 15:00,6,3,3
9/6/2018 16:00,9,6,3
9/6/2018 17:00,11,6,5
9/6/2018 18:00,15,9,6
9/6/2018 19:00,10,6,4
9/6/2018 20:00,7,5,2
9/6/2018 21:00,2,1,1
9/6/2018 22:00,2,2,0
9/6/2018 23:00,0,0,0
9/7/2018 0:00,0,0,0
9/7/2018 1:00,0,0,0
9/7/2018 2:00,0,0,0
9/7/2018 3:00,0,0,0
9/7/2018 4:00,0,0,0
9/7/2018 5:00,0,0,0
9/7/2018 6:00,1,0,1
9/7/2018 7:00,2,2,0
9/7/2018 8:00,10,7,3
9/7/2018 9:00,3,2,1
9/7/2018 10:00,2,1,1
9/7/2018 11:00,5,4,1
9/7/2018 12:00,3,2,1
9/7/2018 13:00,4,3,1
9/7/2018 14:00,5,2,3
9/7/2018 15:00,6,4,2
9/7/2018 16:00,4,2,2
9/7/2018 17:00,2,1,1
9/7/2018 18:00,3,1,2
9/7/2018 19:00,4,2,2
9/7/2018 20:00,2,2,0
9/7/2018 21:00,1,1,0
9/7/2018 22:00,0,0,0
9/7/2018 23:00,0,0,0
9/8/2018 0:00,0,0,0
9/8/2018 1:00,0,0,0
9/8/2018 2:00,0,0,0
9/8/2018 3:00,0,0,0
9/8/2018 4:00,0,0,0
9/8/2018 5:00,0,0,0
9/8/2018 6:00,0,0,0
9/8/2018 7:00,2,2,0
9/8/2018 8:00,0,0,0
9/8/2018 9:00,1,0,1
9/8/2018 10:00,4,4,0
9/8/2018 11:00,9,6,3
9/8/2018 12:00,4,1,3
9/8/2018 13:00,15,11,4
9/8/2018 14:00,11,9,2
9/8/2018 15:00,8,7,1
9/8/2018 16:00,11,8,3
9/8/2018 17:00,1,1,0
9/8/2018 18:00,7,5,2
9/8/2018 19:00,3,3,0
9/8/2018 20:00,5,5,0
9/8/2018 21:00,2,0,2
9/8/2018 22:00,1,0,1
9/8/2018 23:00,0,0,0
9/9/2018 0:00,0,0,0
9/9/2018 1:00,1,0,1
9/9/2018 2:00,0,0,0
9/9/2018 3:00,0,0,0
9/9/2018 4:00,0,0,0
9/9/2018 5:00,0,0,0
9/9/2018 6:00,1,1,0
9/9/2018 7:00,0,0,0
9/9/2018 8:00,1,1,0
9/9/2018 9:00,1,1,0
9/9/2018 10:00,13,7,6
9/9/2018 11:00,10,7,3
9/9/2018 12:00,16,8,8
9/9/2018 13:00,14,8,6
9/9/2018 14:00,7,6,1
9/9/2018 15:00,16,11,5
9/9/2018 16:00,5,3,2
9/9/2018 17:00,9,8,1
9/9/2018 18:00,7,7,0
9/9/2018 19:00,1,1,0
9/9/2018 20:00,1,1,0
9/9/2018 21:00,1,1,0
9/9/2018 22:00,1,1,0
9/9/2018 23:00,1,1,0
9/10/2018 0:00,0,0,0
9/10/2018 1:00,0,0,0
9/10/2018 2:00,0,0,0
9/10/2018 3:00,0,0,0
9/10/2018 4:00,0,0,0
9/10/2018 5:00,1,1,0
9/10/2018 6:00,0,0,0
9/10/2018 7:00,3,3,0
9/10/2018 8:00,5,4,1
9/10/2018 9:00,3,3,0
9/10/2018 10:00,2,0,2
9/10/2018 11:00,3,1,2
9/10/2018 12:00,4,3,1
9/10/2018 13:00,4,3,1
9/10/2018 14:00,6,2,4
9/10/2018 15:00,3,2,1
9/10/2018 16:00,3,2,1
9/10/2018 17:00,10,9,1
9/10/2018 18:00,12,8,4
9/10/2018 19:00,5,3,2
9/10/2018 20:00,1,1,0
9/10/2018 21:00,0,0,0
9/10/2018 22:00,2,1,1
9/10/2018 23:00,0,0,0
9/11/2018 0:00,0,0,0
9/11/2018 1:00,0,0,0
9/11/2018 2:00,0,0,0
9/11/2018 3:00,0,0,0
9/11/2018 4:00,0,0,0
9/11/2018 5:00,1,1,0
9/11/2018 6:00,2,1,1
9/11/2018 7:00,3,3,0
9/11/2018 8:00,7,3,4
9/11/2018 9:00,2,2,0
9/11/2018 10:00,3,2,1
9/11/2018 11:00,3,1,2
9/11/2018 12:00,5,3,2
9/11/2018 13:00,7,1,6
9/11/2018 14:00,5,4,1
9/11/2018 15:00,6,2,4
9/11/2018 16:00,6,2,4
9/11/2018 17:00,7,6,1
9/11/2018 18:00,4,3,1
9/11/2018 19:00,5,5,0
9/11/2018 20:00,3,0,3
9/11/2018 21:00,3,0,3
9/11/2018 22:00,1,0,1
9/11/2018 23:00,0,0,0
9/12/2018 0:00,0,0,0
9/12/2018 1:00,0,0,0
9/12/2018 2:00,0,0,0
9/12/2018 3:00,0,0,0
9/12/2018 4:00,0,0,0
9/12/2018 5:00,0,0,0
9/12/2018 6:00,0,0,0
9/12/2018 7:00,3,3,0
9/12/2018 8:00,4,3,1
9/12/2018 9:00,5,3,2
9/12/2018 10:00,3,2,1
9/12/2018 11:00,5,5,0
9/12/2018 12:00,2,1,1
9/12/2018 13:00,4,4,0
9/12/2018 14:00,6,2,4
9/12/2018 15:00,9,9,0
9/12/2018 16:00,7,5,2
9/12/2018 17:00,12,11,1
9/12/2018 18:00,12,9,3
9/12/2018 19:00,3,1,2
9/12/2018 20:00,1,1,0
9/12/2018 21:00,3,2,1
9/12/2018 22:00,1,1,0
9/12/2018 23:00,0,0,0
9/13/2018 0:00,0,0,0
9/13/2018 1:00,0,0,0
9/13/2018 2:00,0,0,0
9/13/2018 3:00,0,0,0
9/13/2018 4:00,0,0,0
9/13/2018 5:00,0,0,0
9/13/2018 6:00,1,1,0
9/13/2018 7:00,3,1,2
9/13/2018 8:00,5,3,2
9/13/2018 9:00,4,3,1
9/13/2018 10:00,5,4,1
9/13/2018 11:00,5,4,1
9/13/2018 12:00,3,2,1
9/13/2018 13:00,3,3,0
9/13/2018 14:00,4,2,2
9/13/2018 15:00,7,6,1
9/13/2018 16:00,4,3,1
9/13/2018 17:00,4,3,1
9/13/2018 18:00,9,7,2
9/13/2018 19:00,3,3,0
9/13/2018 20:00,1,1,0
9/13/2018 21:00,2,2,0
9/13/2018 22:00,1,1,0
9/13/2018 23:00,1,1,0
9/14/2018 0:00,0,0,0
9/14/2018 1:00,1,0,1
9/14/2018 2:00,0,0,0
9/14/2018 3:00,0,0,0
9/14/2018 4:00,1,1,0
9/14/2018 5:00,0,0,0
9/14/2018 6:00,0,0,0
9/14/2018 7:00,4,4,0
9/14/2018 8:00,8,7,1
9/14/2018 9:00,0,0,0
9/14/2018 10:00,4,2,2
9/14/2018 11:00,2,0,2
9/14/2018 12:00,5,0,5
9/14/2018 13:00,5,3,2
9/14/2018 14:00,11,7,4
9/14/2018 15:00,5,5,0
9/14/2018 16:00,6,4,2
9/14/2018 17:00,7,5,2
9/14/2018 18:00,4,4,0
9/14/2018 19:00,3,3,0
9/14/2018 20:00,5,4,1
9/14/2018 21:00,4,2,2
9/14/2018 22:00,4,0,4
9/14/2018 23:00,2,0,2
9/15/2018 0:00,5,1,4
9/15/2018 1:00,2,0,2
9/15/2018 2:00,1,0,1
9/15/2018 3:00,0,0,0
9/15/2018 4:00,0,0,0
9/15/2018 5:00,0,0,0
9/15/2018 6:00,0,0,0
9/15/2018 7:00,0,0,0
9/15/2018 8:00,1,0,1
9/15/2018 9:00,1,1,0
9/15/2018 10:00,6,5,1
9/15/2018 11:00,6,5,1
9/15/2018 12:00,5,3,2
9/15/2018 13:00,3,2,1
9/15/2018 14:00,5,1,4
9/15/2018 15:00,6,6,0
9/15/2018 16:00,6,6,0
9/15/2018 17:00,5,4,1
9/15/2018 18:00,1,1,0
9/15/2018 19:00,1,0,1
9/15/2018 20:00,1,1,0
9/15/2018 21:00,0,0,0
9/15/2018 22:00,0,0,0
9/15/2018 23:00,0,0,0
9/16/2018 0:00,0,0,0
9/16/2018 1:00,0,0,0
9/16/2018 2:00,1,1,0
9/16/2018 3:00,0,0,0
9/16/2018 4:00,0,0,0
9/16/2018 5:00,0,0,0
9/16/2018 6:00,0,0,0
9/16/2018 7:00,1,1,0
9/16/2018 8:00,0,0,0
9/16/2018 9:00,0,0,0
9/16/2018 10:00,2,2,0
9/16/2018 11:00,5,0,5
9/16/2018 12:00,10,7,3
9/16/2018 13:00,4,4,0
9/16/2018 14:00,7,4,3
9/16/2018 15:00,5,2,3
9/16/2018 16:00,18,5,13
9/16/2018 17:00,4,3,1
9/16/2018 18:00,10,8,2
9/16/2018 19:00,4,3,1
9/16/2018 20:00,2,2,0
9/16/2018 21:00,1,0,1
9/16/2018 22:00,4,0,4
9/16/2018 23:00,2,0,2
9/17/2018 0:00,4,0,4
9/17/2018 1:00,0,0,0
9/17/2018 2:00,0,0,0
9/17/2018 3:00,0,0,0
9/17/2018 4:00,0,0,0
9/17/2018 5:00,0,0,0
9/17/2018 6:00,4,4,0
9/17/2018 7:00,4,1,3
9/17/2018 8:00,7,4,3
9/17/2018 9:00,3,3,0
9/17/2018 10:00,2,1,1
9/17/2018 11:00,3,0,3
9/17/2018 12:00,0,0,0
9/17/2018 13:00,0,0,0
9/17/2018 14:00,3,3,0
9/17/2018 15:00,0,0,0
9/17/2018 16:00,1,1,0
9/17/2018 17:00,1,1,0
9/17/2018 18:00,0,0,0
9/17/2018 19:00,2,2,0
9/17/2018 20:00,2,2,0
9/17/2018 21:00,1,1,0
9/17/2018 22:00,0,0,0
9/17/2018 23:00,0,0,0
9/18/2018 0:00,0,0,0
9/18/2018 1:00,0,0,0
9/18/2018 2:00,0,0,0
9/18/2018 3:00,0,0,0
9/18/2018 4:00,0,0,0
9/18/2018 5:00,0,0,0
9/18/2018 6:00,1,1,0
9/18/2018 7:00,8,0,8
9/18/2018 8:00,10,0,10
9/18/2018 9:00,6,2,4
9/18/2018 10:00,5,0,5
9/18/2018 11:00,12,1,11
9/18/2018 12:00,10,1,9
9/18/2018 13:00,15,4,11
9/18/2018 14:00,8,1,7
9/18/2018 15:00,9,1,8
9/18/2018 16:00,17,5,12
9/18/2018 17:00,10,4,6
9/18/2018 18:00,23,3,20
9/18/2018 19:00,14,5,9
9/18/2018 20:00,8,1,7
9/18/2018 21:00,4,0,4
9/18/2018 22:00,6,0,6
9/18/2018 23:00,2,0,2
9/19/2018 0:00,1,0,1
9/19/2018 1:00,0,0,0
9/19/2018 2:00,0,0,0
9/19/2018 3:00,0,0,0
9/19/2018 4:00,0,0,0
9/19/2018 5:00,0,0,0
9/19/2018 6:00,5,2,3
9/19/2018 7:00,4,3,1
9/19/2018 8:00,8,2,6
9/19/2018 9:00,11,3,8
9/19/2018 10:00,11,4,7
9/19/2018 11:00,5,1,4
9/19/2018 12:00,12,4,8
9/19/2018 13:00,7,2,5
9/19/2018 14:00,16,3,13
9/19/2018 15:00,9,3,6
9/19/2018 16:00,14,4,10
9/19/2018 17:00,13,5,8
9/19/2018 18:00,22,10,12
9/19/2018 19:00,7,1,6
9/19/2018 20:00,13,4,9
9/19/2018 21:00,5,1,4
9/19/2018 22:00,1,1,0
9/19/2018 23:00,2,0,2
9/20/2018 0:00,2,0,2
9/20/2018 1:00,2,1,1
9/20/2018 2:00,1,0,1
9/20/2018 3:00,0,0,0
9/20/2018 4:00,2,0,2
9/20/2018 5:00,0,0,0
9/20/2018 6:00,4,1,3
9/20/2018 7:00,6,4,2
9/20/2018 8:00,11,3,8
9/20/2018 9:00,9,3,6
9/20/2018 10:00,4,0,4
9/20/2018 11:00,16,1,15
9/20/2018 12:00,9,1,8
9/20/2018 13:00,6,0,6
9/20/2018 14:00,6,2,4
9/20/2018 15:00,10,1,9
9/20/2018 16:00,16,2,14
9/20/2018 17:00,18,9,9
9/20/2018 18:00,16,2,14
9/20/2018 19:00,7,1,6
9/20/2018 20:00,12,5,7
9/20/2018 21:00,3,1,2
9/20/2018 22:00,3,0,3
9/20/2018 23:00,2,0,2
9/21/2018 0:00,0,0,0
9/21/2018 1:00,0,0,0
9/21/2018 2:00,0,0,0
9/21/2018 3:00,1,0,1
9/21/2018 4:00,1,0,1
9/21/2018 5:00,0,0,0
9/21/2018 6:00,1,0,1
9/21/2018 7:00,5,0,5
9/21/2018 8:00,5,1,4
9/21/2018 9:00,4,1,3
9/21/2018 10:00,11,1,10
9/21/2018 11:00,6,3,3
9/21/2018 12:00,13,3,10
9/21/2018 13:00,7,3,4
9/21/2018 14:00,4,0,4
9/21/2018 15:00,13,2,11
9/21/2018 16:00,14,1,13
9/21/2018 17:00,12,3,9
9/21/2018 18:00,12,2,10
9/21/2018 19:00,15,3,12
9/21/2018 20:00,10,1,9
9/21/2018 21:00,7,1,6
9/21/2018 22:00,2,1,1
9/21/2018 23:00,6,0,6
9/22/2018 0:00,5,0,5
9/22/2018 1:00,4,2,2
9/22/2018 2:00,2,2,0
9/22/2018 3:00,1,0,1
9/22/2018 4:00,1,1,0
9/22/2018 5:00,3,1,2
9/22/2018 6:00,2,1,1
9/22/2018 7:00,3,0,3
9/22/2018 8:00,3,0,3
9/22/2018 9:00,5,0,5
9/22/2018 10:00,27,3,24
9/22/2018 11:00,14,3,11
9/22/2018 12:00,22,4,18
9/22/2018 13:00,31,5,26
9/22/2018 14:00,16,4,12
9/22/2018 15:00,18,4,14
9/22/2018 16:00,20,8,12
9/22/2018 17:00,16,3,13
9/22/2018 18:00,12,0,12
9/22/2018 19:00,11,1,10
9/22/2018 20:00,13,0,13
9/22/2018 21:00,4,0,4
9/22/2018 22:00,4,0,4
9/22/2018 23:00,1,0,1
9/23/2018 0:00,5,0,5
9/23/2018 1:00,5,0,5
9/23/2018 2:00,2,0,2
9/23/2018 3:00,1,0,1
9/23/2018 4:00,0,0,0
9/23/2018 5:00,1,0,1
9/23/2018 6:00,0,0,0
9/23/2018 7:00,3,0,3
9/23/2018 8:00,7,2,5
9/23/2018 9:00,2,0,2
9/23/2018 10:00,7,1,6
9/23/2018 11:00,16,3,13
9/23/2018 12:00,12,0,12
9/23/2018 13:00,18,3,15
9/23/2018 14:00,12,3,9
9/23/2018 15:00,18,7,11
9/23/2018 16:00,16,2,14
9/23/2018 17:00,13,2,11
9/23/2018 18:00,10,3,7
9/23/2018 19:00,6,0,6
9/23/2018 20:00,7,1,6
9/23/2018 21:00,3,0,3
9/23/2018 22:00,2,0,2
9/23/2018 23:00,5,0,5
9/24/2018 0:00,7,0,7
9/24/2018 1:00,0,0,0
9/24/2018 2:00,1,0,1
9/24/2018 3:00,0,0,0
9/24/2018 4:00,1,0,1
9/24/2018 5:00,2,0,2
9/24/2018 6:00,4,1,3
9/24/2018 7:00,7,1,6
9/24/2018 8:00,14,1,13
9/24/2018 9:00,12,0,12
9/24/2018 10:00,3,0,3
9/24/2018 11:00,7,2,5
9/24/2018 12:00,12,2,10
9/24/2018 13:00,11,0,11
9/24/2018 14:00,13,2,11
9/24/2018 15:00,12,3,9
9/24/2018 16:00,20,3,17
9/24/2018 17:00,5,0,5
9/24/2018 18:00,19,1,18
9/24/2018 19:00,15,1,14
9/24/2018 20:00,13,0,13
9/24/2018 21:00,8,0,8
9/24/2018 22:00,5,0,5
9/24/2018 23:00,3,0,3
9/25/2018 0:00,3,0,3
9/25/2018 1:00,0,0,0
9/25/2018 2:00,0,0,0
9/25/2018 3:00,0,0,0
9/25/2018 4:00,1,0,1
9/25/2018 5:00,3,0,3
9/25/2018 6:00,5,2,3
9/25/2018 7:00,3,2,1
9/25/2018 8:00,15,2,13
9/25/2018 9:00,10,0,10
9/25/2018 10:00,10,5,5
9/25/2018 11:00,10,1,9
9/25/2018 12:00,8,8,0
9/25/2018 13:00,6,6,0
9/25/2018 14:00,9,9,0
9/25/2018 15:00,10,10,0
9/25/2018 16:00,8,8,0
9/25/2018 17:00,7,6,1
9/25/2018 18:00,5,1,4
9/25/2018 19:00,3,0,3
9/25/2018 20:00,1,1,0
9/25/2018 21:00,0,0,0
9/25/2018 22:00,0,0,0
9/25/2018 23:00,0,0,0
9/26/2018 0:00,0,0,0
9/26/2018 1:00,0,0,0
9/26/2018 2:00,0,0,0
9/26/2018 3:00,0,0,0
9/26/2018 4:00,0,0,0
9/26/2018 5:00,0,0,0
9/26/2018 6:00,0,0,0
9/26/2018 7:00,1,0,1
9/26/2018 8:00,2,1,1
9/26/2018 9:00,4,4,0
9/26/2018 10:00,0,0,0
9/26/2018 11:00,0,0,0
9/26/2018 12:00,0,0,0
9/26/2018 13:00,3,2,1
9/26/2018 14:00,1,0,1
9/26/2018 15:00,3,1,2
9/26/2018 16:00,10,4,6
9/26/2018 17:00,20,14,6
9/26/2018 18:00,18,10,8
9/26/2018 19:00,12,3,9
9/26/2018 20:00,7,4,3
9/26/2018 21:00,2,1,1
9/26/2018 22:00,1,0,1
9/26/2018 23:00,1,0,1
9/27/2018 0:00,0,0,0
9/27/2018 1:00,0,0,0
9/27/2018 2:00,0,0,0
9/27/2018 3:00,0,0,0
9/27/2018 4:00,0,0,0
9/27/2018 5:00,2,1,1
9/27/2018 6:00,0,0,0
9/27/2018 7:00,6,4,2
9/27/2018 8:00,17,10,7
9/27/2018 9:00,6,3,3
9/27/2018 10:00,4,2,2
9/27/2018 11:00,11,5,6
9/27/2018 12:00,4,3,1
9/27/2018 13:00,9,3,6
9/27/2018 14:00,5,3,2
9/27/2018 15:00,10,4,6
9/27/2018 16:00,14,11,3
9/27/2018 17:00,20,7,13
9/27/2018 18:00,16,9,7
9/27/2018 19:00,2,2,0
9/27/2018 20:00,6,2,4
9/27/2018 21:00,3,0,3
9/27/2018 22:00,1,1,0
9/27/2018 23:00,0,0,0
9/28/2018 0:00,1,0,1
9/28/2018 1:00,1,1,0
9/28/2018 2:00,0,0,0
9/28/2018 3:00,0,0,0
9/28/2018 4:00,0,0,0
9/28/2018 5:00,0,0,0
9/28/2018 6:00,2,1,1
9/28/2018 7:00,4,3,1
9/28/2018 8:00,13,7,6
9/28/2018 9:00,7,2,5
9/28/2018 10:00,6,3,3
9/28/2018 11:00,3,3,0
9/28/2018 12:00,20,10,10
9/28/2018 13:00,10,5,5
9/28/2018 14:00,14,6,8
9/28/2018 15:00,22,14,8
9/28/2018 16:00,17,9,8
9/28/2018 17:00,23,17,6
9/28/2018 18:00,10,6,4
9/28/2018 19:00,11,5,6
9/28/2018 20:00,6,2,4
9/28/2018 21:00,1,1,0
9/28/2018 22:00,6,3,3
9/28/2018 23:00,1,1,0
9/29/2018 0:00,1,0,1
9/29/2018 1:00,2,1,1
9/29/2018 2:00,0,0,0
9/29/2018 3:00,0,0,0
9/29/2018 4:00,0,0,0
9/29/2018 5:00,0,0,0
9/29/2018 6:00,0,0,0
9/29/2018 7:00,0,0,0
9/29/2018 8:00,3,1,2
9/29/2018 9:00,7,4,3
9/29/2018 10:00,7,3,4
9/29/2018 11:00,6,3,3
9/29/2018 12:00,17,11,6
9/29/2018 13:00,8,4,4
9/29/2018 14:00,13,5,8
9/29/2018 15:00,14,7,7
9/29/2018 16:00,14,4,10
9/29/2018 17:00,9,4,5
9/29/2018 18:00,8,4,4
9/29/2018 19:00,3,0,3
9/29/2018 20:00,3,2,1
9/29/2018 21:00,0,0,0
9/29/2018 22:00,0,0,0
9/29/2018 23:00,2,1,1
9/30/2018 0:00,3,1,2
9/30/2018 1:00,0,0,0
9/30/2018 2:00,0,0,0
9/30/2018 3:00,0,0,0
9/30/2018 4:00,0,0,0
9/30/2018 5:00,1,0,1
9/30/2018 6:00,1,0,1
9/30/2018 7:00,0,0,0
9/30/2018 8:00,1,1,0
9/30/2018 9:00,10,7,3
9/30/2018 10:00,9,4,5
9/30/2018 11:00,18,13,5
9/30/2018 12:00,23,13,10
9/30/2018 13:00,16,9,7
9/30/2018 14:00,15,4,11
9/30/2018 15:00,18,11,7
9/30/2018 16:00,13,4,9
9/30/2018 17:00,6,5,1
9/30/2018 18:00,2,1,1
9/30/2018 19:00,2,2,0
9/30/2018 20:00,2,0,2
9/30/2018 21:00,4,2,2
9/30/2018 22:00,1,1,0
9/30/2018 23:00,2,1,1
10/1/2018 0:00,1,0,1
10/1/2018 1:00,0,0,0
10/1/2018 2:00,0,0,0
10/1/2018 3:00,0,0,0
10/1/2018 4:00,0,0,0
10/1/2018 5:00,0,0,0
10/1/2018 6:00,4,2,2
10/1/2018 7:00,7,2,5
10/1/2018 8:00,13,7,6
10/1/2018 9:00,8,5,3
10/1/2018 10:00,4,3,1
10/1/2018 11:00,5,3,2
10/1/2018 12:00,6,6,0
10/1/2018 13:00,4,1,3
10/1/2018 14:00,8,5,3
10/1/2018 15:00,3,3,0
10/1/2018 16:00,8,7,1
10/1/2018 17:00,12,6,6
10/1/2018 18:00,10,8,2
10/1/2018 19:00,6,1,5
10/1/2018 20:00,4,2,2
10/1/2018 21:00,0,0,0
10/1/2018 22:00,2,0,2
10/1/2018 23:00,0,0,0
10/2/2018 0:00,1,1,0
10/2/2018 1:00,0,0,0
10/2/2018 2:00,0,0,0
10/2/2018 3:00,0,0,0
10/2/2018 4:00,0,0,0
10/2/2018 5:00,1,0,1
10/2/2018 6:00,2,1,1
10/2/2018 7:00,7,3,4
10/2/2018 8:00,8,4,4
10/2/2018 9:00,1,1,0
10/2/2018 10:00,7,5,2
10/2/2018 11:00,5,2,3
10/2/2018 12:00,6,2,4
10/2/2018 13:00,12,5,7
10/2/2018 14:00,7,2,5
10/2/2018 15:00,11,9,2
10/2/2018 16:00,5,4,1
10/2/2018 17:00,18,12,6
10/2/2018 18:00,13,7,6
10/2/2018 19:00,4,3,1
10/2/2018 20:00,3,1,2
10/2/2018 21:00,1,0,1
10/2/2018 22:00,1,1,0
10/2/2018 23:00,0,0,0
10/3/2018 0:00,1,1,0
10/3/2018 1:00,0,0,0
10/3/2018 2:00,0,0,0
10/3/2018 3:00,0,0,0
10/3/2018 4:00,1,1,0
10/3/2018 5:00,0,0,0
10/3/2018 6:00,2,1,1
10/3/2018 7:00,10,2,8
10/3/2018 8:00,6,3,3
10/3/2018 9:00,6,5,1
10/3/2018 10:00,8,5,3
10/3/2018 11:00,5,3,2
10/3/2018 12:00,10,4,6
10/3/2018 13:00,11,5,6
10/3/2018 14:00,5,3,2
10/3/2018 15:00,14,9,5
10/3/2018 16:00,7,4,3
10/3/2018 17:00,13,6,7
10/3/2018 18:00,13,8,5
10/3/2018 19:00,8,3,5
10/3/2018 20:00,5,1,4
10/3/2018 21:00,4,2,2
10/3/2018 22:00,2,2,0
10/3/2018 23:00,0,0,0
10/4/2018 0:00,0,0,0
10/4/2018 1:00,0,0,0
10/4/2018 2:00,0,0,0
10/4/2018 3:00,0,0,0
10/4/2018 4:00,0,0,0
10/4/2018 5:00,1,0,1
10/4/2018 6:00,0,0,0
10/4/2018 7:00,7,3,4
10/4/2018 8:00,13,5,8
10/4/2018 9:00,5,3,2
10/4/2018 10:00,3,2,1
10/4/2018 11:00,6,3,3
10/4/2018 12:00,10,5,5
10/4/2018 13:00,9,5,4
10/4/2018 14:00,13,5,8
10/4/2018 15:00,3,2,1
10/4/2018 16:00,6,6,0
10/4/2018 17:00,20,15,5
10/4/2018 18:00,16,10,6
10/4/2018 19:00,8,3,5
10/4/2018 20:00,3,1,2
10/4/2018 21:00,3,1,2
10/4/2018 22:00,2,2,0
10/4/2018 23:00,1,0,1
10/5/2018 0:00,1,1,0
10/5/2018 1:00,0,0,0
10/5/2018 2:00,0,0,0
10/5/2018 3:00,0,0,0
10/5/2018 4:00,0,0,0
10/5/2018 5:00,0,0,0
10/5/2018 6:00,2,0,2
10/5/2018 7:00,5,1,4
10/5/2018 8:00,7,6,1
10/5/2018 9:00,7,4,3
10/5/2018 10:00,10,4,6
10/5/2018 11:00,5,1,4
10/5/2018 12:00,7,3,4
10/5/2018 13:00,9,2,7
10/5/2018 14:00,5,3,2
10/5/2018 15:00,12,5,7
10/5/2018 16:00,6,1,5
10/5/2018 17:00,17,2,15
10/5/2018 18:00,7,3,4
10/5/2018 19:00,6,0,6
10/5/2018 20:00,5,2,3
10/5/2018 21:00,9,1,8
10/5/2018 22:00,2,1,1
10/5/2018 23:00,3,0,3
10/6/2018 0:00,4,1,3
10/6/2018 1:00,3,1,2
10/6/2018 2:00,1,0,1
10/6/2018 3:00,1,0,1
10/6/2018 4:00,1,1,0
10/6/2018 5:00,2,0,2
10/6/2018 6:00,2,0,2
10/6/2018 7:00,1,0,1
10/6/2018 8:00,6,2,4
10/6/2018 9:00,14,6,8
10/6/2018 10:00,8,4,4
10/6/2018 11:00,10,4,6
10/6/2018 12:00,15,6,9
10/6/2018 13:00,15,5,10
10/6/2018 14:00,23,8,15
10/6/2018 15:00,18,11,7
10/6/2018 16:00,21,10,11
10/6/2018 17:00,11,6,5
10/6/2018 18:00,4,1,3
10/6/2018 19:00,4,3,1
10/6/2018 20:00,7,4,3
10/6/2018 21:00,2,2,0
10/6/2018 22:00,3,1,2
10/6/2018 23:00,8,1,7
10/7/2018 0:00,1,0,1
10/7/2018 1:00,0,0,0
10/7/2018 2:00,0,0,0
10/7/2018 3:00,0,0,0
10/7/2018 4:00,0,0,0
10/7/2018 5:00,0,0,0
10/7/2018 6:00,1,0,1
10/7/2018 7:00,2,1,1
10/7/2018 8:00,2,0,2
10/7/2018 9:00,7,3,4
10/7/2018 10:00,20,10,10
10/7/2018 11:00,14,8,6
10/7/2018 12:00,6,2,4
10/7/2018 13:00,16,5,11
10/7/2018 14:00,13,8,5
10/7/2018 15:00,8,2,6
10/7/2018 16:00,7,4,3
10/7/2018 17:00,8,3,5
10/7/2018 18:00,8,3,5
10/7/2018 19:00,3,1,2
10/7/2018 20:00,6,2,4
10/7/2018 21:00,1,0,1
10/7/2018 22:00,2,0,2
10/7/2018 23:00,2,0,2
10/8/2018 0:00,0,0,0
10/8/2018 1:00,0,0,0
10/8/2018 2:00,1,0,1
10/8/2018 3:00,0,0,0
10/8/2018 4:00,0,0,0
10/8/2018 5:00,2,0,2
10/8/2018 6:00,2,0,2
10/8/2018 7:00,13,6,7
10/8/2018 8:00,13,5,8
10/8/2018 9:00,10,4,6
10/8/2018 10:00,6,5,1
10/8/2018 11:00,6,3,3
10/8/2018 12:00,7,4,3
10/8/2018 13:00,2,0,2
10/8/2018 14:00,5,1,4
10/8/2018 15:00,4,2,2
10/8/2018 16:00,12,7,5
10/8/2018 17:00,5,3,2
10/8/2018 18:00,7,3,4
10/8/2018 19:00,3,2,1
10/8/2018 20:00,4,1,3
10/8/2018 21:00,3,0,3
10/8/2018 22:00,3,1,2
10/8/2018 23:00,1,0,1
10/9/2018 0:00,0,0,0
10/9/2018 1:00,0,0,0
10/9/2018 2:00,1,1,0
10/9/2018 3:00,0,0,0
10/9/2018 4:00,1,0,1
10/9/2018 5:00,1,0,1
10/9/2018 6:00,1,1,0
10/9/2018 7:00,8,3,5
10/9/2018 8:00,19,9,10
10/9/2018 9:00,11,5,6
10/9/2018 10:00,12,2,10
10/9/2018 11:00,5,1,4
10/9/2018 12:00,9,3,6
10/9/2018 13:00,4,1,3
10/9/2018 14:00,8,2,6
10/9/2018 15:00,7,3,4
10/9/2018 16:00,6,1,5
10/9/2018 17:00,12,9,3
10/9/2018 18:00,17,10,7
10/9/2018 19:00,11,6,5
10/9/2018 20:00,5,3,2
10/9/2018 21:00,3,0,3
10/9/2018 22:00,1,1,0
10/9/2018 23:00,4,4,0
10/10/2018 0:00,0,0,0
10/10/2018 1:00,1,0,1
10/10/2018 2:00,0,0,0
10/10/2018 3:00,0,0,0
10/10/2018 4:00,0,0,0
10/10/2018 5:00,0,0,0
10/10/2018 6:00,3,0,3
10/10/2018 7:00,12,6,6
10/10/2018 8:00,15,9,6
10/10/2018 9:00,12,6,6
10/10/2018 10:00,6,3,3
10/10/2018 11:00,5,3,2
10/10/2018 12:00,11,6,5
10/10/2018 13:00,6,2,4
10/10/2018 14:00,7,5,2
10/10/2018 15:00,6,0,6
10/10/2018 16:00,12,6,6
10/10/2018 17:00,17,8,9
10/10/2018 18:00,20,9,11
10/10/2018 19:00,10,6,4
10/10/2018 20:00,4,2,2
10/10/2018 21:00,1,1,0
10/10/2018 22:00,0,0,0
10/10/2018 23:00,0,0,0
10/11/2018 0:00,0,0,0
10/11/2018 1:00,0,0,0
10/11/2018 2:00,0,0,0
10/11/2018 3:00,0,0,0
10/11/2018 4:00,1,0,1
10/11/2018 5:00,1,0,1
10/11/2018 6:00,2,1,1
10/11/2018 7:00,10,7,3
10/11/2018 8:00,10,5,5
10/11/2018 9:00,17,11,6
10/11/2018 10:00,6,4,2
10/11/2018 11:00,7,3,4
10/11/2018 12:00,6,3,3
10/11/2018 13:00,5,3,2
10/11/2018 14:00,7,2,5
10/11/2018 15:00,9,3,6
10/11/2018 16:00,10,4,6
10/11/2018 17:00,17,6,11
10/11/2018 18:00,18,11,7
10/11/2018 19:00,8,1,7
10/11/2018 20:00,12,6,6
10/11/2018 21:00,0,0,0
10/11/2018 22:00,4,3,1
10/11/2018 23:00,2,0,2
10/12/2018 0:00,3,0,3
10/12/2018 1:00,0,0,0
10/12/2018 2:00,0,0,0
10/12/2018 3:00,2,2,0
10/12/2018 4:00,0,0,0
10/12/2018 5:00,0,0,0
10/12/2018 6:00,0,0,0
10/12/2018 7:00,6,4,2
10/12/2018 8:00,13,8,5
10/12/2018 9:00,8,6,2
10/12/2018 10:00,5,4,1
10/12/2018 11:00,6,5,1
10/12/2018 12:00,6,1,5
10/12/2018 13:00,8,3,5
10/12/2018 14:00,3,1,2
10/12/2018 15:00,11,7,4
10/12/2018 16:00,10,4,6
10/12/2018 17:00,14,4,10
10/12/2018 18:00,5,4,1
10/12/2018 19:00,7,3,4
10/12/2018 20:00,3,0,3
10/12/2018 21:00,1,0,1
10/12/2018 22:00,0,0,0
10/12/2018 23:00,0,0,0
10/13/2018 0:00,1,0,1
10/13/2018 1:00,0,0,0
10/13/2018 2:00,1,1,0
10/13/2018 3:00,0,0,0
10/13/2018 4:00,0,0,0
10/13/2018 5:00,1,0,1
10/13/2018 6:00,0,0,0
10/13/2018 7:00,0,0,0
10/13/2018 8:00,5,4,1
10/13/2018 9:00,13,11,2
10/13/2018 10:00,35,33,2
10/13/2018 11:00,6,5,1
10/13/2018 12:00,10,3,7
10/13/2018 13:00,9,4,5
10/13/2018 14:00,10,4,6
10/13/2018 15:00,6,3,3
10/13/2018 16:00,5,5,0
10/13/2018 17:00,9,5,4
10/13/2018 18:00,7,5,2
10/13/2018 19:00,6,1,5
10/13/2018 20:00,4,1,3
10/13/2018 21:00,1,0,1
10/13/2018 22:00,0,0,0
10/13/2018 23:00,7,2,5
10/14/2018 0:00,0,0,0
10/14/2018 1:00,1,0,1
10/14/2018 2:00,0,0,0
10/14/2018 3:00,0,0,0
10/14/2018 4:00,0,0,0
10/14/2018 5:00,0,0,0
10/14/2018 6:00,0,0,0
10/14/2018 7:00,0,0,0
10/14/2018 8:00,3,2,1
10/14/2018 9:00,3,2,1
10/14/2018 10:00,7,6,1
10/14/2018 11:00,12,7,5
10/14/2018 12:00,13,11,2
10/14/2018 13:00,21,11,10
10/14/2018 14:00,7,4,3
10/14/2018 15:00,18,9,9
10/14/2018 16:00,21,9,12
10/14/2018 17:00,10,5,5
10/14/2018 18:00,8,2,6
10/14/2018 19:00,5,1,4
10/14/2018 20:00,6,4,2
10/14/2018 21:00,1,0,1
10/14/2018 22:00,1,1,0
10/14/2018 23:00,0,0,0
10/15/2018 0:00,1,0,1
10/15/2018 1:00,0,0,0
10/15/2018 2:00,0,0,0
10/15/2018 3:00,0,0,0
10/15/2018 4:00,0,0,0
10/15/2018 5:00,3,1,2
10/15/2018 6:00,2,2,0
10/15/2018 7:00,6,4,2
10/15/2018 8:00,1,1,0
10/15/2018 9:00,8,6,2
10/15/2018 10:00,1,1,0
10/15/2018 11:00,6,4,2
10/15/2018 12:00,6,3,3
10/15/2018 13:00,8,2,6
10/15/2018 14:00,5,2,3
10/15/2018 15:00,4,1,3
10/15/2018 16:00,10,9,1
10/15/2018 17:00,17,9,8
10/15/2018 18:00,17,10,7
10/15/2018 19:00,5,1,4
10/15/2018 20:00,0,0,0
10/15/2018 21:00,1,0,1
10/15/2018 22:00,2,2,0
10/15/2018 23:00,1,0,1
10/16/2018 0:00,0,0,0
10/16/2018 1:00,1,0,1
10/16/2018 2:00,0,0,0
10/16/2018 3:00,0,0,0
10/16/2018 4:00,0,0,0
10/16/2018 5:00,1,1,0
10/16/2018 6:00,2,0,2
10/16/2018 7:00,6,4,2
10/16/2018 8:00,10,4,6
10/16/2018 9:00,4,2,2
10/16/2018 10:00,3,0,3
10/16/2018 11:00,8,3,5
10/16/2018 12:00,6,1,5
10/16/2018 13:00,7,1,6
10/16/2018 14:00,7,2,5
10/16/2018 15:00,7,5,2
10/16/2018 16:00,7,2,5
10/16/2018 17:00,16,2,14
10/16/2018 18:00,8,1,7
10/16/2018 19:00,9,3,6
10/16/2018 20:00,5,1,4
10/16/2018 21:00,1,0,1
10/16/2018 22:00,2,0,2
10/16/2018 23:00,2,0,2
10/17/2018 0:00,0,0,0
10/17/2018 1:00,0,0,0
10/17/2018 2:00,0,0,0
10/17/2018 3:00,0,0,0
10/17/2018 4:00,0,0,0
10/17/2018 5:00,0,0,0
10/17/2018 6:00,3,1,2
10/17/2018 7:00,5,1,4
10/17/2018 8:00,9,3,6
10/17/2018 9:00,7,2,5
10/17/2018 10:00,5,3,2
10/17/2018 11:00,7,3,4
10/17/2018 12:00,6,2,4
10/17/2018 13:00,3,1,2
10/17/2018 14:00,2,0,2
10/17/2018 15:00,6,3,3
10/17/2018 16:00,8,1,7
10/17/2018 17:00,18,5,13
10/17/2018 18:00,10,2,8
10/17/2018 19:00,7,1,6
10/17/2018 20:00,1,0,1
10/17/2018 21:00,2,0,2
10/17/2018 22:00,1,0,1
10/17/2018 23:00,0,0,0
10/18/2018 0:00,1,1,0
10/18/2018 1:00,0,0,0
10/18/2018 2:00,1,0,1
10/18/2018 3:00,0,0,0
10/18/2018 4:00,0,0,0
10/18/2018 5:00,0,0,0
10/18/2018 6:00,2,0,2
10/18/2018 7:00,6,4,2
10/18/2018 8:00,12,2,10
10/18/2018 9:00,6,3,3
10/18/2018 10:00,3,1,2
10/18/2018 11:00,3,0,3
10/18/2018 12:00,7,2,5
10/18/2018 13:00,5,4,1
10/18/2018 14:00,6,1,5
10/18/2018 15:00,10,2,8
10/18/2018 16:00,12,1,11
10/18/2018 17:00,12,6,6
10/18/2018 18:00,8,5,3
10/18/2018 19:00,13,4,9
10/18/2018 20:00,8,4,4
10/18/2018 21:00,0,0,0
10/18/2018 22:00,1,0,1
10/18/2018 23:00,3,1,2
10/19/2018 0:00,1,1,0
10/19/2018 1:00,0,0,0
10/19/2018 2:00,0,0,0
10/19/2018 3:00,0,0,0
10/19/2018 4:00,0,0,0
10/19/2018 5:00,0,0,0
10/19/2018 6:00,4,2,2
10/19/2018 7:00,8,1,7
10/19/2018 8:00,14,8,6
10/19/2018 9:00,4,3,1
10/19/2018 10:00,4,2,2
10/19/2018 11:00,7,3,4
10/19/2018 12:00,7,2,5
10/19/2018 13:00,8,2,6
10/19/2018 14:00,6,4,2
10/19/2018 15:00,5,1,4
10/19/2018 16:00,13,4,9
10/19/2018 17:00,9,3,6
10/19/2018 18:00,8,4,4
10/19/2018 19:00,6,1,5
10/19/2018 20:00,3,0,3
10/19/2018 21:00,2,0,2
10/19/2018 22:00,2,0,2
10/19/2018 23:00,1,0,1
10/20/2018 0:00,2,1,1
10/20/2018 1:00,1,0,1
10/20/2018 2:00,0,0,0
10/20/2018 3:00,0,0,0
10/20/2018 4:00,1,1,0
10/20/2018 5:00,0,0,0
10/20/2018 6:00,0,0,0
10/20/2018 7:00,3,0,3
10/20/2018 8:00,1,0,1
10/20/2018 9:00,4,1,3
10/20/2018 10:00,7,3,4
10/20/2018 11:00,10,6,4
10/20/2018 12:00,8,1,7
10/20/2018 13:00,11,1,10
10/20/2018 14:00,7,4,3
10/20/2018 15:00,14,5,9
10/20/2018 16:00,10,6,4
10/20/2018 17:00,13,6,7
10/20/2018 18:00,9,4,5
10/20/2018 19:00,4,1,3
10/20/2018 20:00,3,0,3
10/20/2018 21:00,1,0,1
10/20/2018 22:00,0,0,0
10/20/2018 23:00,0,0,0
10/21/2018 0:00,0,0,0
10/21/2018 1:00,0,0,0
10/21/2018 2:00,0,0,0
10/21/2018 3:00,0,0,0
10/21/2018 4:00,0,0,0
10/21/2018 5:00,0,0,0
10/21/2018 6:00,0,0,0
10/21/2018 7:00,3,0,3
10/21/2018 8:00,1,0,1
10/21/2018 9:00,3,1,2
10/21/2018 10:00,10,8,2
10/21/2018 11:00,11,4,7
10/21/2018 12:00,16,7,9
10/21/2018 13:00,9,3,6
10/21/2018 14:00,10,3,7
10/21/2018 15:00,14,3,11
10/21/2018 16:00,9,2,7
10/21/2018 17:00,11,4,7
10/21/2018 18:00,9,1,8
10/21/2018 19:00,3,3,0
10/21/2018 20:00,1,0,1
10/21/2018 21:00,1,0,1
10/21/2018 22:00,1,0,1
10/21/2018 23:00,0,0,0
10/22/2018 0:00,0,0,0
10/22/2018 1:00,0,0,0
10/22/2018 2:00,0,0,0
10/22/2018 3:00,0,0,0
10/22/2018 4:00,0,0,0
10/22/2018 5:00,1,1,0
10/22/2018 6:00,2,0,2
10/22/2018 7:00,8,0,8
10/22/2018 8:00,10,5,5
10/22/2018 9:00,3,1,2
10/22/2018 10:00,5,2,3
10/22/2018 11:00,7,3,4
10/22/2018 12:00,11,4,7
10/22/2018 13:00,9,1,8
10/22/2018 14:00,7,2,5
10/22/2018 15:00,6,1,5
10/22/2018 16:00,3,1,2
10/22/2018 17:00,18,6,12
10/22/2018 18:00,8,4,4
10/22/2018 19:00,3,0,3
10/22/2018 20:00,3,0,3
10/22/2018 21:00,0,0,0
10/22/2018 22:00,0,0,0
10/22/2018 23:00,0,0,0
10/23/2018 0:00,1,0,1
10/23/2018 1:00,0,0,0
10/23/2018 2:00,0,0,0
10/23/2018 3:00,0,0,0
10/23/2018 4:00,0,0,0
10/23/2018 5:00,1,0,1
10/23/2018 6:00,1,1,0
10/23/2018 7:00,6,0,6
10/23/2018 8:00,13,5,8
10/23/2018 9:00,4,3,1
10/23/2018 10:00,3,2,1
10/23/2018 11:00,4,1,3
10/23/2018 12:00,12,3,9
10/23/2018 13:00,8,5,3
10/23/2018 14:00,6,1,5
10/23/2018 15:00,9,4,5
10/23/2018 16:00,16,7,9
10/23/2018 17:00,24,13,11
10/23/2018 18:00,13,3,10
10/23/2018 19:00,8,2,6
10/23/2018 20:00,2,2,0
10/23/2018 21:00,1,0,1
10/23/2018 22:00,1,1,0
10/23/2018 23:00,0,0,0
10/24/2018 0:00,0,0,0
10/24/2018 1:00,1,0,1
10/24/2018 2:00,0,0,0
10/24/2018 3:00,0,0,0
10/24/2018 4:00,1,0,1
10/24/2018 5:00,0,0,0
10/24/2018 6:00,0,0,0
10/24/2018 7:00,10,2,8
10/24/2018 8:00,12,7,5
10/24/2018 9:00,6,4,2
10/24/2018 10:00,6,4,2
10/24/2018 11:00,12,9,3
10/24/2018 12:00,9,4,5
10/24/2018 13:00,4,3,1
10/24/2018 14:00,9,1,8
10/24/2018 15:00,7,4,3
10/24/2018 16:00,7,1,6
10/24/2018 17:00,17,7,10
10/24/2018 18:00,16,8,8
10/24/2018 19:00,6,4,2
10/24/2018 20:00,1,0,1
10/24/2018 21:00,2,1,1
10/24/2018 22:00,2,2,0
10/24/2018 23:00,1,1,0
10/25/2018 0:00,0,0,0
10/25/2018 1:00,2,2,0
10/25/2018 2:00,0,0,0
10/25/2018 3:00,1,0,1
10/25/2018 4:00,0,0,0
10/25/2018 5:00,0,0,0
10/25/2018 6:00,4,1,3
10/25/2018 7:00,8,4,4
10/25/2018 8:00,5,2,3
10/25/2018 9:00,6,4,2
10/25/2018 10:00,3,3,0
10/25/2018 11:00,4,1,3
10/25/2018 12:00,7,6,1
10/25/2018 13:00,3,0,3
10/25/2018 14:00,7,3,4
10/25/2018 15:00,5,3,2
10/25/2018 16:00,6,5,1
10/25/2018 17:00,12,7,5
10/25/2018 18:00,6,3,3
10/25/2018 19:00,4,2,2
10/25/2018 20:00,2,0,2
10/25/2018 21:00,5,2,3
10/25/2018 22:00,3,1,2
10/25/2018 23:00,4,1,3
10/26/2018 0:00,0,0,0
10/26/2018 1:00,0,0,0
10/26/2018 2:00,0,0,0
10/26/2018 3:00,1,1,0
10/26/2018 4:00,0,0,0
10/26/2018 5:00,0,0,0
10/26/2018 6:00,2,1,1
10/26/2018 7:00,4,1,3
10/26/2018 8:00,11,6,5
10/26/2018 9:00,5,2,3
10/26/2018 10:00,1,0,1
10/26/2018 11:00,6,3,3
10/26/2018 12:00,5,3,2
10/26/2018 13:00,9,3,6
10/26/2018 14:00,6,3,3
10/26/2018 15:00,5,4,1
10/26/2018 16:00,3,1,2
10/26/2018 17:00,9,3,6
10/26/2018 18:00,7,1,6
10/26/2018 19:00,6,3,3
10/26/2018 20:00,5,2,3
10/26/2018 21:00,1,0,1
10/26/2018 22:00,1,1,0
10/26/2018 23:00,1,0,1
10/27/2018 0:00,0,0,0
10/27/2018 1:00,0,0,0
10/27/2018 2:00,0,0,0
10/27/2018 3:00,0,0,0
10/27/2018 4:00,0,0,0
10/27/2018 5:00,0,0,0
10/27/2018 6:00,0,0,0
10/27/2018 7:00,2,1,1
10/27/2018 8:00,3,3,0
10/27/2018 9:00,6,5,1
10/27/2018 10:00,2,2,0
10/27/2018 11:00,8,7,1
10/27/2018 12:00,5,1,4
10/27/2018 13:00,15,4,11
10/27/2018 14:00,9,3,6
10/27/2018 15:00,7,4,3
10/27/2018 16:00,8,4,4
10/27/2018 17:00,6,0,6
10/27/2018 18:00,2,0,2
10/27/2018 19:00,0,0,0
10/27/2018 20:00,2,0,2
10/27/2018 21:00,1,0,1
10/27/2018 22:00,2,0,2
10/27/2018 23:00,1,0,1
10/28/2018 0:00,0,0,0
10/28/2018 1:00,0,0,0
10/28/2018 2:00,0,0,0
10/28/2018 3:00,0,0,0
10/28/2018 4:00,0,0,0
10/28/2018 5:00,0,0,0
10/28/2018 6:00,0,0,0
10/28/2018 7:00,1,0,1
10/28/2018 8:00,0,0,0
10/28/2018 9:00,2,1,1
10/28/2018 10:00,1,0,1
10/28/2018 11:00,5,1,4
10/28/2018 12:00,5,3,2
10/28/2018 13:00,11,5,6
10/28/2018 14:00,5,2,3
10/28/2018 15:00,9,5,4
10/28/2018 16:00,9,5,4
10/28/2018 17:00,5,4,1
10/28/2018 18:00,1,1,0
10/28/2018 19:00,1,1,0
10/28/2018 20:00,2,1,1
10/28/2018 21:00,1,1,0
10/28/2018 22:00,0,0,0
10/28/2018 23:00,0,0,0
10/29/2018 0:00,0,0,0
10/29/2018 1:00,0,0,0
10/29/2018 2:00,0,0,0
10/29/2018 3:00,0,0,0
10/29/2018 4:00,1,1,0
10/29/2018 5:00,1,0,1
10/29/2018 6:00,1,1,0
10/29/2018 7:00,5,2,3
10/29/2018 8:00,7,3,4
10/29/2018 9:00,10,6,4
10/29/2018 10:00,2,1,1
10/29/2018 11:00,5,4,1
10/29/2018 12:00,7,4,3
10/29/2018 13:00,0,0,0
10/29/2018 14:00,5,2,3
10/29/2018 15:00,10,4,6
10/29/2018 16:00,4,4,0
10/29/2018 17:00,11,4,7
10/29/2018 18:00,13,8,5
10/29/2018 19:00,6,3,3
10/29/2018 20:00,1,0,1
10/29/2018 21:00,2,1,1
10/29/2018 22:00,2,1,1
10/29/2018 23:00,2,0,2
10/30/2018 0:00,0,0,0
10/30/2018 1:00,0,0,0
10/30/2018 2:00,0,0,0
10/30/2018 3:00,0,0,0
10/30/2018 4:00,2,2,0
10/30/2018 5:00,1,0,1
10/30/2018 6:00,2,2,0
10/30/2018 7:00,6,2,4
10/30/2018 8:00,13,8,5
10/30/2018 9:00,5,3,2
10/30/2018 10:00,2,2,0
10/30/2018 11:00,3,2,1
10/30/2018 12:00,4,4,0
10/30/2018 13:00,0,0,0
10/30/2018 14:00,5,3,2
10/30/2018 15:00,16,8,8
10/30/2018 16:00,13,5,8
10/30/2018 17:00,15,3,12
10/30/2018 18:00,17,9,8
10/30/2018 19:00,13,6,7
10/30/2018 20:00,6,2,4
10/30/2018 21:00,5,1,4
10/30/2018 22:00,0,0,0
10/30/2018 23:00,0,0,0
10/31/2018 0:00,0,0,0
10/31/2018 1:00,0,0,0
10/31/2018 2:00,0,0,0
10/31/2018 3:00,0,0,0
10/31/2018 4:00,0,0,0
10/31/2018 5:00,2,0,2
10/31/2018 6:00,3,3,0
10/31/2018 7:00,5,2,3
10/31/2018 8:00,5,2,3
10/31/2018 9:00,8,7,1
10/31/2018 10:00,8,6,2
10/31/2018 11:00,6,5,1
10/31/2018 12:00,8,6,2
10/31/2018 13:00,8,1,7
10/31/2018 14:00,7,7,0
10/31/2018 15:00,8,5,3
10/31/2018 16:00,11,8,3
10/31/2018 17:00,12,6,6
10/31/2018 18:00,9,5,4
10/31/2018 19:00,2,0,2
10/31/2018 20:00,4,1,3
10/31/2018 21:00,3,2,1
10/31/2018 22:00,3,0,3
10/31/2018 23:00,1,1,0
11/1/2018 0:00,0,0,0
11/1/2018 1:00,0,0,0
11/1/2018 2:00,1,1,0
11/1/2018 3:00,0,0,0
11/1/2018 4:00,0,0,0
11/1/2018 5:00,0,0,0
11/1/2018 6:00,2,0,2
11/1/2018 7:00,6,4,2
11/1/2018 8:00,8,3,5
11/1/2018 9:00,8,6,2
11/1/2018 10:00,4,3,1
11/1/2018 11:00,4,0,4
11/1/2018 12:00,10,6,4
11/1/2018 13:00,4,3,1
11/1/2018 14:00,7,3,4
11/1/2018 15:00,5,1,4
11/1/2018 16:00,12,8,4
11/1/2018 17:00,20,11,9
11/1/2018 18:00,12,7,5
11/1/2018 19:00,6,1,5
11/1/2018 20:00,3,0,3
11/1/2018 21:00,3,2,1
11/1/2018 22:00,2,1,1
11/1/2018 23:00,2,1,1
11/2/2018 0:00,0,0,0
11/2/2018 1:00,4,1,3
11/2/2018 2:00,0,0,0
11/2/2018 3:00,0,0,0
11/2/2018 4:00,1,1,0
11/2/2018 5:00,0,0,0
11/2/2018 6:00,2,2,0
11/2/2018 7:00,6,3,3
11/2/2018 8:00,6,4,2
11/2/2018 9:00,7,4,3
11/2/2018 10:00,3,3,0
11/2/2018 11:00,6,3,3
11/2/2018 12:00,6,4,2
11/2/2018 13:00,6,4,2
11/2/2018 14:00,11,7,4
11/2/2018 15:00,11,7,4
11/2/2018 16:00,10,5,5
11/2/2018 17:00,17,8,9
11/2/2018 18:00,13,7,6
11/2/2018 19:00,4,2,2
11/2/2018 20:00,6,3,3
11/2/2018 21:00,1,1,0
11/2/2018 22:00,1,0,1
11/2/2018 23:00,4,2,2
11/3/2018 0:00,1,1,0
11/3/2018 1:00,2,1,1
11/3/2018 2:00,1,1,0
11/3/2018 3:00,0,0,0
11/3/2018 4:00,0,0,0
11/3/2018 5:00,0,0,0
11/3/2018 6:00,2,0,2
11/3/2018 7:00,0,0,0
11/3/2018 8:00,1,0,1
11/3/2018 9:00,3,2,1
11/3/2018 10:00,5,5,0
11/3/2018 11:00,5,3,2
11/3/2018 12:00,9,6,3
11/3/2018 13:00,8,7,1
11/3/2018 14:00,0,0,0
11/3/2018 15:00,6,4,2
11/3/2018 16:00,4,4,0
11/3/2018 17:00,3,2,1
11/3/2018 18:00,4,1,3
11/3/2018 19:00,2,1,1
11/3/2018 20:00,0,0,0
11/3/2018 21:00,1,0,1
11/3/2018 22:00,2,0,2
11/3/2018 23:00,0,0,0
11/4/2018 0:00,2,1,1
11/4/2018 1:00,0,0,0
11/4/2018 2:00,0,0,0
11/4/2018 3:00,0,0,0
11/4/2018 4:00,0,0,0
11/4/2018 5:00,0,0,0
11/4/2018 6:00,1,0,1
11/4/2018 7:00,1,0,1
11/4/2018 8:00,3,3,0
11/4/2018 9:00,6,2,4
11/4/2018 10:00,12,7,5
11/4/2018 11:00,7,2,5
11/4/2018 12:00,16,10,6
11/4/2018 13:00,23,13,10
11/4/2018 14:00,11,7,4
11/4/2018 15:00,7,2,5
11/4/2018 16:00,7,3,4
11/4/2018 17:00,7,3,4
11/4/2018 18:00,3,2,1
11/4/2018 19:00,2,1,1
11/4/2018 20:00,2,0,2
11/4/2018 21:00,2,2,0
11/4/2018 22:00,1,0,1
11/4/2018 23:00,3,2,1
11/5/2018 0:00,0,0,0
11/5/2018 1:00,0,0,0
11/5/2018 2:00,0,0,0
11/5/2018 3:00,0,0,0
11/5/2018 4:00,0,0,0
11/5/2018 5:00,1,0,1
11/5/2018 6:00,4,4,0
11/5/2018 7:00,12,3,9
11/5/2018 8:00,10,4,6
11/5/2018 9:00,8,6,2
11/5/2018 10:00,8,6,2
11/5/2018 11:00,6,4,2
11/5/2018 12:00,2,1,1
11/5/2018 13:00,7,4,3
11/5/2018 14:00,7,4,3
11/5/2018 15:00,13,7,6
11/5/2018 16:00,16,10,6
11/5/2018 17:00,12,7,5
11/5/2018 18:00,10,6,4
11/5/2018 19:00,8,1,7
11/5/2018 20:00,2,2,0
11/5/2018 21:00,1,1,0
11/5/2018 22:00,1,0,1
11/5/2018 23:00,1,0,1
11/6/2018 0:00,3,3,0
11/6/2018 1:00,0,0,0
11/6/2018 2:00,0,0,0
11/6/2018 3:00,0,0,0
11/6/2018 4:00,0,0,0
11/6/2018 5:00,2,1,1
11/6/2018 6:00,5,5,0
11/6/2018 7:00,9,6,3
11/6/2018 8:00,17,12,5
11/6/2018 9:00,16,14,2
11/6/2018 10:00,8,7,1
11/6/2018 11:00,5,2,3
11/6/2018 12:00,11,6,5
11/6/2018 13:00,12,7,5
11/6/2018 14:00,9,5,4
11/6/2018 15:00,17,10,7
11/6/2018 16:00,13,7,6
11/6/2018 17:00,22,10,12
11/6/2018 18:00,16,7,9
11/6/2018 19:00,11,7,4
11/6/2018 20:00,3,3,0
11/6/2018 21:00,3,2,1
11/6/2018 22:00,4,2,2
11/6/2018 23:00,2,1,1
11/7/2018 0:00,0,0,0
11/7/2018 1:00,1,0,1
11/7/2018 2:00,0,0,0
11/7/2018 3:00,1,0,1
11/7/2018 4:00,0,0,0
11/7/2018 5:00,0,0,0
11/7/2018 6:00,5,3,2
11/7/2018 7:00,6,3,3
11/7/2018 8:00,13,10,3
11/7/2018 9:00,5,4,1
11/7/2018 10:00,7,7,0
11/7/2018 11:00,7,2,5
11/7/2018 12:00,7,4,3
11/7/2018 13:00,7,5,2
11/7/2018 14:00,10,3,7
11/7/2018 15:00,9,7,2
11/7/2018 16:00,4,2,2
11/7/2018 17:00,13,7,6
11/7/2018 18:00,13,2,11
11/7/2018 19:00,5,3,2
11/7/2018 20:00,4,2,2
11/7/2018 21:00,0,0,0
11/7/2018 22:00,4,2,2
11/7/2018 23:00,0,0,0
11/8/2018 0:00,0,0,0
11/8/2018 1:00,0,0,0
11/8/2018 2:00,0,0,0
11/8/2018 3:00,3,2,1
11/8/2018 4:00,1,0,1
11/8/2018 5:00,0,0,0
11/8/2018 6:00,3,3,0
11/8/2018 7:00,8,3,5
11/8/2018 8:00,5,3,2
11/8/2018 9:00,6,1,5
11/8/2018 10:00,4,4,0
11/8/2018 11:00,5,3,2
11/8/2018 12:00,9,6,3
11/8/2018 13:00,10,5,5
11/8/2018 14:00,10,5,5
11/8/2018 15:00,8,7,1
11/8/2018 16:00,14,9,5
11/8/2018 17:00,22,12,10
11/8/2018 18:00,9,5,4
11/8/2018 19:00,6,1,5
11/8/2018 20:00,1,1,0
11/8/2018 21:00,3,2,1
11/8/2018 22:00,1,1,0
11/8/2018 23:00,0,0,0
11/9/2018 0:00,0,0,0
11/9/2018 1:00,1,1,0
11/9/2018 2:00,0,0,0
11/9/2018 3:00,1,1,0
11/9/2018 4:00,0,0,0
11/9/2018 5:00,0,0,0
11/9/2018 6:00,4,2,2
11/9/2018 7:00,3,0,3
11/9/2018 8:00,17,8,9
11/9/2018 9:00,4,3,1
11/9/2018 10:00,2,2,0
11/9/2018 11:00,6,6,0
11/9/2018 12:00,4,4,0
11/9/2018 13:00,13,8,5
11/9/2018 14:00,11,6,5
11/9/2018 15:00,10,3,7
11/9/2018 16:00,8,3,5
11/9/2018 17:00,4,3,1
11/9/2018 18:00,7,5,2
11/9/2018 19:00,3,0,3
11/9/2018 20:00,2,1,1
11/9/2018 21:00,0,0,0
11/9/2018 22:00,0,0,0
11/9/2018 23:00,0,0,0
11/10/2018 0:00,0,0,0
11/10/2018 1:00,2,0,2
11/10/2018 2:00,0,0,0
11/10/2018 3:00,0,0,0
11/10/2018 4:00,0,0,0
11/10/2018 5:00,1,0,1
11/10/2018 6:00,1,0,1
11/10/2018 7:00,0,0,0
11/10/2018 8:00,2,2,0
11/10/2018 9:00,5,4,1
11/10/2018 10:00,4,3,1
11/10/2018 11:00,8,4,4
11/10/2018 12:00,11,8,3
11/10/2018 13:00,13,3,10
11/10/2018 14:00,12,7,5
11/10/2018 15:00,12,6,6
11/10/2018 16:00,16,6,10
11/10/2018 17:00,6,3,3
11/10/2018 18:00,5,2,3
11/10/2018 19:00,2,0,2
11/10/2018 20:00,2,1,1
11/10/2018 21:00,0,0,0
11/10/2018 22:00,2,0,2
11/10/2018 23:00,1,1,0
11/11/2018 0:00,2,1,1
11/11/2018 1:00,0,0,0
11/11/2018 2:00,0,0,0
11/11/2018 3:00,0,0,0
11/11/2018 4:00,0,0,0
11/11/2018 5:00,0,0,0
11/11/2018 6:00,0,0,0
11/11/2018 7:00,0,0,0
11/11/2018 8:00,2,1,1
11/11/2018 9:00,1,0,1
11/11/2018 10:00,12,11,1
11/11/2018 11:00,12,11,1
11/11/2018 12:00,18,10,8
11/11/2018 13:00,18,11,7
11/11/2018 14:00,5,4,1
11/11/2018 15:00,9,5,4
11/11/2018 16:00,9,3,6
11/11/2018 17:00,5,3,2
11/11/2018 18:00,2,1,1
11/11/2018 19:00,5,3,2
11/11/2018 20:00,0,0,0
11/11/2018 21:00,2,0,2
11/11/2018 22:00,1,1,0
11/11/2018 23:00,0,0,0
11/12/2018 0:00,2,0,2
11/12/2018 1:00,0,0,0
11/12/2018 2:00,0,0,0
11/12/2018 3:00,0,0,0
11/12/2018 4:00,0,0,0
11/12/2018 5:00,2,1,1
11/12/2018 6:00,1,0,1
11/12/2018 7:00,4,2,2
11/12/2018 8:00,8,5,3
11/12/2018 9:00,7,5,2
11/12/2018 10:00,6,3,3
11/12/2018 11:00,12,5,7
11/12/2018 12:00,13,5,8
11/12/2018 13:00,5,3,2
11/12/2018 14:00,19,10,9
11/12/2018 15:00,13,8,5
11/12/2018 16:00,11,6,5
11/12/2018 17:00,8,2,6
11/12/2018 18:00,6,4,2
11/12/2018 19:00,3,3,0
11/12/2018 20:00,1,0,1
11/12/2018 21:00,0,0,0
11/12/2018 22:00,2,0,2
11/12/2018 23:00,0,0,0
11/13/2018 0:00,0,0,0
11/13/2018 1:00,1,1,0
11/13/2018 2:00,0,0,0
11/13/2018 3:00,0,0,0
11/13/2018 4:00,0,0,0
11/13/2018 5:00,2,1,1
11/13/2018 6:00,4,3,1
11/13/2018 7:00,7,2,5
11/13/2018 8:00,12,7,5
11/13/2018 9:00,5,3,2
11/13/2018 10:00,7,6,1
11/13/2018 11:00,7,5,2
11/13/2018 12:00,4,4,0
11/13/2018 13:00,8,4,4
11/13/2018 14:00,8,4,4
11/13/2018 15:00,10,5,5
11/13/2018 16:00,11,6,5
11/13/2018 17:00,17,8,9
11/13/2018 18:00,10,8,2
11/13/2018 19:00,10,5,5
11/13/2018 20:00,6,1,5
11/13/2018 21:00,4,1,3
11/13/2018 22:00,0,0,0
11/13/2018 23:00,0,0,0
11/14/2018 0:00,0,0,0
11/14/2018 1:00,0,0,0
11/14/2018 2:00,1,0,1
11/14/2018 3:00,0,0,0
11/14/2018 4:00,0,0,0
11/14/2018 5:00,1,1,0
11/14/2018 6:00,2,1,1
11/14/2018 7:00,6,3,3
11/14/2018 8:00,5,3,2
11/14/2018 9:00,5,5,0
11/14/2018 10:00,2,1,1
11/14/2018 11:00,7,6,1
11/14/2018 12:00,10,7,3
11/14/2018 13:00,4,1,3
11/14/2018 14:00,13,11,2
11/14/2018 15:00,4,1,3
11/14/2018 16:00,9,6,3
11/14/2018 17:00,7,4,3
11/14/2018 18:00,17,8,9
11/14/2018 19:00,7,4,3
11/14/2018 20:00,4,0,4
11/14/2018 21:00,5,4,1
11/14/2018 22:00,1,1,0
11/14/2018 23:00,0,0,0
11/15/2018 0:00,0,0,0
11/15/2018 1:00,0,0,0
11/15/2018 2:00,0,0,0
11/15/2018 3:00,1,1,0
11/15/2018 4:00,0,0,0
11/15/2018 5:00,0,0,0
11/15/2018 6:00,5,4,1
11/15/2018 7:00,5,3,2
11/15/2018 8:00,13,8,5
11/15/2018 9:00,9,6,3
11/15/2018 10:00,5,5,0
11/15/2018 11:00,10,7,3
11/15/2018 12:00,6,3,3
11/15/2018 13:00,5,1,4
11/15/2018 14:00,10,7,3
11/15/2018 15:00,17,12,5
11/15/2018 16:00,12,3,9
11/15/2018 17:00,10,5,5
11/15/2018 18:00,10,6,4
11/15/2018 19:00,12,8,4
11/15/2018 20:00,10,2,8
11/15/2018 21:00,5,3,2
11/15/2018 22:00,1,1,0
11/15/2018 23:00,3,2,1
11/16/2018 0:00,0,0,0
11/16/2018 1:00,0,0,0
11/16/2018 2:00,0,0,0
11/16/2018 3:00,1,1,0
11/16/2018 4:00,0,0,0
11/16/2018 5:00,1,0,1
11/16/2018 6:00,2,1,1
11/16/2018 7:00,6,4,2
11/16/2018 8:00,11,5,6
11/16/2018 9:00,11,5,6
11/16/2018 10:00,10,7,3
11/16/2018 11:00,6,4,2
11/16/2018 12:00,6,3,3
11/16/2018 13:00,6,4,2
11/16/2018 14:00,11,4,7
11/16/2018 15:00,7,2,5
11/16/2018 16:00,15,11,4
11/16/2018 17:00,17,8,9
11/16/2018 18:00,8,3,5
11/16/2018 19:00,6,2,4
11/16/2018 20:00,1,1,0
11/16/2018 21:00,3,2,1
11/16/2018 22:00,1,1,0
11/16/2018 23:00,3,1,2
11/17/2018 0:00,2,1,1
11/17/2018 1:00,0,0,0
11/17/2018 2:00,0,0,0
11/17/2018 3:00,0,0,0
11/17/2018 4:00,0,0,0
11/17/2018 5:00,0,0,0
11/17/2018 6:00,1,0,1
11/17/2018 7:00,1,0,1
11/17/2018 8:00,5,3,2
11/17/2018 9:00,6,6,0
11/17/2018 10:00,13,8,5
11/17/2018 11:00,15,5,10
11/17/2018 12:00,14,8,6
11/17/2018 13:00,13,7,6
11/17/2018 14:00,18,11,7
11/17/2018 15:00,14,10,4
11/17/2018 16:00,11,6,5
11/17/2018 17:00,6,1,5
11/17/2018 18:00,2,0,2
11/17/2018 19:00,5,0,5
11/17/2018 20:00,2,2,0
11/17/2018 21:00,1,0,1
11/17/2018 22:00,2,1,1
11/17/2018 23:00,0,0,0
11/18/2018 0:00,0,0,0
11/18/2018 1:00,0,0,0
11/18/2018 2:00,0,0,0
11/18/2018 3:00,0,0,0
11/18/2018 4:00,0,0,0
11/18/2018 5:00,0,0,0
11/18/2018 6:00,1,0,1
11/18/2018 7:00,2,0,2
11/18/2018 8:00,2,2,0
11/18/2018 9:00,8,4,4
11/18/2018 10:00,10,10,0
11/18/2018 11:00,19,12,7
11/18/2018 12:00,19,6,13
11/18/2018 13:00,12,7,5
11/18/2018 14:00,9,8,1
11/18/2018 15:00,21,11,10
11/18/2018 16:00,15,5,10
11/18/2018 17:00,3,2,1
11/18/2018 18:00,3,1,2
11/18/2018 19:00,2,2,0
11/18/2018 20:00,2,2,0
11/18/2018 21:00,0,0,0
11/18/2018 22:00,1,1,0
11/18/2018 23:00,1,0,1
11/19/2018 0:00,0,0,0
11/19/2018 1:00,0,0,0
11/19/2018 2:00,0,0,0
11/19/2018 3:00,2,2,0
11/19/2018 4:00,0,0,0
11/19/2018 5:00,1,1,0
11/19/2018 6:00,1,1,0
11/19/2018 7:00,3,2,1
11/19/2018 8:00,14,10,4
11/19/2018 9:00,9,4,5
11/19/2018 10:00,9,6,3
11/19/2018 11:00,5,3,2
11/19/2018 12:00,1,0,1
11/19/2018 13:00,9,6,3
11/19/2018 14:00,5,1,4
11/19/2018 15:00,10,5,5
11/19/2018 16:00,7,4,3
11/19/2018 17:00,12,3,9
11/19/2018 18:00,7,3,4
11/19/2018 19:00,2,1,1
11/19/2018 20:00,6,1,5
11/19/2018 21:00,1,1,0
11/19/2018 22:00,0,0,0
11/19/2018 23:00,0,0,0
11/20/2018 0:00,0,0,0
11/20/2018 1:00,0,0,0
11/20/2018 2:00,1,0,1
11/20/2018 3:00,1,1,0
11/20/2018 4:00,0,0,0
11/20/2018 5:00,1,0,1
11/20/2018 6:00,1,1,0
11/20/2018 7:00,4,3,1
11/20/2018 8:00,10,5,5
11/20/2018 9:00,1,1,0
11/20/2018 10:00,2,1,1
11/20/2018 11:00,6,5,1
11/20/2018 12:00,1,0,1
11/20/2018 13:00,4,3,1
11/20/2018 14:00,11,6,5
11/20/2018 15:00,8,5,3
11/20/2018 16:00,11,7,4
11/20/2018 17:00,11,6,5
11/20/2018 18:00,8,4,4
11/20/2018 19:00,3,2,1
11/20/2018 20:00,2,1,1
11/20/2018 21:00,5,3,2
11/20/2018 22:00,0,0,0
11/20/2018 23:00,2,0,2
11/21/2018 0:00,0,0,0
11/21/2018 1:00,0,0,0
11/21/2018 2:00,0,0,0
11/21/2018 3:00,1,1,0
11/21/2018 4:00,1,0,1
11/21/2018 5:00,1,0,1
11/21/2018 6:00,7,3,4
11/21/2018 7:00,1,0,1
11/21/2018 8:00,4,2,2
11/21/2018 9:00,9,6,3
11/21/2018 10:00,7,6,1
11/21/2018 11:00,2,2,0
11/21/2018 12:00,5,3,2
11/21/2018 13:00,6,3,3
11/21/2018 14:00,6,2,4
11/21/2018 15:00,10,5,5
11/21/2018 16:00,5,2,3
11/21/2018 17:00,10,5,5
11/21/2018 18:00,4,1,3
11/21/2018 19:00,2,0,2
11/21/2018 20:00,5,2,3
11/21/2018 21:00,1,1,0
11/21/2018 22:00,0,0,0
11/21/2018 23:00,1,1,0
11/22/2018 0:00,0,0,0
11/22/2018 1:00,0,0,0
11/22/2018 2:00,0,0,0
11/22/2018 3:00,0,0,0
11/22/2018 4:00,0,0,0
11/22/2018 5:00,1,0,1
11/22/2018 6:00,1,0,1
11/22/2018 7:00,1,0,1
11/22/2018 8:00,5,3,2
11/22/2018 9:00,5,5,0
11/22/2018 10:00,2,0,2
11/22/2018 11:00,5,3,2
11/22/2018 12:00,5,2,3
11/22/2018 13:00,4,2,2
11/22/2018 14:00,2,2,0
11/22/2018 15:00,1,0,1
11/22/2018 16:00,1,1,0
11/22/2018 17:00,4,2,2
11/22/2018 18:00,3,2,1
11/22/2018 19:00,3,2,1
11/22/2018 20:00,0,0,0
11/22/2018 21:00,2,1,1
11/22/2018 22:00,1,1,0
11/22/2018 23:00,0,0,0
11/23/2018 0:00,3,1,2
11/23/2018 1:00,0,0,0
11/23/2018 2:00,0,0,0
11/23/2018 3:00,0,0,0
11/23/2018 4:00,0,0,0
11/23/2018 5:00,0,0,0
11/23/2018 6:00,0,0,0
11/23/2018 7:00,2,2,0
11/23/2018 8:00,2,1,1
11/23/2018 9:00,9,7,2
11/23/2018 10:00,3,3,0
11/23/2018 11:00,4,4,0
11/23/2018 12:00,12,6,6
11/23/2018 13:00,4,3,1
11/23/2018 14:00,2,2,0
11/23/2018 15:00,6,4,2
11/23/2018 16:00,7,5,2
11/23/2018 17:00,4,2,2
11/23/2018 18:00,4,1,3
11/23/2018 19:00,1,1,0
11/23/2018 20:00,1,0,1
11/23/2018 21:00,3,2,1
11/23/2018 22:00,1,1,0
11/23/2018 23:00,0,0,0
11/24/2018 0:00,0,0,0
11/24/2018 1:00,0,0,0
11/24/2018 2:00,0,0,0
11/24/2018 3:00,0,0,0
11/24/2018 4:00,0,0,0
11/24/2018 5:00,1,1,0
11/24/2018 6:00,0,0,0
11/24/2018 7:00,1,1,0
11/24/2018 8:00,6,4,2
11/24/2018 9:00,2,1,1
11/24/2018 10:00,12,7,5
11/24/2018 11:00,4,2,2
11/24/2018 12:00,7,2,5
11/24/2018 13:00,15,4,11
11/24/2018 14:00,8,6,2
11/24/2018 15:00,8,3,5
11/24/2018 16:00,14,9,5
11/24/2018 17:00,6,4,2
11/24/2018 18:00,2,1,1
11/24/2018 19:00,3,2,1
11/24/2018 20:00,3,3,0
11/24/2018 21:00,0,0,0
11/24/2018 22:00,4,2,2
11/24/2018 23:00,0,0,0
11/25/2018 0:00,1,0,1
11/25/2018 1:00,0,0,0
11/25/2018 2:00,0,0,0
11/25/2018 3:00,0,0,0
11/25/2018 4:00,2,0,2
11/25/2018 5:00,1,1,0
11/25/2018 6:00,1,0,1
11/25/2018 7:00,3,1,2
11/25/2018 8:00,0,0,0
11/25/2018 9:00,7,2,5
11/25/2018 10:00,5,4,1
11/25/2018 11:00,13,7,6
11/25/2018 12:00,13,4,9
11/25/2018 13:00,8,6,2
11/25/2018 14:00,15,10,5
11/25/2018 15:00,17,10,7
11/25/2018 16:00,5,2,3
11/25/2018 17:00,3,1,2
11/25/2018 18:00,2,1,1
11/25/2018 19:00,4,3,1
11/25/2018 20:00,1,0,1
11/25/2018 21:00,0,0,0
11/25/2018 22:00,1,0,1
11/25/2018 23:00,0,0,0
11/26/2018 0:00,0,0,0
11/26/2018 1:00,0,0,0
11/26/2018 2:00,0,0,0
11/26/2018 3:00,2,1,1
11/26/2018 4:00,0,0,0
11/26/2018 5:00,0,0,0
11/26/2018 6:00,2,2,0
11/26/2018 7:00,8,6,2
11/26/2018 8:00,5,2,3
11/26/2018 9:00,5,3,2
11/26/2018 10:00,1,1,0
11/26/2018 11:00,2,1,1
11/26/2018 12:00,0,0,0
11/26/2018 13:00,3,2,1
11/26/2018 14:00,5,4,1
11/26/2018 15:00,1,1,0
11/26/2018 16:00,5,2,3
11/26/2018 17:00,10,4,6
11/26/2018 18:00,4,3,1
11/26/2018 19:00,7,1,6
11/26/2018 20:00,2,2,0
11/26/2018 21:00,3,0,3
11/26/2018 22:00,0,0,0
11/26/2018 23:00,0,0,0
11/27/2018 0:00,0,0,0
11/27/2018 1:00,0,0,0
11/27/2018 2:00,0,0,0
11/27/2018 3:00,1,1,0
11/27/2018 4:00,0,0,0
11/27/2018 5:00,0,0,0
11/27/2018 6:00,2,1,1
11/27/2018 7:00,5,2,3
11/27/2018 8:00,7,3,4
11/27/2018 9:00,6,5,1
11/27/2018 10:00,7,7,0
11/27/2018 11:00,3,0,3
11/27/2018 12:00,5,4,1
11/27/2018 13:00,6,2,4
11/27/2018 14:00,11,6,5
11/27/2018 15:00,7,6,1
11/27/2018 16:00,5,3,2
11/27/2018 17:00,7,4,3
11/27/2018 18:00,10,4,6
11/27/2018 19:00,4,3,1
11/27/2018 20:00,1,1,0
11/27/2018 21:00,3,1,2
11/27/2018 22:00,1,0,1
11/27/2018 23:00,1,0,1
11/28/2018 0:00,0,0,0
11/28/2018 1:00,1,1,0
11/28/2018 2:00,0,0,0
11/28/2018 3:00,2,1,1
11/28/2018 4:00,0,0,0
11/28/2018 5:00,0,0,0
11/28/2018 6:00,2,2,0
11/28/2018 7:00,3,2,1
11/28/2018 8:00,9,5,4
11/28/2018 9:00,10,6,4
11/28/2018 10:00,4,4,0
11/28/2018 11:00,4,3,1
11/28/2018 12:00,4,2,2
11/28/2018 13:00,5,2,3
11/28/2018 14:00,6,3,3
11/28/2018 15:00,8,8,0
11/28/2018 16:00,3,2,1
11/28/2018 17:00,6,2,4
11/28/2018 18:00,7,4,3
11/28/2018 19:00,5,3,2
11/28/2018 20:00,1,1,0
11/28/2018 21:00,2,1,1
11/28/2018 22:00,1,0,1
11/28/2018 23:00,0,0,0
11/29/2018 0:00,0,0,0
11/29/2018 1:00,0,0,0
11/29/2018 2:00,0,0,0
11/29/2018 3:00,0,0,0
11/29/2018 4:00,0,0,0
11/29/2018 5:00,0,0,0
11/29/2018 6:00,3,2,1
11/29/2018 7:00,9,3,6
11/29/2018 8:00,9,5,4
11/29/2018 9:00,6,2,4
11/29/2018 10:00,5,5,0
11/29/2018 11:00,8,8,0
11/29/2018 12:00,6,1,5
11/29/2018 13:00,4,3,1
11/29/2018 14:00,9,5,4
11/29/2018 15:00,4,2,2
11/29/2018 16:00,5,3,2
11/29/2018 17:00,18,10,8
11/29/2018 18:00,9,5,4
11/29/2018 19:00,11,2,9
11/29/2018 20:00,3,2,1
11/29/2018 21:00,1,1,0
11/29/2018 22:00,0,0,0
11/29/2018 23:00,1,1,0
11/30/2018 0:00,1,1,0
11/30/2018 1:00,0,0,0
11/30/2018 2:00,1,0,1
11/30/2018 3:00,0,0,0
11/30/2018 4:00,0,0,0
11/30/2018 5:00,0,0,0
11/30/2018 6:00,3,3,0
11/30/2018 7:00,7,5,2
11/30/2018 8:00,10,4,6
11/30/2018 9:00,6,5,1
11/30/2018 10:00,4,3,1
11/30/2018 11:00,5,3,2
11/30/2018 12:00,9,5,4
11/30/2018 13:00,12,6,6
11/30/2018 14:00,5,2,3
11/30/2018 15:00,9,6,3
11/30/2018 16:00,15,5,10
11/30/2018 17:00,13,9,4
11/30/2018 18:00,15,6,9
11/30/2018 19:00,2,1,1
11/30/2018 20:00,3,1,2
11/30/2018 21:00,1,0,1
11/30/2018 22:00,0,0,0
11/30/2018 23:00,1,0,1
12/1/2018 0:00,0,0,0
12/1/2018 1:00,0,0,0
12/1/2018 2:00,0,0,0
12/1/2018 3:00,1,1,0
12/1/2018 4:00,0,0,0
12/1/2018 5:00,0,0,0
12/1/2018 6:00,1,0,1
12/1/2018 7:00,0,0,0
12/1/2018 8:00,2,2,0
12/1/2018 9:00,6,3,3
12/1/2018 10:00,9,7,2
12/1/2018 11:00,4,2,2
12/1/2018 12:00,4,3,1
12/1/2018 13:00,9,4,5
12/1/2018 14:00,7,3,4
12/1/2018 15:00,12,9,3
12/1/2018 16:00,11,10,1
12/1/2018 17:00,2,1,1
12/1/2018 18:00,2,0,2
12/1/2018 19:00,6,5,1
12/1/2018 20:00,2,0,2
12/1/2018 21:00,3,0,3
12/1/2018 22:00,1,1,0
12/1/2018 23:00,0,0,0
12/2/2018 0:00,1,1,0
12/2/2018 1:00,1,1,0
12/2/2018 2:00,0,0,0
12/2/2018 3:00,1,0,1
12/2/2018 4:00,1,0,1
12/2/2018 5:00,0,0,0
12/2/2018 6:00,4,2,2
12/2/2018 7:00,2,1,1
12/2/2018 8:00,1,1,0
12/2/2018 9:00,4,4,0
12/2/2018 10:00,5,2,3
12/2/2018 11:00,6,2,4
12/2/2018 12:00,4,3,1
12/2/2018 13:00,12,7,5
12/2/2018 14:00,6,2,4
12/2/2018 15:00,11,5,6
12/2/2018 16:00,5,3,2
12/2/2018 17:00,7,3,4
12/2/2018 18:00,2,1,1
12/2/2018 19:00,3,1,2
12/2/2018 20:00,1,1,0
12/2/2018 21:00,2,0,2
12/2/2018 22:00,0,0,0
12/2/2018 23:00,0,0,0
12/3/2018 0:00,0,0,0
12/3/2018 1:00,0,0,0
12/3/2018 2:00,0,0,0
12/3/2018 3:00,1,1,0
12/3/2018 4:00,0,0,0
12/3/2018 5:00,0,0,0
12/3/2018 6:00,2,2,0
12/3/2018 7:00,8,4,4
12/3/2018 8:00,13,10,3
12/3/2018 9:00,8,4,4
12/3/2018 10:00,6,3,3
12/3/2018 11:00,6,3,3
12/3/2018 12:00,14,10,4
12/3/2018 13:00,9,4,5
12/3/2018 14:00,9,5,4
12/3/2018 15:00,7,3,4
12/3/2018 16:00,5,3,2
12/3/2018 17:00,9,2,7
12/3/2018 18:00,7,4,3
12/3/2018 19:00,4,2,2
12/3/2018 20:00,3,0,3
12/3/2018 21:00,2,1,1
12/3/2018 22:00,1,0,1
12/3/2018 23:00,1,0,1
12/4/2018 0:00,0,0,0
12/4/2018 1:00,0,0,0
12/4/2018 2:00,0,0,0
12/4/2018 3:00,1,1,0
12/4/2018 4:00,0,0,0
12/4/2018 5:00,0,0,0
12/4/2018 6:00,2,2,0
12/4/2018 7:00,7,5,2
12/4/2018 8:00,10,8,2
12/4/2018 9:00,6,3,3
12/4/2018 10:00,8,6,2
12/4/2018 11:00,4,3,1
12/4/2018 12:00,7,6,1
12/4/2018 13:00,9,4,5
12/4/2018 14:00,7,3,4
12/4/2018 15:00,1,1,0
12/4/2018 16:00,10,6,4
12/4/2018 17:00,10,3,7
12/4/2018 18:00,14,7,7
12/4/2018 19:00,9,4,5
12/4/2018 20:00,3,0,3
12/4/2018 21:00,0,0,0
12/4/2018 22:00,0,0,0
12/4/2018 23:00,1,1,0
12/5/2018 0:00,0,0,0
12/5/2018 1:00,0,0,0
12/5/2018 2:00,0,0,0
12/5/2018 3:00,1,1,0
12/5/2018 4:00,0,0,0
12/5/2018 5:00,0,0,0
12/5/2018 6:00,1,0,1
12/5/2018 7:00,8,4,4
12/5/2018 8:00,13,9,4
12/5/2018 9:00,12,10,2
12/5/2018 10:00,12,7,5
12/5/2018 11:00,6,4,2
12/5/2018 12:00,7,5,2
12/5/2018 13:00,9,5,4
12/5/2018 14:00,8,5,3
12/5/2018 15:00,7,4,3
12/5/2018 16:00,14,7,7
12/5/2018 17:00,14,5,9
12/5/2018 18:00,11,4,7
12/5/2018 19:00,9,5,4
12/5/2018 20:00,3,0,3
12/5/2018 21:00,1,0,1
12/5/2018 22:00,0,0,0
12/5/2018 23:00,0,0,0
12/6/2018 0:00,0,0,0
12/6/2018 1:00,0,0,0
12/6/2018 2:00,0,0,0
12/6/2018 3:00,0,0,0
12/6/2018 4:00,0,0,0
12/6/2018 5:00,0,0,0
12/6/2018 6:00,2,1,1
12/6/2018 7:00,8,4,4
12/6/2018 8:00,15,7,8
12/6/2018 9:00,12,3,9
12/6/2018 10:00,6,3,3
12/6/2018 11:00,5,4,1
12/6/2018 12:00,9,7,2
12/6/2018 13:00,2,1,1
12/6/2018 14:00,4,3,1
12/6/2018 15:00,18,12,6
12/6/2018 16:00,20,17,3
12/6/2018 17:00,20,13,7
12/6/2018 18:00,21,18,3
12/6/2018 19:00,16,14,2
12/6/2018 20:00,13,8,5
12/6/2018 21:00,4,3,1
12/6/2018 22:00,3,0,3
12/6/2018 23:00,0,0,0
12/7/2018 0:00,0,0,0
12/7/2018 1:00,0,0,0
12/7/2018 2:00,0,0,0
12/7/2018 3:00,0,0,0
12/7/2018 4:00,0,0,0
12/7/2018 5:00,0,0,0
12/7/2018 6:00,2,0,2
12/7/2018 7:00,10,3,7
12/7/2018 8:00,7,5,2
12/7/2018 9:00,8,3,5
12/7/2018 10:00,9,4,5
12/7/2018 11:00,7,6,1
12/7/2018 12:00,7,5,2
12/7/2018 13:00,9,5,4
12/7/2018 14:00,8,4,4
12/7/2018 15:00,5,2,3
12/7/2018 16:00,5,3,2
12/7/2018 17:00,6,3,3
12/7/2018 18:00,7,6,1
12/7/2018 19:00,4,2,2
12/7/2018 20:00,5,2,3
12/7/2018 21:00,10,2,8
12/7/2018 22:00,1,0,1
12/7/2018 23:00,0,0,0
12/8/2018 0:00,1,0,1
12/8/2018 1:00,0,0,0
12/8/2018 2:00,0,0,0
12/8/2018 3:00,1,0,1
12/8/2018 4:00,1,0,1
12/8/2018 5:00,2,1,1
12/8/2018 6:00,0,0,0
12/8/2018 7:00,1,1,0
12/8/2018 8:00,6,4,2
12/8/2018 9:00,2,2,0
12/8/2018 10:00,6,2,4
12/8/2018 11:00,4,2,2
12/8/2018 12:00,3,3,0
12/8/2018 13:00,6,2,4
12/8/2018 14:00,5,1,4
12/8/2018 15:00,8,5,3
12/8/2018 16:00,4,0,4
12/8/2018 17:00,4,1,3
12/8/2018 18:00,6,3,3
12/8/2018 19:00,2,0,2
12/8/2018 20:00,2,0,2
12/8/2018 21:00,2,1,1
12/8/2018 22:00,1,0,1
12/8/2018 23:00,1,0,1
12/9/2018 0:00,1,0,1
12/9/2018 1:00,1,1,0
12/9/2018 2:00,0,0,0
12/9/2018 3:00,1,0,1
12/9/2018 4:00,0,0,0
12/9/2018 5:00,1,1,0
12/9/2018 6:00,1,0,1
12/9/2018 7:00,0,0,0
12/9/2018 8:00,1,1,0
12/9/2018 9:00,2,2,0
12/9/2018 10:00,2,1,1
12/9/2018 11:00,2,2,0
12/9/2018 12:00,0,0,0
12/9/2018 13:00,0,0,0
12/9/2018 14:00,2,0,2
12/9/2018 15:00,2,1,1
12/9/2018 16:00,3,0,3
12/9/2018 17:00,1,1,0
12/9/2018 18:00,0,0,0
12/9/2018 19:00,0,0,0
12/9/2018 20:00,0,0,0
12/9/2018 21:00,0,0,0
12/9/2018 22:00,0,0,0
12/9/2018 23:00,0,0,0
12/10/2018 0:00,0,0,0
12/10/2018 1:00,0,0,0
12/10/2018 2:00,0,0,0
12/10/2018 3:00,0,0,0
12/10/2018 4:00,0,0,0
12/10/2018 5:00,1,0,1
12/10/2018 6:00,3,2,1
12/10/2018 7:00,3,2,1
12/10/2018 8:00,5,3,2
12/10/2018 9:00,7,3,4
12/10/2018 10:00,3,2,1
12/10/2018 11:00,4,2,2
12/10/2018 12:00,3,3,0
12/10/2018 13:00,5,2,3
12/10/2018 14:00,5,2,3
12/10/2018 15:00,11,5,6
12/10/2018 16:00,9,5,4
12/10/2018 17:00,8,2,6
12/10/2018 18:00,11,9,2
12/10/2018 19:00,3,1,2
12/10/2018 20:00,1,0,1
12/10/2018 21:00,1,0,1
12/10/2018 22:00,1,1,0
12/10/2018 23:00,0,0,0
12/11/2018 0:00,0,0,0
12/11/2018 1:00,0,0,0
12/11/2018 2:00,0,0,0
12/11/2018 3:00,0,0,0
12/11/2018 4:00,0,0,0
12/11/2018 5:00,0,0,0
12/11/2018 6:00,3,2,1
12/11/2018 7:00,1,1,0
12/11/2018 8:00,4,4,0
12/11/2018 9:00,4,1,3
12/11/2018 10:00,4,3,1
12/11/2018 11:00,1,1,0
12/11/2018 12:00,0,0,0
12/11/2018 13:00,2,0,2
12/11/2018 14:00,1,1,0
12/11/2018 15:00,4,2,2
12/11/2018 16:00,1,0,1
12/11/2018 17:00,5,2,3
12/11/2018 18:00,2,1,1
12/11/2018 19:00,4,1,3
12/11/2018 20:00,2,2,0
12/11/2018 21:00,1,1,0
12/11/2018 22:00,3,2,1
12/11/2018 23:00,0,0,0
12/12/2018 0:00,0,0,0
12/12/2018 1:00,0,0,0
12/12/2018 2:00,0,0,0
12/12/2018 3:00,0,0,0
12/12/2018 4:00,0,0,0
12/12/2018 5:00,0,0,0
12/12/2018 6:00,5,3,2
12/12/2018 7:00,5,2,3
12/12/2018 8:00,3,3,0
12/12/2018 9:00,6,5,1
12/12/2018 10:00,1,1,0
12/12/2018 11:00,5,4,1
12/12/2018 12:00,3,1,2
12/12/2018 13:00,7,6,1
12/12/2018 14:00,4,2,2
12/12/2018 15:00,4,4,0
12/12/2018 16:00,3,1,2
12/12/2018 17:00,12,6,6
12/12/2018 18:00,4,2,2
12/12/2018 19:00,8,3,5
12/12/2018 20:00,1,0,1
12/12/2018 21:00,1,0,1
12/12/2018 22:00,1,0,1
12/12/2018 23:00,0,0,0
12/13/2018 0:00,0,0,0
12/13/2018 1:00,1,1,0
12/13/2018 2:00,0,0,0
12/13/2018 3:00,1,1,0
12/13/2018 4:00,0,0,0
12/13/2018 5:00,0,0,0
12/13/2018 6:00,2,0,2
12/13/2018 7:00,5,4,1
12/13/2018 8:00,4,2,2
12/13/2018 9:00,3,1,2
12/13/2018 10:00,0,0,0
12/13/2018 11:00,4,2,2
12/13/2018 12:00,7,5,2
12/13/2018 13:00,3,0,3
12/13/2018 14:00,3,1,2
12/13/2018 15:00,3,0,3
12/13/2018 16:00,0,0,0
12/13/2018 17:00,10,6,4
12/13/2018 18:00,4,1,3
12/13/2018 19:00,4,1,3
12/13/2018 20:00,1,0,1
12/13/2018 21:00,6,3,3
12/13/2018 22:00,1,0,1
12/13/2018 23:00,2,2,0
12/14/2018 0:00,1,0,1
12/14/2018 1:00,0,0,0
12/14/2018 2:00,0,0,0
12/14/2018 3:00,1,1,0
12/14/2018 4:00,1,0,1
12/14/2018 5:00,0,0,0
12/14/2018 6:00,0,0,0
12/14/2018 7:00,4,2,2
12/14/2018 8:00,3,1,2
12/14/2018 9:00,9,5,4
12/14/2018 10:00,2,2,0
12/14/2018 11:00,6,3,3
12/14/2018 12:00,13,7,6
12/14/2018 13:00,2,1,1
12/14/2018 14:00,9,4,5
12/14/2018 15:00,8,4,4
12/14/2018 16:00,3,1,2
12/14/2018 17:00,10,8,2
12/14/2018 18:00,6,3,3
12/14/2018 19:00,3,1,2
12/14/2018 20:00,0,0,0
12/14/2018 21:00,1,0,1
12/14/2018 22:00,0,0,0
12/14/2018 23:00,2,1,1
12/15/2018 0:00,2,1,1
12/15/2018 1:00,0,0,0
12/15/2018 2:00,0,0,0
12/15/2018 3:00,0,0,0
12/15/2018 4:00,0,0,0
12/15/2018 5:00,0,0,0
12/15/2018 6:00,0,0,0
12/15/2018 7:00,1,0,1
12/15/2018 8:00,2,1,1
12/15/2018 9:00,6,4,2
12/15/2018 10:00,2,1,1
12/15/2018 11:00,6,5,1
12/15/2018 12:00,13,8,5
12/15/2018 13:00,16,6,10
12/15/2018 14:00,7,5,2
12/15/2018 15:00,13,6,7
12/15/2018 16:00,12,8,4
12/15/2018 17:00,4,2,2
12/15/2018 18:00,4,1,3
12/15/2018 19:00,2,2,0
12/15/2018 20:00,5,2,3
12/15/2018 21:00,1,0,1
12/15/2018 22:00,1,0,1
12/15/2018 23:00,2,1,1
12/16/2018 0:00,1,1,0
12/16/2018 1:00,0,0,0
12/16/2018 2:00,0,0,0
12/16/2018 3:00,0,0,0
12/16/2018 4:00,0,0,0
12/16/2018 5:00,1,1,0
12/16/2018 6:00,1,1,0
12/16/2018 7:00,1,1,0
12/16/2018 8:00,1,1,0
12/16/2018 9:00,2,2,0
12/16/2018 10:00,2,1,1
12/16/2018 11:00,5,4,1
12/16/2018 12:00,9,5,4
12/16/2018 13:00,8,3,5
12/16/2018 14:00,4,2,2
12/16/2018 15:00,8,4,4
12/16/2018 16:00,0,0,0
12/16/2018 17:00,4,2,2
12/16/2018 18:00,2,0,2
12/16/2018 19:00,3,3,0
12/16/2018 20:00,1,1,0
12/16/2018 21:00,0,0,0
12/16/2018 22:00,0,0,0
12/16/2018 23:00,0,0,0
12/17/2018 0:00,1,0,1
12/17/2018 1:00,2,1,1
12/17/2018 2:00,0,0,0
12/17/2018 3:00,0,0,0
12/17/2018 4:00,0,0,0
12/17/2018 5:00,1,0,1
12/17/2018 6:00,0,0,0
12/17/2018 7:00,8,3,5
12/17/2018 8:00,9,7,2
12/17/2018 9:00,8,5,3
12/17/2018 10:00,2,0,2
12/17/2018 11:00,6,3,3
12/17/2018 12:00,5,4,1
12/17/2018 13:00,3,2,1
12/17/2018 14:00,3,1,2
12/17/2018 15:00,4,1,3
12/17/2018 16:00,5,3,2
12/17/2018 17:00,3,1,2
12/17/2018 18:00,3,2,1
12/17/2018 19:00,7,5,2
12/17/2018 20:00,4,1,3
12/17/2018 21:00,0,0,0
12/17/2018 22:00,0,0,0
12/17/2018 23:00,0,0,0
12/18/2018 0:00,0,0,0
12/18/2018 1:00,0,0,0
12/18/2018 2:00,0,0,0
12/18/2018 3:00,0,0,0
12/18/2018 4:00,1,1,0
12/18/2018 5:00,0,0,0
12/18/2018 6:00,1,1,0
12/18/2018 7:00,6,2,4
12/18/2018 8:00,8,2,6
12/18/2018 9:00,5,1,4
12/18/2018 10:00,4,3,1
12/18/2018 11:00,6,4,2
12/18/2018 12:00,2,2,0
12/18/2018 13:00,2,2,0
12/18/2018 14:00,4,2,2
12/18/2018 15:00,6,3,3
12/18/2018 16:00,11,8,3
12/18/2018 17:00,4,2,2
12/18/2018 18:00,8,6,2
12/18/2018 19:00,4,2,2
12/18/2018 20:00,5,1,4
12/18/2018 21:00,1,1,0
12/18/2018 22:00,0,0,0
12/18/2018 23:00,1,1,0
12/19/2018 0:00,0,0,0
12/19/2018 1:00,1,0,1
12/19/2018 2:00,1,1,0
12/19/2018 3:00,1,0,1
12/19/2018 4:00,0,0,0
12/19/2018 5:00,0,0,0
12/19/2018 6:00,1,0,1
12/19/2018 7:00,10,7,3
12/19/2018 8:00,12,9,3
12/19/2018 9:00,10,6,4
12/19/2018 10:00,5,4,1
12/19/2018 11:00,4,2,2
12/19/2018 12:00,3,0,3
12/19/2018 13:00,5,4,1
12/19/2018 14:00,8,5,3
12/19/2018 15:00,7,4,3
12/19/2018 16:00,7,5,2
12/19/2018 17:00,19,9,10
12/19/2018 18:00,10,5,5
12/19/2018 19:00,7,5,2
12/19/2018 20:00,3,1,2
12/19/2018 21:00,4,0,4
12/19/2018 22:00,2,0,2
12/19/2018 23:00,0,0,0
12/20/2018 0:00,1,0,1
12/20/2018 1:00,0,0,0
12/20/2018 2:00,0,0,0
12/20/2018 3:00,1,1,0
12/20/2018 4:00,0,0,0
12/20/2018 5:00,0,0,0
12/20/2018 6:00,1,0,1
12/20/2018 7:00,5,2,3
12/20/2018 8:00,5,2,3
12/20/2018 9:00,2,1,1
12/20/2018 10:00,2,0,2
12/20/2018 11:00,4,3,1
12/20/2018 12:00,4,1,3
12/20/2018 13:00,2,1,1
12/20/2018 14:00,6,4,2
12/20/2018 15:00,9,7,2
12/20/2018 16:00,7,4,3
12/20/2018 17:00,10,4,6
12/20/2018 18:00,9,6,3
12/20/2018 19:00,5,3,2
12/20/2018 20:00,6,3,3
12/20/2018 21:00,2,2,0
12/20/2018 22:00,0,0,0
12/20/2018 23:00,1,1,0
12/21/2018 0:00,1,0,1
12/21/2018 1:00,0,0,0
12/21/2018 2:00,0,0,0
12/21/2018 3:00,1,1,0
12/21/2018 4:00,0,0,0
12/21/2018 5:00,0,0,0
12/21/2018 6:00,0,0,0
12/21/2018 7:00,1,0,1
12/21/2018 8:00,9,4,5
12/21/2018 9:00,6,3,3
12/21/2018 10:00,4,2,2
12/21/2018 11:00,5,1,4
12/21/2018 12:00,9,5,4
12/21/2018 13:00,7,4,3
12/21/2018 14:00,6,2,4
12/21/2018 15:00,8,5,3
12/21/2018 16:00,11,7,4
12/21/2018 17:00,7,5,2
12/21/2018 18:00,5,2,3
12/21/2018 19:00,7,5,2
12/21/2018 20:00,3,1,2
12/21/2018 21:00,1,0,1
12/21/2018 22:00,0,0,0
12/21/2018 23:00,1,0,1
12/22/2018 0:00,0,0,0
12/22/2018 1:00,0,0,0
12/22/2018 2:00,1,1,0
12/22/2018 3:00,0,0,0
12/22/2018 4:00,0,0,0
12/22/2018 5:00,1,0,1
12/22/2018 6:00,0,0,0
12/22/2018 7:00,2,1,1
12/22/2018 8:00,1,1,0
12/22/2018 9:00,9,5,4
12/22/2018 10:00,7,4,3
12/22/2018 11:00,7,4,3
12/22/2018 12:00,4,1,3
12/22/2018 13:00,7,6,1
12/22/2018 14:00,4,0,4
12/22/2018 15:00,6,0,6
12/22/2018 16:00,8,3,5
12/22/2018 17:00,4,3,1
12/22/2018 18:00,1,1,0
12/22/2018 19:00,3,1,2
12/22/2018 20:00,1,0,1
12/22/2018 21:00,1,0,1
12/22/2018 22:00,1,1,0
12/22/2018 23:00,1,0,1
12/23/2018 0:00,0,0,0
12/23/2018 1:00,0,0,0
12/23/2018 2:00,0,0,0
12/23/2018 3:00,0,0,0
12/23/2018 4:00,1,1,0
12/23/2018 5:00,0,0,0
12/23/2018 6:00,1,0,1
12/23/2018 7:00,1,1,0
12/23/2018 8:00,1,0,1
12/23/2018 9:00,3,1,2
12/23/2018 10:00,5,3,2
12/23/2018 11:00,5,4,1
12/23/2018 12:00,8,3,5
12/23/2018 13:00,6,4,2
12/23/2018 14:00,7,1,6
12/23/2018 15:00,7,2,5
12/23/2018 16:00,3,1,2
12/23/2018 17:00,1,0,1
12/23/2018 18:00,0,0,0
12/23/2018 19:00,1,1,0
12/23/2018 20:00,0,0,0
12/23/2018 21:00,1,1,0
12/23/2018 22:00,1,1,0
12/23/2018 23:00,0,0,0
12/24/2018 0:00,1,1,0
12/24/2018 1:00,0,0,0
12/24/2018 2:00,1,0,1
12/24/2018 3:00,0,0,0
12/24/2018 4:00,1,1,0
12/24/2018 5:00,0,0,0
12/24/2018 6:00,0,0,0
12/24/2018 7:00,1,0,1
12/24/2018 8:00,2,0,2
12/24/2018 9:00,6,5,1
12/24/2018 10:00,6,1,5
12/24/2018 11:00,2,2,0
12/24/2018 12:00,8,5,3
12/24/2018 13:00,9,5,4
12/24/2018 14:00,5,2,3
12/24/2018 15:00,6,1,5
12/24/2018 16:00,2,0,2
12/24/2018 17:00,3,1,2
12/24/2018 18:00,2,2,0
12/24/2018 19:00,1,0,1
12/24/2018 20:00,2,1,1
12/24/2018 21:00,1,0,1
12/24/2018 22:00,0,0,0
12/24/2018 23:00,1,1,0
12/25/2018 0:00,0,0,0
12/25/2018 1:00,0,0,0
12/25/2018 2:00,0,0,0
12/25/2018 3:00,0,0,0
12/25/2018 4:00,0,0,0
12/25/2018 5:00,0,0,0
12/25/2018 6:00,1,0,1
12/25/2018 7:00,3,1,2
12/25/2018 8:00,2,1,1
12/25/2018 9:00,0,0,0
12/25/2018 10:00,4,0,4
12/25/2018 11:00,1,1,0
12/25/2018 12:00,1,1,0
12/25/2018 13:00,8,2,6
12/25/2018 14:00,9,7,2
12/25/2018 15:00,4,2,2
12/25/2018 16:00,1,1,0
12/25/2018 17:00,1,0,1
12/25/2018 18:00,2,2,0
12/25/2018 19:00,3,1,2
12/25/2018 20:00,0,0,0
12/25/2018 21:00,1,1,0
12/25/2018 22:00,1,0,1
12/25/2018 23:00,0,0,0
12/26/2018 0:00,0,0,0
12/26/2018 1:00,0,0,0
12/26/2018 2:00,0,0,0
12/26/2018 3:00,0,0,0
12/26/2018 4:00,0,0,0
12/26/2018 5:00,0,0,0
12/26/2018 6:00,0,0,0
12/26/2018 7:00,1,1,0
12/26/2018 8:00,4,4,0
12/26/2018 9:00,5,5,0
12/26/2018 10:00,2,1,1
12/26/2018 11:00,2,1,1
12/26/2018 12:00,1,0,1
12/26/2018 13:00,2,2,0
12/26/2018 14:00,1,1,0
12/26/2018 15:00,2,2,0
12/26/2018 16:00,3,2,1
12/26/2018 17:00,6,2,4
12/26/2018 18:00,0,0,0
12/26/2018 19:00,0,0,0
12/26/2018 20:00,0,0,0
12/26/2018 21:00,0,0,0
12/26/2018 22:00,3,1,2
12/26/2018 23:00,0,0,0
12/27/2018 0:00,0,0,0
12/27/2018 1:00,0,0,0
12/27/2018 2:00,0,0,0
12/27/2018 3:00,0,0,0
12/27/2018 4:00,0,0,0
12/27/2018 5:00,0,0,0
12/27/2018 6:00,0,0,0
12/27/2018 7:00,5,3,2
12/27/2018 8:00,2,2,0
12/27/2018 9:00,2,2,0
12/27/2018 10:00,6,2,4
12/27/2018 11:00,5,2,3
12/27/2018 12:00,10,8,2
12/27/2018 13:00,4,3,1
12/27/2018 14:00,7,4,3
12/27/2018 15:00,11,5,6
12/27/2018 16:00,7,5,2
12/27/2018 17:00,4,2,2
12/27/2018 18:00,5,2,3
12/27/2018 19:00,6,3,3
12/27/2018 20:00,0,0,0
12/27/2018 21:00,1,1,0
12/27/2018 22:00,1,1,0
12/27/2018 23:00,0,0,0
12/28/2018 0:00,1,0,1
12/28/2018 1:00,0,0,0
12/28/2018 2:00,1,1,0
12/28/2018 3:00,0,0,0
12/28/2018 4:00,0,0,0
12/28/2018 5:00,0,0,0
12/28/2018 6:00,0,0,0
12/28/2018 7:00,2,1,1
12/28/2018 8:00,4,2,2
12/28/2018 9:00,5,4,1
12/28/2018 10:00,3,0,3
12/28/2018 11:00,2,1,1
12/28/2018 12:00,4,3,1
12/28/2018 13:00,0,0,0
12/28/2018 14:00,1,0,1
12/28/2018 15:00,7,4,3
12/28/2018 16:00,5,2,3
12/28/2018 17:00,3,1,2
12/28/2018 18:00,6,2,4
12/28/2018 19:00,2,0,2
12/28/2018 20:00,0,0,0
12/28/2018 21:00,2,1,1
12/28/2018 22:00,2,2,0
12/28/2018 23:00,1,0,1
12/29/2018 0:00,1,0,1
12/29/2018 1:00,1,1,0
12/29/2018 2:00,0,0,0
12/29/2018 3:00,0,0,0
12/29/2018 4:00,0,0,0
12/29/2018 5:00,0,0,0
12/29/2018 6:00,0,0,0
12/29/2018 7:00,4,2,2
12/29/2018 8:00,2,1,1
12/29/2018 9:00,3,0,3
12/29/2018 10:00,1,0,1
12/29/2018 11:00,5,1,4
12/29/2018 12:00,2,1,1
12/29/2018 13:00,2,0,2
12/29/2018 14:00,1,0,1
12/29/2018 15:00,3,1,2
12/29/2018 16:00,1,1,0
12/29/2018 17:00,0,0,0
12/29/2018 18:00,4,2,2
12/29/2018 19:00,2,1,1
12/29/2018 20:00,2,1,1
12/29/2018 21:00,1,0,1
12/29/2018 22:00,0,0,0
12/29/2018 23:00,0,0,0
12/30/2018 0:00,0,0,0
12/30/2018 1:00,1,1,0
12/30/2018 2:00,0,0,0
12/30/2018 3:00,0,0,0
12/30/2018 4:00,0,0,0
12/30/2018 5:00,0,0,0
12/30/2018 6:00,0,0,0
12/30/2018 7:00,0,0,0
12/30/2018 8:00,1,1,0
12/30/2018 9:00,5,2,3
12/30/2018 10:00,2,2,0
12/30/2018 11:00,6,6,0
12/30/2018 12:00,8,5,3
12/30/2018 13:00,11,7,4
12/30/2018 14:00,5,2,3
12/30/2018 15:00,7,4,3
12/30/2018 16:00,0,0,0
12/30/2018 17:00,1,1,0
12/30/2018 18:00,2,1,1
12/30/2018 19:00,3,2,1
12/30/2018 20:00,2,1,1
12/30/2018 21:00,1,0,1
12/30/2018 22:00,3,2,1
12/30/2018 23:00,2,1,1
12/31/2018 0:00,0,0,0
12/31/2018 1:00,0,0,0
12/31/2018 2:00,0,0,0
12/31/2018 3:00,0,0,0
12/31/2018 4:00,0,0,0
12/31/2018 5:00,1,0,1
12/31/2018 6:00,1,1,0
12/31/2018 7:00,3,2,1
12/31/2018 8:00,1,1,0
12/31/2018 9:00,3,3,0
12/31/2018 10:00,3,2,1
12/31/2018 11:00,6,6,0
12/31/2018 12:00,2,1,1
12/31/2018 13:00,9,6,3
12/31/2018 14:00,4,4,0
12/31/2018 15:00,10,5,5
12/31/2018 16:00,11,6,5
12/31/2018 17:00,6,2,4
12/31/2018 18:00,3,2,1
12/31/2018 19:00,0,0,0
12/31/2018 20:00,2,2,0
12/31/2018 21:00,0,0,0
12/31/2018 22:00,0,0,0
12/31/2018 23:00,0,0,0
1/1/2019 0:00,1,1,0
1/1/2019 1:00,2,0,2
1/1/2019 2:00,0,0,0
1/1/2019 3:00,1,0,1
1/1/2019 4:00,0,0,0
1/1/2019 5:00,0,0,0
1/1/2019 6:00,0,0,0
1/1/2019 7:00,1,0,1
1/1/2019 8:00,3,1,2
1/1/2019 9:00,1,1,0
1/1/2019 10:00,1,0,1
1/1/2019 11:00,2,1,1
1/1/2019 12:00,7,5,2
1/1/2019 13:00,10,8,2
1/1/2019 14:00,3,2,1
1/1/2019 15:00,13,5,8
1/1/2019 16:00,10,7,3
1/1/2019 17:00,6,2,4
1/1/2019 18:00,1,0,1
1/1/2019 19:00,2,2,0
1/1/2019 20:00,2,2,0
1/1/2019 21:00,2,1,1
1/1/2019 22:00,0,0,0
1/1/2019 23:00,0,0,0
1/2/2019 0:00,1,0,1
1/2/2019 1:00,0,0,0
1/2/2019 2:00,0,0,0
1/2/2019 3:00,0,0,0
1/2/2019 4:00,0,0,0
1/2/2019 5:00,0,0,0
1/2/2019 6:00,2,1,1
1/2/2019 7:00,4,3,1
1/2/2019 8:00,4,3,1
1/2/2019 9:00,9,6,3
1/2/2019 10:00,2,2,0
1/2/2019 11:00,4,4,0
1/2/2019 12:00,9,6,3
1/2/2019 13:00,5,2,3
1/2/2019 14:00,3,2,1
1/2/2019 15:00,4,4,0
1/2/2019 16:00,8,2,6
1/2/2019 17:00,16,9,7
1/2/2019 18:00,7,4,3
1/2/2019 19:00,5,2,3
1/2/2019 20:00,1,0,1
1/2/2019 21:00,3,1,2
1/2/2019 22:00,0,0,0
1/2/2019 23:00,1,1,0
1/3/2019 0:00,0,0,0
1/3/2019 1:00,0,0,0
1/3/2019 2:00,0,0,0
1/3/2019 3:00,0,0,0
1/3/2019 4:00,0,0,0
1/3/2019 5:00,0,0,0
1/3/2019 6:00,1,0,1
1/3/2019 7:00,6,5,1
1/3/2019 8:00,5,2,3
1/3/2019 9:00,3,2,1
1/3/2019 10:00,2,1,1
1/3/2019 11:00,7,4,3
1/3/2019 12:00,4,3,1
1/3/2019 13:00,3,2,1
1/3/2019 14:00,6,3,3
1/3/2019 15:00,3,1,2
1/3/2019 16:00,4,1,3
1/3/2019 17:00,5,0,5
1/3/2019 18:00,3,1,2
1/3/2019 19:00,7,4,3
1/3/2019 20:00,2,1,1
1/3/2019 21:00,2,0,2
1/3/2019 22:00,1,1,0
1/3/2019 23:00,0,0,0
1/4/2019 0:00,0,0,0
1/4/2019 1:00,0,0,0
1/4/2019 2:00,0,0,0
1/4/2019 3:00,0,0,0
1/4/2019 4:00,0,0,0
1/4/2019 5:00,0,0,0
1/4/2019 6:00,0,0,0
1/4/2019 7:00,5,3,2
1/4/2019 8:00,9,5,4
1/4/2019 9:00,7,3,4
1/4/2019 10:00,8,5,3
1/4/2019 11:00,4,2,2
1/4/2019 12:00,3,1,2
1/4/2019 13:00,3,3,0
1/4/2019 14:00,9,2,7
1/4/2019 15:00,10,6,4
1/4/2019 16:00,4,2,2
1/4/2019 17:00,6,6,0
1/4/2019 18:00,8,4,4
1/4/2019 19:00,6,4,2
1/4/2019 20:00,2,1,1
1/4/2019 21:00,2,0,2
1/4/2019 22:00,1,1,0
1/4/2019 23:00,0,0,0
1/5/2019 0:00,2,0,2
1/5/2019 1:00,0,0,0
1/5/2019 2:00,0,0,0
1/5/2019 3:00,0,0,0
1/5/2019 4:00,0,0,0
1/5/2019 5:00,0,0,0
1/5/2019 6:00,0,0,0
1/5/2019 7:00,0,0,0
1/5/2019 8:00,3,1,2
1/5/2019 9:00,1,0,1
1/5/2019 10:00,3,3,0
1/5/2019 11:00,15,12,3
1/5/2019 12:00,11,5,6
1/5/2019 13:00,12,7,5
1/5/2019 14:00,8,4,4
1/5/2019 15:00,18,9,9
1/5/2019 16:00,5,4,1
1/5/2019 17:00,3,1,2
1/5/2019 18:00,2,1,1
1/5/2019 19:00,3,2,1
1/5/2019 20:00,0,0,0
1/5/2019 21:00,0,0,0
1/5/2019 22:00,1,0,1
1/5/2019 23:00,0,0,0
1/6/2019 0:00,0,0,0
1/6/2019 1:00,1,1,0
1/6/2019 2:00,0,0,0
1/6/2019 3:00,0,0,0
1/6/2019 4:00,0,0,0
1/6/2019 5:00,0,0,0
1/6/2019 6:00,0,0,0
1/6/2019 7:00,0,0,0
1/6/2019 8:00,6,3,3
1/6/2019 9:00,2,1,1
1/6/2019 10:00,13,4,9
1/6/2019 11:00,6,4,2
1/6/2019 12:00,10,7,3
1/6/2019 13:00,9,7,2
1/6/2019 14:00,8,4,4
1/6/2019 15:00,4,1,3
1/6/2019 16:00,0,0,0
1/6/2019 17:00,3,1,2
1/6/2019 18:00,0,0,0
1/6/2019 19:00,2,1,1
1/6/2019 20:00,0,0,0
1/6/2019 21:00,1,1,0
1/6/2019 22:00,2,1,1
1/6/2019 23:00,0,0,0
1/7/2019 0:00,0,0,0
1/7/2019 1:00,0,0,0
1/7/2019 2:00,1,0,1
1/7/2019 3:00,0,0,0
1/7/2019 4:00,0,0,0
1/7/2019 5:00,0,0,0
1/7/2019 6:00,4,2,2
1/7/2019 7:00,9,5,4
1/7/2019 8:00,8,2,6
1/7/2019 9:00,6,4,2
1/7/2019 10:00,3,1,2
1/7/2019 11:00,7,7,0
1/7/2019 12:00,3,3,0
1/7/2019 13:00,6,3,3
1/7/2019 14:00,6,2,4
1/7/2019 15:00,8,5,3
1/7/2019 16:00,13,4,9
1/7/2019 17:00,8,4,4
1/7/2019 18:00,13,8,5
1/7/2019 19:00,10,5,5
1/7/2019 20:00,3,0,3
1/7/2019 21:00,3,2,1
1/7/2019 22:00,1,0,1
1/7/2019 23:00,2,0,2
1/8/2019 0:00,0,0,0
1/8/2019 1:00,1,1,0
1/8/2019 2:00,1,0,1
1/8/2019 3:00,1,0,1
1/8/2019 4:00,1,0,1
1/8/2019 5:00,1,0,1
1/8/2019 6:00,2,1,1
1/8/2019 7:00,5,1,4
1/8/2019 8:00,6,5,1
1/8/2019 9:00,3,1,2
1/8/2019 10:00,3,1,2
1/8/2019 11:00,7,3,4
1/8/2019 12:00,1,1,0
1/8/2019 13:00,2,0,2
1/8/2019 14:00,2,1,1
1/8/2019 15:00,5,4,1
1/8/2019 16:00,10,4,6
1/8/2019 17:00,7,3,4
1/8/2019 18:00,4,1,3
1/8/2019 19:00,4,2,2
1/8/2019 20:00,2,0,2
1/8/2019 21:00,1,0,1
1/8/2019 22:00,0,0,0
1/8/2019 23:00,0,0,0
1/9/2019 0:00,1,0,1
1/9/2019 1:00,0,0,0
1/9/2019 2:00,0,0,0
1/9/2019 3:00,0,0,0
1/9/2019 4:00,1,0,1
1/9/2019 5:00,0,0,0
1/9/2019 6:00,2,2,0
1/9/2019 7:00,5,2,3
1/9/2019 8:00,5,3,2
1/9/2019 9:00,4,3,1
1/9/2019 10:00,4,4,0
1/9/2019 11:00,4,3,1
1/9/2019 12:00,4,2,2
1/9/2019 13:00,2,1,1
1/9/2019 14:00,2,0,2
1/9/2019 15:00,8,5,3
1/9/2019 16:00,6,1,5
1/9/2019 17:00,11,4,7
1/9/2019 18:00,2,1,1
1/9/2019 19:00,3,2,1
1/9/2019 20:00,1,0,1
1/9/2019 21:00,3,0,3
1/9/2019 22:00,0,0,0
1/9/2019 23:00,3,0,3
1/10/2019 0:00,1,0,1
1/10/2019 1:00,1,1,0
1/10/2019 2:00,0,0,0
1/10/2019 3:00,1,1,0
1/10/2019 4:00,1,1,0
1/10/2019 5:00,1,0,1
1/10/2019 6:00,2,1,1
1/10/2019 7:00,6,3,3
1/10/2019 8:00,5,3,2
1/10/2019 9:00,4,2,2
1/10/2019 10:00,1,0,1
1/10/2019 11:00,8,4,4
1/10/2019 12:00,8,5,3
1/10/2019 13:00,4,1,3
1/10/2019 14:00,7,2,5
1/10/2019 15:00,6,3,3
1/10/2019 16:00,10,6,4
1/10/2019 17:00,13,4,9
1/10/2019 18:00,10,7,3
1/10/2019 19:00,7,4,3
1/10/2019 20:00,3,1,2
1/10/2019 21:00,3,0,3
1/10/2019 22:00,3,0,3
1/10/2019 23:00,2,0,2
1/11/2019 0:00,0,0,0
1/11/2019 1:00,0,0,0
1/11/2019 2:00,1,0,1
1/11/2019 3:00,0,0,0
1/11/2019 4:00,0,0,0
1/11/2019 5:00,1,0,1
1/11/2019 6:00,1,0,1
1/11/2019 7:00,3,3,0
1/11/2019 8:00,13,8,5
1/11/2019 9:00,6,3,3
1/11/2019 10:00,4,2,2
1/11/2019 11:00,2,1,1
1/11/2019 12:00,9,4,5
1/11/2019 13:00,6,3,3
1/11/2019 14:00,5,3,2
1/11/2019 15:00,6,5,1
1/11/2019 16:00,14,8,6
1/11/2019 17:00,13,9,4
1/11/2019 18:00,4,3,1
1/11/2019 19:00,3,0,3
1/11/2019 20:00,5,2,3
1/11/2019 21:00,1,0,1
1/11/2019 22:00,3,1,2
1/11/2019 23:00,1,1,0
1/12/2019 0:00,1,0,1
1/12/2019 1:00,0,0,0
1/12/2019 2:00,2,1,1
1/12/2019 3:00,3,2,1
1/12/2019 4:00,1,1,0
1/12/2019 5:00,0,0,0
1/12/2019 6:00,2,0,2
1/12/2019 7:00,1,0,1
1/12/2019 8:00,2,1,1
1/12/2019 9:00,4,4,0
1/12/2019 10:00,4,3,1
1/12/2019 11:00,10,8,2
1/12/2019 12:00,23,12,11
1/12/2019 13:00,10,6,4
1/12/2019 14:00,20,16,4
1/12/2019 15:00,23,10,13
1/12/2019 16:00,18,13,5
1/12/2019 17:00,9,4,5
1/12/2019 18:00,8,4,4
1/12/2019 19:00,2,1,1
1/12/2019 20:00,2,1,1
1/12/2019 21:00,1,1,0
1/12/2019 22:00,2,0,2
1/12/2019 23:00,0,0,0
1/13/2019 0:00,0,0,0
1/13/2019 1:00,0,0,0
1/13/2019 2:00,0,0,0
1/13/2019 3:00,2,1,1
1/13/2019 4:00,0,0,0
1/13/2019 5:00,1,1,0
1/13/2019 6:00,0,0,0
1/13/2019 7:00,0,0,0
1/13/2019 8:00,4,2,2
1/13/2019 9:00,13,12,1
1/13/2019 10:00,9,5,4
1/13/2019 11:00,13,7,6
1/13/2019 12:00,24,17,7
1/13/2019 13:00,24,18,6
1/13/2019 14:00,23,14,9
1/13/2019 15:00,28,14,14
1/13/2019 16:00,14,6,8
1/13/2019 17:00,14,9,5
1/13/2019 18:00,2,1,1
1/13/2019 19:00,3,1,2
1/13/2019 20:00,2,0,2
1/13/2019 21:00,3,0,3
1/13/2019 22:00,0,0,0
1/13/2019 23:00,0,0,0
1/14/2019 0:00,1,1,0
1/14/2019 1:00,1,0,1
1/14/2019 2:00,0,0,0
1/14/2019 3:00,0,0,0
1/14/2019 4:00,1,1,0
1/14/2019 5:00,0,0,0
1/14/2019 6:00,2,2,0
1/14/2019 7:00,7,3,4
1/14/2019 8:00,12,9,3
1/14/2019 9:00,3,1,2
1/14/2019 10:00,7,4,3
1/14/2019 11:00,5,4,1
1/14/2019 12:00,7,5,2
1/14/2019 13:00,4,2,2
1/14/2019 14:00,9,4,5
1/14/2019 15:00,12,7,5
1/14/2019 16:00,16,12,4
1/14/2019 17:00,10,5,5
1/14/2019 18:00,7,3,4
1/14/2019 19:00,8,4,4
1/14/2019 20:00,2,2,0
1/14/2019 21:00,2,1,1
1/14/2019 22:00,1,0,1
1/14/2019 23:00,0,0,0
1/15/2019 0:00,0,0,0
1/15/2019 1:00,0,0,0
1/15/2019 2:00,1,1,0
1/15/2019 3:00,0,0,0
1/15/2019 4:00,0,0,0
1/15/2019 5:00,0,0,0
1/15/2019 6:00,1,1,0
1/15/2019 7:00,7,5,2
1/15/2019 8:00,8,6,2
1/15/2019 9:00,5,2,3
1/15/2019 10:00,3,3,0
1/15/2019 11:00,12,7,5
1/15/2019 12:00,4,3,1
1/15/2019 13:00,6,3,3
1/15/2019 14:00,7,4,3
1/15/2019 15:00,3,2,1
1/15/2019 16:00,7,4,3
1/15/2019 17:00,13,5,8
1/15/2019 18:00,12,6,6
1/15/2019 19:00,3,1,2
1/15/2019 20:00,1,0,1
1/15/2019 21:00,4,3,1
1/15/2019 22:00,1,0,1
1/15/2019 23:00,0,0,0
1/16/2019 0:00,0,0,0
1/16/2019 1:00,0,0,0
1/16/2019 2:00,0,0,0
1/16/2019 3:00,0,0,0
1/16/2019 4:00,0,0,0
1/16/2019 5:00,2,2,0
1/16/2019 6:00,1,0,1
1/16/2019 7:00,3,0,3
1/16/2019 8:00,10,9,1
1/16/2019 9:00,4,2,2
1/16/2019 10:00,6,5,1
1/16/2019 11:00,10,7,3
1/16/2019 12:00,4,1,3
1/16/2019 13:00,12,9,3
1/16/2019 14:00,6,4,2
1/16/2019 15:00,6,1,5
1/16/2019 16:00,5,3,2
1/16/2019 17:00,14,4,10
1/16/2019 18:00,8,6,2
1/16/2019 19:00,4,2,2
1/16/2019 20:00,0,0,0
1/16/2019 21:00,1,0,1
1/16/2019 22:00,1,1,0
1/16/2019 23:00,1,0,1
1/17/2019 0:00,0,0,0
1/17/2019 1:00,0,0,0
1/17/2019 2:00,1,0,1
1/17/2019 3:00,1,1,0
1/17/2019 4:00,0,0,0
1/17/2019 5:00,1,1,0
1/17/2019 6:00,2,1,1
1/17/2019 7:00,6,4,2
1/17/2019 8:00,7,5,2
1/17/2019 9:00,6,4,2
1/17/2019 10:00,2,1,1
1/17/2019 11:00,2,0,2
1/17/2019 12:00,4,2,2
1/17/2019 13:00,6,4,2
1/17/2019 14:00,6,5,1
1/17/2019 15:00,3,2,1
1/17/2019 16:00,10,5,5
1/17/2019 17:00,15,7,8
1/17/2019 18:00,6,4,2
1/17/2019 19:00,6,3,3
1/17/2019 20:00,6,2,4
1/17/2019 21:00,4,2,2
1/17/2019 22:00,0,0,0
1/17/2019 23:00,0,0,0
1/18/2019 0:00,2,1,1
1/18/2019 1:00,0,0,0
1/18/2019 2:00,3,3,0
1/18/2019 3:00,0,0,0
1/18/2019 4:00,1,1,0
1/18/2019 5:00,2,1,1
1/18/2019 6:00,2,1,1
1/18/2019 7:00,7,1,6
1/18/2019 8:00,9,5,4
1/18/2019 9:00,4,3,1
1/18/2019 10:00,4,3,1
1/18/2019 11:00,5,4,1
1/18/2019 12:00,12,8,4
1/18/2019 13:00,7,6,1
1/18/2019 14:00,7,4,3
1/18/2019 15:00,5,3,2
1/18/2019 16:00,6,2,4
1/18/2019 17:00,13,9,4
1/18/2019 18:00,9,4,5
1/18/2019 19:00,4,2,2
1/18/2019 20:00,0,0,0
1/18/2019 21:00,0,0,0
1/18/2019 22:00,0,0,0
1/18/2019 23:00,0,0,0
1/19/2019 0:00,0,0,0
1/19/2019 1:00,0,0,0
1/19/2019 2:00,0,0,0
1/19/2019 3:00,1,1,0
1/19/2019 4:00,0,0,0
1/19/2019 5:00,0,0,0
1/19/2019 6:00,1,1,0
1/19/2019 7:00,0,0,0
1/19/2019 8:00,2,0,2
1/19/2019 9:00,2,2,0
1/19/2019 10:00,11,8,3
1/19/2019 11:00,5,3,2
1/19/2019 12:00,5,3,2
1/19/2019 13:00,9,6,3
1/19/2019 14:00,3,1,2
1/19/2019 15:00,12,7,5
1/19/2019 16:00,3,0,3
1/19/2019 17:00,4,2,2
1/19/2019 18:00,3,1,2
1/19/2019 19:00,2,1,1
1/19/2019 20:00,2,0,2
1/19/2019 21:00,4,1,3
1/19/2019 22:00,1,1,0
1/19/2019 23:00,0,0,0
1/20/2019 0:00,0,0,0
1/20/2019 1:00,1,1,0
1/20/2019 2:00,0,0,0
1/20/2019 3:00,1,0,1
1/20/2019 4:00,0,0,0
1/20/2019 5:00,0,0,0
1/20/2019 6:00,0,0,0
1/20/2019 7:00,0,0,0
1/20/2019 8:00,0,0,0
1/20/2019 9:00,1,0,1
1/20/2019 10:00,3,2,1
1/20/2019 11:00,14,8,6
1/20/2019 12:00,12,8,4
1/20/2019 13:00,13,7,6
1/20/2019 14:00,11,6,5
1/20/2019 15:00,16,7,9
1/20/2019 16:00,6,3,3
1/20/2019 17:00,6,4,2
1/20/2019 18:00,1,0,1
1/20/2019 19:00,2,0,2
1/20/2019 20:00,2,1,1
1/20/2019 21:00,3,1,2
1/20/2019 22:00,0,0,0
1/20/2019 23:00,0,0,0
1/21/2019 0:00,2,0,2
1/21/2019 1:00,1,1,0
1/21/2019 2:00,0,0,0
1/21/2019 3:00,0,0,0
1/21/2019 4:00,1,1,0
1/21/2019 5:00,0,0,0
1/21/2019 6:00,3,1,2
1/21/2019 7:00,4,2,2
1/21/2019 8:00,8,6,2
1/21/2019 9:00,3,2,1
1/21/2019 10:00,3,3,0
1/21/2019 11:00,2,0,2
1/21/2019 12:00,6,4,2
1/21/2019 13:00,8,5,3
1/21/2019 14:00,15,8,7
1/21/2019 15:00,6,5,1
1/21/2019 16:00,6,4,2
1/21/2019 17:00,11,6,5
1/21/2019 18:00,8,4,4
1/21/2019 19:00,7,3,4
1/21/2019 20:00,1,1,0
1/21/2019 21:00,1,1,0
1/21/2019 22:00,2,1,1
1/21/2019 23:00,0,0,0
1/22/2019 0:00,1,0,1
1/22/2019 1:00,1,0,1
1/22/2019 2:00,0,0,0
1/22/2019 3:00,1,1,0
1/22/2019 4:00,1,0,1
1/22/2019 5:00,0,0,0
1/22/2019 6:00,2,1,1
1/22/2019 7:00,5,2,3
1/22/2019 8:00,10,4,6
1/22/2019 9:00,8,6,2
1/22/2019 10:00,4,2,2
1/22/2019 11:00,3,1,2
1/22/2019 12:00,2,2,0
1/22/2019 13:00,5,3,2
1/22/2019 14:00,2,1,1
1/22/2019 15:00,1,0,1
1/22/2019 16:00,6,6,0
1/22/2019 17:00,12,2,10
1/22/2019 18:00,6,4,2
1/22/2019 19:00,3,1,2
1/22/2019 20:00,0,0,0
1/22/2019 21:00,1,0,1
1/22/2019 22:00,1,0,1
1/22/2019 23:00,0,0,0
1/23/2019 0:00,0,0,0
1/23/2019 1:00,0,0,0
1/23/2019 2:00,0,0,0
1/23/2019 3:00,0,0,0
1/23/2019 4:00,0,0,0
1/23/2019 5:00,1,0,1
1/23/2019 6:00,2,0,2
1/23/2019 7:00,5,1,4
1/23/2019 8:00,7,4,3
1/23/2019 9:00,3,3,0
1/23/2019 10:00,2,1,1
1/23/2019 11:00,3,2,1
1/23/2019 12:00,5,2,3
1/23/2019 13:00,7,2,5
1/23/2019 14:00,7,5,2
1/23/2019 15:00,3,1,2
1/23/2019 16:00,4,1,3
1/23/2019 17:00,12,5,7
1/23/2019 18:00,12,4,8
1/23/2019 19:00,5,3,2
1/23/2019 20:00,9,4,5
1/23/2019 21:00,3,0,3
1/23/2019 22:00,0,0,0
1/23/2019 23:00,0,0,0
1/24/2019 0:00,0,0,0
1/24/2019 1:00,0,0,0
1/24/2019 2:00,0,0,0
1/24/2019 3:00,0,0,0
1/24/2019 4:00,0,0,0
1/24/2019 5:00,0,0,0
1/24/2019 6:00,3,1,2
1/24/2019 7:00,9,3,6
1/24/2019 8:00,8,3,5
1/24/2019 9:00,3,0,3
1/24/2019 10:00,5,3,2
1/24/2019 11:00,4,3,1
1/24/2019 12:00,11,10,1
1/24/2019 13:00,4,1,3
1/24/2019 14:00,4,2,2
1/24/2019 15:00,4,1,3
1/24/2019 16:00,5,3,2
1/24/2019 17:00,14,4,10
1/24/2019 18:00,11,5,6
1/24/2019 19:00,6,1,5
1/24/2019 20:00,2,0,2
1/24/2019 21:00,3,1,2
1/24/2019 22:00,1,0,1
1/24/2019 23:00,0,0,0
1/25/2019 0:00,0,0,0
1/25/2019 1:00,0,0,0
1/25/2019 2:00,0,0,0
1/25/2019 3:00,0,0,0
1/25/2019 4:00,1,0,1
1/25/2019 5:00,0,0,0
1/25/2019 6:00,1,1,0
1/25/2019 7:00,2,0,2
1/25/2019 8:00,8,3,5
1/25/2019 9:00,6,1,5
1/25/2019 10:00,5,4,1
1/25/2019 11:00,1,1,0
1/25/2019 12:00,3,3,0
1/25/2019 13:00,5,2,3
1/25/2019 14:00,10,5,5
1/25/2019 15:00,6,2,4
1/25/2019 16:00,8,1,7
1/25/2019 17:00,12,5,7
1/25/2019 18:00,6,2,4
1/25/2019 19:00,6,2,4
1/25/2019 20:00,5,1,4
1/25/2019 21:00,4,2,2
1/25/2019 22:00,1,0,1
1/25/2019 23:00,2,0,2
1/26/2019 0:00,3,2,1
1/26/2019 1:00,1,0,1
1/26/2019 2:00,0,0,0
1/26/2019 3:00,1,1,0
1/26/2019 4:00,0,0,0
1/26/2019 5:00,0,0,0
1/26/2019 6:00,1,0,1
1/26/2019 7:00,2,1,1
1/26/2019 8:00,5,3,2
1/26/2019 9:00,4,1,3
1/26/2019 10:00,6,4,2
1/26/2019 11:00,8,6,2
1/26/2019 12:00,8,1,7
1/26/2019 13:00,14,6,8
1/26/2019 14:00,18,4,14
1/26/2019 15:00,16,7,9
1/26/2019 16:00,7,1,6
1/26/2019 17:00,6,1,5
1/26/2019 18:00,8,5,3
1/26/2019 19:00,2,2,0
1/26/2019 20:00,3,1,2
1/26/2019 21:00,2,1,1
1/26/2019 22:00,0,0,0
1/26/2019 23:00,1,1,0
1/27/2019 0:00,0,0,0
1/27/2019 1:00,1,1,0
1/27/2019 2:00,0,0,0
1/27/2019 3:00,1,0,1
1/27/2019 4:00,0,0,0
1/27/2019 5:00,1,1,0
1/27/2019 6:00,1,0,1
1/27/2019 7:00,1,1,0
1/27/2019 8:00,3,2,1
1/27/2019 9:00,2,2,0
1/27/2019 10:00,2,1,1
1/27/2019 11:00,9,7,2
1/27/2019 12:00,21,8,13
1/27/2019 13:00,12,9,3
1/27/2019 14:00,9,5,4
1/27/2019 15:00,12,5,7
1/27/2019 16:00,7,3,4
1/27/2019 17:00,4,2,2
1/27/2019 18:00,6,4,2
1/27/2019 19:00,3,3,0
1/27/2019 20:00,0,0,0
1/27/2019 21:00,0,0,0
1/27/2019 22:00,1,0,1
1/27/2019 23:00,2,1,1
1/28/2019 0:00,0,0,0
1/28/2019 1:00,0,0,0
1/28/2019 2:00,0,0,0
1/28/2019 3:00,1,0,1
1/28/2019 4:00,1,1,0
1/28/2019 5:00,0,0,0
1/28/2019 6:00,3,0,3
1/28/2019 7:00,4,1,3
1/28/2019 8:00,5,3,2
1/28/2019 9:00,3,1,2
1/28/2019 10:00,8,1,7
1/28/2019 11:00,2,2,0
1/28/2019 12:00,2,2,0
1/28/2019 13:00,8,2,6
1/28/2019 14:00,7,3,4
1/28/2019 15:00,2,1,1
1/28/2019 16:00,5,3,2
1/28/2019 17:00,12,3,9
1/28/2019 18:00,8,4,4
1/28/2019 19:00,3,0,3
1/28/2019 20:00,3,0,3
1/28/2019 21:00,2,0,2
1/28/2019 22:00,1,0,1
1/28/2019 23:00,0,0,0
1/29/2019 0:00,1,0,1
1/29/2019 1:00,1,0,1
1/29/2019 2:00,0,0,0
1/29/2019 3:00,0,0,0
1/29/2019 4:00,1,0,1
1/29/2019 5:00,0,0,0
1/29/2019 6:00,0,0,0
1/29/2019 7:00,3,1,2
1/29/2019 8:00,9,4,5
1/29/2019 9:00,4,2,2
1/29/2019 10:00,4,0,4
1/29/2019 11:00,3,2,1
1/29/2019 12:00,9,1,8
1/29/2019 13:00,3,1,2
1/29/2019 14:00,4,3,1
1/29/2019 15:00,4,1,3
1/29/2019 16:00,11,4,7
1/29/2019 17:00,8,2,6
1/29/2019 18:00,2,1,1
1/29/2019 19:00,3,0,3
1/29/2019 20:00,2,0,2
1/29/2019 21:00,2,0,2
1/29/2019 22:00,0,0,0
1/29/2019 23:00,0,0,0
1/30/2019 0:00,0,0,0
1/30/2019 1:00,0,0,0
1/30/2019 2:00,0,0,0
1/30/2019 3:00,0,0,0
1/30/2019 4:00,0,0,0
1/30/2019 5:00,1,1,0
1/30/2019 6:00,2,0,2
1/30/2019 7:00,3,0,3
1/30/2019 8:00,14,8,6
1/30/2019 9:00,5,4,1
1/30/2019 10:00,10,7,3
1/30/2019 11:00,4,4,0
1/30/2019 12:00,2,0,2
1/30/2019 13:00,6,4,2
1/30/2019 14:00,4,3,1
1/30/2019 15:00,7,2,5
1/30/2019 16:00,8,1,7
1/30/2019 17:00,17,7,10
1/30/2019 18:00,13,7,6
1/30/2019 19:00,5,1,4
1/30/2019 20:00,7,4,3
1/30/2019 21:00,2,1,1
1/30/2019 22:00,0,0,0
1/30/2019 23:00,0,0,0
1/31/2019 0:00,0,0,0
1/31/2019 1:00,1,0,1
1/31/2019 2:00,0,0,0
1/31/2019 3:00,0,0,0
1/31/2019 4:00,0,0,0
1/31/2019 5:00,0,0,0
1/31/2019 6:00,4,2,2
1/31/2019 7:00,6,3,3
1/31/2019 8:00,8,5,3
1/31/2019 9:00,8,5,3
1/31/2019 10:00,2,1,1
1/31/2019 11:00,2,2,0
1/31/2019 12:00,4,3,1
1/31/2019 13:00,3,3,0
1/31/2019 14:00,6,3,3
1/31/2019 15:00,9,3,6
1/31/2019 16:00,8,5,3
1/31/2019 17:00,13,6,7
1/31/2019 18:00,10,5,5
1/31/2019 19:00,8,6,2
1/31/2019 20:00,3,1,2
1/31/2019 21:00,3,2,1
1/31/2019 22:00,1,1,0
1/31/2019 23:00,0,0,0
3/1/2019 0:00,0,0,0
3/1/2019 1:00,0,0,0
3/1/2019 2:00,0,0,0
3/1/2019 3:00,1,1,0
3/1/2019 4:00,0,0,0
3/1/2019 5:00,0,0,0
3/1/2019 6:00,0,0,0
3/1/2019 7:00,1,0,1
3/1/2019 8:00,5,3,2
3/1/2019 9:00,5,2,3
3/1/2019 10:00,4,3,1
3/1/2019 11:00,3,1,2
3/1/2019 12:00,7,4,3
3/1/2019 13:00,2,1,1
3/1/2019 14:00,4,2,2
3/1/2019 15:00,12,8,4
3/1/2019 16:00,9,2,7
3/1/2019 17:00,15,7,8
3/1/2019 18:00,7,2,5
3/1/2019 19:00,2,1,1
3/1/2019 20:00,5,3,2
3/1/2019 21:00,5,1,4
3/1/2019 22:00,2,1,1
3/1/2019 23:00,0,0,0
3/2/2019 0:00,1,1,0
3/2/2019 1:00,0,0,0
3/2/2019 2:00,0,0,0
3/2/2019 3:00,1,1,0
3/2/2019 4:00,0,0,0
3/2/2019 5:00,0,0,0
3/2/2019 6:00,0,0,0
3/2/2019 7:00,0,0,0
3/2/2019 8:00,3,0,3
3/2/2019 9:00,7,5,2
3/2/2019 10:00,5,3,2
3/2/2019 11:00,5,2,3
3/2/2019 12:00,11,6,5
3/2/2019 13:00,10,5,5
3/2/2019 14:00,12,5,7
3/2/2019 15:00,11,6,5
3/2/2019 16:00,6,2,4
3/2/2019 17:00,10,2,8
3/2/2019 18:00,3,2,1
3/2/2019 19:00,2,0,2
3/2/2019 20:00,4,1,3
3/2/2019 21:00,1,0,1
3/2/2019 22:00,1,1,0
3/2/2019 23:00,0,0,0
3/3/2019 0:00,0,0,0
3/3/2019 1:00,0,0,0
3/3/2019 2:00,0,0,0
3/3/2019 3:00,0,0,0
3/3/2019 4:00,0,0,0
3/3/2019 5:00,1,0,1
3/3/2019 6:00,0,0,0
3/3/2019 7:00,0,0,0
3/3/2019 8:00,6,4,2
3/3/2019 9:00,2,1,1
3/3/2019 10:00,10,6,4
3/3/2019 11:00,13,10,3
3/3/2019 12:00,15,6,9
3/3/2019 13:00,8,6,2
3/3/2019 14:00,6,2,4
3/3/2019 15:00,16,8,8
3/3/2019 16:00,16,9,7
3/3/2019 17:00,7,4,3
3/3/2019 18:00,3,2,1
3/3/2019 19:00,2,1,1
3/3/2019 20:00,3,1,2
3/3/2019 21:00,4,3,1
3/3/2019 22:00,0,0,0
3/3/2019 23:00,1,1,0
3/4/2019 0:00,0,0,0
3/4/2019 1:00,0,0,0
3/4/2019 2:00,0,0,0
3/4/2019 3:00,0,0,0
3/4/2019 4:00,0,0,0
3/4/2019 5:00,2,1,1
3/4/2019 6:00,1,0,1
3/4/2019 7:00,3,0,3
3/4/2019 8:00,6,3,3
3/4/2019 9:00,3,2,1
3/4/2019 10:00,1,0,1
3/4/2019 11:00,4,2,2
3/4/2019 12:00,4,1,3
3/4/2019 13:00,4,3,1
3/4/2019 14:00,8,2,6
3/4/2019 15:00,7,3,4
3/4/2019 16:00,13,9,4
3/4/2019 17:00,9,6,3
3/4/2019 18:00,9,3,6
3/4/2019 19:00,7,4,3
3/4/2019 20:00,3,0,3
3/4/2019 21:00,2,0,2
3/4/2019 22:00,0,0,0
3/4/2019 23:00,1,0,1
3/5/2019 0:00,0,0,0
3/5/2019 1:00,0,0,0
3/5/2019 2:00,0,0,0
3/5/2019 3:00,1,1,0
3/5/2019 4:00,0,0,0
3/5/2019 5:00,1,0,1
3/5/2019 6:00,0,0,0
3/5/2019 7:00,5,4,1
3/5/2019 8:00,10,4,6
3/5/2019 9:00,3,2,1
3/5/2019 10:00,2,1,1
3/5/2019 11:00,2,1,1
3/5/2019 12:00,2,1,1
3/5/2019 13:00,1,1,0
3/5/2019 14:00,7,5,2
3/5/2019 15:00,8,4,4
3/5/2019 16:00,10,7,3
3/5/2019 17:00,8,5,3
3/5/2019 18:00,9,3,6
3/5/2019 19:00,7,5,2
3/5/2019 20:00,1,1,0
3/5/2019 21:00,4,2,2
3/5/2019 22:00,2,1,1
3/5/2019 23:00,0,0,0
3/6/2019 0:00,0,0,0
3/6/2019 1:00,0,0,0
3/6/2019 2:00,0,0,0
3/6/2019 3:00,0,0,0
3/6/2019 4:00,0,0,0
3/6/2019 5:00,2,0,2
3/6/2019 6:00,2,2,0
3/6/2019 7:00,9,3,6
3/6/2019 8:00,9,7,2
3/6/2019 9:00,6,4,2
3/6/2019 10:00,7,6,1
3/6/2019 11:00,9,6,3
3/6/2019 12:00,2,1,1
3/6/2019 13:00,2,0,2
3/6/2019 14:00,7,2,5
3/6/2019 15:00,8,6,2
3/6/2019 16:00,5,3,2
3/6/2019 17:00,7,2,5
3/6/2019 18:00,5,4,1
3/6/2019 19:00,9,9,0
3/6/2019 20:00,2,2,0
3/6/2019 21:00,2,0,2
3/6/2019 22:00,0,0,0
3/6/2019 23:00,0,0,0
3/7/2019 0:00,0,0,0
3/7/2019 1:00,0,0,0
3/7/2019 2:00,0,0,0
3/7/2019 3:00,1,1,0
3/7/2019 4:00,0,0,0
3/7/2019 5:00,0,0,0
3/7/2019 6:00,1,0,1
3/7/2019 7:00,4,1,3
3/7/2019 8:00,8,6,2
3/7/2019 9:00,4,2,2
3/7/2019 10:00,4,2,2
3/7/2019 11:00,4,4,0
3/7/2019 12:00,5,5,0
3/7/2019 13:00,1,0,1
3/7/2019 14:00,6,4,2
3/7/2019 15:00,7,5,2
3/7/2019 16:00,2,1,1
3/7/2019 17:00,11,6,5
3/7/2019 18:00,4,3,1
3/7/2019 19:00,5,3,2
3/7/2019 20:00,0,0,0
3/7/2019 21:00,2,1,1
3/7/2019 22:00,0,0,0
3/7/2019 23:00,1,0,1
3/8/2019 0:00,0,0,0
3/8/2019 1:00,0,0,0
3/8/2019 2:00,1,0,1
3/8/2019 3:00,1,1,0
3/8/2019 4:00,0,0,0
3/8/2019 5:00,0,0,0
3/8/2019 6:00,0,0,0
3/8/2019 7:00,3,0,3
3/8/2019 8:00,6,4,2
3/8/2019 9:00,6,5,1
3/8/2019 10:00,3,3,0
3/8/2019 11:00,1,1,0
3/8/2019 12:00,4,3,1
3/8/2019 13:00,4,2,2
3/8/2019 14:00,5,2,3
3/8/2019 15:00,3,1,2
3/8/2019 16:00,8,5,3
3/8/2019 17:00,7,4,3
3/8/2019 18:00,10,6,4
3/8/2019 19:00,9,5,4
3/8/2019 20:00,6,3,3
3/8/2019 21:00,2,1,1
3/8/2019 22:00,2,0,2
3/8/2019 23:00,1,0,1
3/9/2019 0:00,0,0,0
3/9/2019 1:00,0,0,0
3/9/2019 2:00,1,1,0
3/9/2019 3:00,1,1,0
3/9/2019 4:00,0,0,0
3/9/2019 5:00,0,0,0
3/9/2019 6:00,0,0,0
3/9/2019 7:00,2,0,2
3/9/2019 8:00,4,4,0
3/9/2019 9:00,6,4,2
3/9/2019 10:00,8,6,2
3/9/2019 11:00,11,7,4
3/9/2019 12:00,15,7,8
3/9/2019 13:00,5,3,2
3/9/2019 14:00,14,7,7
3/9/2019 15:00,14,6,8
3/9/2019 16:00,16,9,7
3/9/2019 17:00,5,2,3
3/9/2019 18:00,2,0,2
3/9/2019 19:00,7,1,6
3/9/2019 20:00,2,1,1
3/9/2019 21:00,0,0,0
3/9/2019 22:00,1,0,1
3/9/2019 23:00,0,0,0
3/10/2019 0:00,0,0,0
3/10/2019 1:00,0,0,0
3/10/2019 2:00,0,0,0
3/10/2019 3:00,0,0,0
3/10/2019 4:00,1,0,1
3/10/2019 5:00,1,1,0
3/10/2019 6:00,0,0,0
3/10/2019 7:00,0,0,0
3/10/2019 8:00,4,2,2
3/10/2019 9:00,4,2,2
3/10/2019 10:00,7,6,1
3/10/2019 11:00,9,7,2
3/10/2019 12:00,7,4,3
3/10/2019 13:00,19,16,3
3/10/2019 14:00,19,12,7
3/10/2019 15:00,7,4,3
3/10/2019 16:00,17,9,8
3/10/2019 17:00,14,5,9
3/10/2019 18:00,9,0,9
3/10/2019 19:00,0,0,0
3/10/2019 20:00,3,1,2
3/10/2019 21:00,0,0,0
3/10/2019 22:00,1,0,1
3/10/2019 23:00,0,0,0
3/11/2019 0:00,0,0,0
3/11/2019 1:00,0,0,0
3/11/2019 2:00,0,0,0
3/11/2019 3:00,0,0,0
3/11/2019 4:00,0,0,0
3/11/2019 5:00,0,0,0
3/11/2019 6:00,2,2,0
3/11/2019 7:00,1,0,1
3/11/2019 8:00,11,6,5
3/11/2019 9:00,8,6,2
3/11/2019 10:00,1,1,0
3/11/2019 11:00,5,3,2
3/11/2019 12:00,4,1,3
3/11/2019 13:00,2,1,1
3/11/2019 14:00,6,4,2
3/11/2019 15:00,2,1,1
3/11/2019 16:00,1,1,0
3/11/2019 17:00,12,5,7
3/11/2019 18:00,4,3,1
3/11/2019 19:00,7,4,3
3/11/2019 20:00,1,0,1
3/11/2019 21:00,0,0,0
3/11/2019 22:00,3,2,1
3/11/2019 23:00,1,0,1
3/12/2019 0:00,0,0,0
3/12/2019 1:00,0,0,0
3/12/2019 2:00,0,0,0
3/12/2019 3:00,0,0,0
3/12/2019 4:00,0,0,0
3/12/2019 5:00,1,1,0
3/12/2019 6:00,0,0,0
3/12/2019 7:00,5,2,3
3/12/2019 8:00,10,6,4
3/12/2019 9:00,7,5,2
3/12/2019 10:00,13,5,8
3/12/2019 11:00,2,1,1
3/12/2019 12:00,5,2,3
3/12/2019 13:00,8,1,7
3/12/2019 14:00,14,10,4
3/12/2019 15:00,12,2,10
3/12/2019 16:00,8,6,2
3/12/2019 17:00,8,4,4
3/12/2019 18:00,10,6,4
3/12/2019 19:00,7,3,4
3/12/2019 20:00,3,1,2
3/12/2019 21:00,0,0,0
3/12/2019 22:00,3,2,1
3/12/2019 23:00,1,0,1
3/13/2019 0:00,0,0,0
3/13/2019 1:00,0,0,0
3/13/2019 2:00,0,0,0
3/13/2019 3:00,0,0,0
3/13/2019 4:00,0,0,0
3/13/2019 5:00,1,1,0
3/13/2019 6:00,2,1,1
3/13/2019 7:00,4,1,3
3/13/2019 8:00,9,5,4
3/13/2019 9:00,3,3,0
3/13/2019 10:00,5,4,1
3/13/2019 11:00,5,4,1
3/13/2019 12:00,10,7,3
3/13/2019 13:00,2,2,0
3/13/2019 14:00,6,3,3
3/13/2019 15:00,11,7,4
3/13/2019 16:00,3,1,2
3/13/2019 17:00,14,5,9
3/13/2019 18:00,9,8,1
3/13/2019 19:00,9,6,3
3/13/2019 20:00,3,2,1
3/13/2019 21:00,3,0,3
3/13/2019 22:00,0,0,0
3/13/2019 23:00,0,0,0
3/14/2019 0:00,2,1,1
3/14/2019 1:00,2,1,1
3/14/2019 2:00,0,0,0
3/14/2019 3:00,0,0,0
3/14/2019 4:00,0,0,0
3/14/2019 5:00,0,0,0
3/14/2019 6:00,2,1,1
3/14/2019 7:00,7,3,4
3/14/2019 8:00,13,10,3
3/14/2019 9:00,7,3,4
3/14/2019 10:00,5,4,1
3/14/2019 11:00,4,2,2
3/14/2019 12:00,12,8,4
3/14/2019 13:00,10,4,6
3/14/2019 14:00,12,3,9
3/14/2019 15:00,15,5,10
3/14/2019 16:00,8,5,3
3/14/2019 17:00,13,7,6
3/14/2019 18:00,11,6,5
3/14/2019 19:00,9,7,2
3/14/2019 20:00,10,5,5
3/14/2019 21:00,5,3,2
3/14/2019 22:00,2,2,0
3/14/2019 23:00,2,1,1
3/15/2019 0:00,0,0,0
3/15/2019 1:00,0,0,0
3/15/2019 2:00,0,0,0
3/15/2019 3:00,1,0,1
3/15/2019 4:00,0,0,0
3/15/2019 5:00,1,0,1
3/15/2019 6:00,5,2,3
3/15/2019 7:00,4,1,3
3/15/2019 8:00,10,4,6
3/15/2019 9:00,11,9,2
3/15/2019 10:00,10,6,4
3/15/2019 11:00,6,4,2
3/15/2019 12:00,9,1,8
3/15/2019 13:00,8,5,3
3/15/2019 14:00,13,6,7
3/15/2019 15:00,14,6,8
3/15/2019 16:00,10,7,3
3/15/2019 17:00,8,1,7
3/15/2019 18:00,9,4,5
3/15/2019 19:00,4,1,3
3/15/2019 20:00,8,5,3
3/15/2019 21:00,2,1,1
3/15/2019 22:00,1,0,1
3/15/2019 23:00,0,0,0
3/16/2019 0:00,1,0,1
3/16/2019 1:00,0,0,0
3/16/2019 2:00,0,0,0
3/16/2019 3:00,0,0,0
3/16/2019 4:00,0,0,0
3/16/2019 5:00,1,0,1
3/16/2019 6:00,0,0,0
3/16/2019 7:00,1,0,1
3/16/2019 8:00,1,0,1
3/16/2019 9:00,2,1,1
3/16/2019 10:00,3,1,2
3/16/2019 11:00,7,3,4
3/16/2019 12:00,9,4,5
3/16/2019 13:00,4,2,2
3/16/2019 14:00,9,0,9
3/16/2019 15:00,17,3,14
3/16/2019 16:00,7,1,6
3/16/2019 17:00,9,6,3
3/16/2019 18:00,6,2,4
3/16/2019 19:00,5,2,3
3/16/2019 20:00,0,0,0
3/16/2019 21:00,2,1,1
3/16/2019 22:00,3,1,2
3/16/2019 23:00,0,0,0
3/17/2019 0:00,0,0,0
3/17/2019 1:00,0,0,0
3/17/2019 2:00,0,0,0
3/17/2019 3:00,0,0,0
3/17/2019 4:00,0,0,0
3/17/2019 5:00,1,1,0
3/17/2019 6:00,0,0,0
3/17/2019 7:00,3,0,3
3/17/2019 8:00,2,1,1
3/17/2019 9:00,2,1,1
3/17/2019 10:00,9,1,8
3/17/2019 11:00,8,3,5
3/17/2019 12:00,21,11,10
3/17/2019 13:00,17,10,7
3/17/2019 14:00,19,8,11
3/17/2019 15:00,15,7,8
3/17/2019 16:00,14,6,8
3/17/2019 17:00,22,4,18
3/17/2019 18:00,8,5,3
3/17/2019 19:00,12,3,9
3/17/2019 20:00,8,3,5
3/17/2019 21:00,0,0,0
3/17/2019 22:00,1,1,0
3/17/2019 23:00,1,0,1
3/18/2019 0:00,1,0,1
3/18/2019 1:00,0,0,0
3/18/2019 2:00,0,0,0
3/18/2019 3:00,0,0,0
3/18/2019 4:00,0,0,0
3/18/2019 5:00,1,0,1
3/18/2019 6:00,2,1,1
3/18/2019 7:00,6,0,6
3/18/2019 8:00,7,4,3
3/18/2019 9:00,5,1,4
3/18/2019 10:00,8,7,1
3/18/2019 11:00,6,4,2
3/18/2019 12:00,4,4,0
3/18/2019 13:00,4,2,2
3/18/2019 14:00,6,1,5
3/18/2019 15:00,14,8,6
3/18/2019 16:00,19,8,11
3/18/2019 17:00,12,2,10
3/18/2019 18:00,12,6,6
3/18/2019 19:00,9,2,7
3/18/2019 20:00,7,2,5
3/18/2019 21:00,1,0,1
3/18/2019 22:00,1,1,0
3/18/2019 23:00,3,1,2
3/19/2019 0:00,0,0,0
3/19/2019 1:00,0,0,0
3/19/2019 2:00,0,0,0
3/19/2019 3:00,0,0,0
3/19/2019 4:00,0,0,0
3/19/2019 5:00,0,0,0
3/19/2019 6:00,2,1,1
3/19/2019 7:00,6,3,3
3/19/2019 8:00,10,5,5
3/19/2019 9:00,7,3,4
3/19/2019 10:00,4,2,2
3/19/2019 11:00,6,3,3
3/19/2019 12:00,5,2,3
3/19/2019 13:00,7,1,6
3/19/2019 14:00,5,2,3
3/19/2019 15:00,9,3,6
3/19/2019 16:00,24,10,14
3/19/2019 17:00,18,9,9
3/19/2019 18:00,14,5,9
3/19/2019 19:00,12,3,9
3/19/2019 20:00,11,4,7
3/19/2019 21:00,6,2,4
3/19/2019 22:00,2,0,2
3/19/2019 23:00,1,0,1
3/20/2019 0:00,1,0,1
3/20/2019 1:00,0,0,0
3/20/2019 2:00,0,0,0
3/20/2019 3:00,0,0,0
3/20/2019 4:00,1,1,0
3/20/2019 5:00,0,0,0
3/20/2019 6:00,2,0,2
3/20/2019 7:00,8,3,5
3/20/2019 8:00,14,6,8
3/20/2019 9:00,10,6,4
3/20/2019 10:00,6,4,2
3/20/2019 11:00,5,1,4
3/20/2019 12:00,4,2,2
3/20/2019 13:00,5,1,4
3/20/2019 14:00,9,2,7
3/20/2019 15:00,7,4,3
3/20/2019 16:00,15,6,9
3/20/2019 17:00,19,6,13
3/20/2019 18:00,34,7,27
3/20/2019 19:00,10,4,6
3/20/2019 20:00,6,2,4
3/20/2019 21:00,4,3,1
3/20/2019 22:00,0,0,0
3/20/2019 23:00,0,0,0
3/21/2019 0:00,0,0,0
3/21/2019 1:00,1,0,1
3/21/2019 2:00,0,0,0
3/21/2019 3:00,1,1,0
3/21/2019 4:00,0,0,0
3/21/2019 5:00,0,0,0
3/21/2019 6:00,3,1,2
3/21/2019 7:00,9,5,4
3/21/2019 8:00,13,10,3
3/21/2019 9:00,7,3,4
3/21/2019 10:00,8,3,5
3/21/2019 11:00,5,3,2
3/21/2019 12:00,7,4,3
3/21/2019 13:00,4,2,2
3/21/2019 14:00,7,4,3
3/21/2019 15:00,7,5,2
3/21/2019 16:00,15,9,6
3/21/2019 17:00,12,6,6
3/21/2019 18:00,6,4,2
3/21/2019 19:00,8,4,4
3/21/2019 20:00,7,1,6
3/21/2019 21:00,3,2,1
3/21/2019 22:00,1,0,1
3/21/2019 23:00,2,1,1
3/22/2019 0:00,0,0,0
3/22/2019 1:00,0,0,0
3/22/2019 2:00,0,0,0
3/22/2019 3:00,1,1,0
3/22/2019 4:00,0,0,0
3/22/2019 5:00,0,0,0
3/22/2019 6:00,2,1,1
3/22/2019 7:00,4,2,2
3/22/2019 8:00,13,5,8
3/22/2019 9:00,9,3,6
3/22/2019 10:00,6,5,1
3/22/2019 11:00,13,10,3
3/22/2019 12:00,5,1,4
3/22/2019 13:00,8,5,3
3/22/2019 14:00,12,4,8
3/22/2019 15:00,9,5,4
3/22/2019 16:00,7,3,4
3/22/2019 17:00,14,6,8
3/22/2019 18:00,9,6,3
3/22/2019 19:00,5,1,4
3/22/2019 20:00,6,2,4
3/22/2019 21:00,2,1,1
3/22/2019 22:00,3,2,1
3/22/2019 23:00,0,0,0
3/23/2019 0:00,0,0,0
3/23/2019 1:00,0,0,0
3/23/2019 2:00,1,1,0
3/23/2019 3:00,1,1,0
3/23/2019 4:00,0,0,0
3/23/2019 5:00,0,0,0
3/23/2019 6:00,1,0,1
3/23/2019 7:00,1,1,0
3/23/2019 8:00,2,1,1
3/23/2019 9:00,2,2,0
3/23/2019 10:00,32,30,2
3/23/2019 11:00,8,4,4
3/23/2019 12:00,16,7,9
3/23/2019 13:00,10,7,3
3/23/2019 14:00,14,6,8
3/23/2019 15:00,11,7,4
3/23/2019 16:00,9,4,5
3/23/2019 17:00,9,5,4
3/23/2019 18:00,8,2,6
3/23/2019 19:00,9,2,7
3/23/2019 20:00,6,1,5
3/23/2019 21:00,3,0,3
3/23/2019 22:00,8,4,4
3/23/2019 23:00,1,0,1
3/24/2019 0:00,0,0,0
3/24/2019 1:00,0,0,0
3/24/2019 2:00,0,0,0
3/24/2019 3:00,0,0,0
3/24/2019 4:00,0,0,0
3/24/2019 5:00,0,0,0
3/24/2019 6:00,0,0,0
3/24/2019 7:00,1,1,0
3/24/2019 8:00,4,4,0
3/24/2019 9:00,10,5,5
3/24/2019 10:00,15,11,4
3/24/2019 11:00,15,9,6
3/24/2019 12:00,15,5,10
3/24/2019 13:00,12,7,5
3/24/2019 14:00,6,5,1
3/24/2019 15:00,14,4,10
3/24/2019 16:00,10,4,6
3/24/2019 17:00,13,8,5
3/24/2019 18:00,11,5,6
3/24/2019 19:00,1,1,0
3/24/2019 20:00,2,2,0
3/24/2019 21:00,2,1,1
3/24/2019 22:00,2,0,2
3/24/2019 23:00,1,1,0
3/25/2019 0:00,0,0,0
3/25/2019 1:00,1,0,1
3/25/2019 2:00,0,0,0
3/25/2019 3:00,0,0,0
3/25/2019 4:00,0,0,0
3/25/2019 5:00,0,0,0
3/25/2019 6:00,1,1,0
3/25/2019 7:00,3,2,1
3/25/2019 8:00,11,6,5
3/25/2019 9:00,5,4,1
3/25/2019 10:00,10,9,1
3/25/2019 11:00,9,4,5
3/25/2019 12:00,1,1,0
3/25/2019 13:00,9,7,2
3/25/2019 14:00,7,4,3
3/25/2019 15:00,3,3,0
3/25/2019 16:00,4,3,1
3/25/2019 17:00,15,9,6
3/25/2019 18:00,5,2,3
3/25/2019 19:00,5,2,3
3/25/2019 20:00,4,0,4
3/25/2019 21:00,2,1,1
3/25/2019 22:00,3,1,2
3/25/2019 23:00,0,0,0
3/26/2019 0:00,2,0,2
3/26/2019 1:00,0,0,0
3/26/2019 2:00,0,0,0
3/26/2019 3:00,0,0,0
3/26/2019 4:00,0,0,0
3/26/2019 5:00,2,0,2
3/26/2019 6:00,1,1,0
3/26/2019 7:00,9,4,5
3/26/2019 8:00,10,6,4
3/26/2019 9:00,7,4,3
3/26/2019 10:00,6,4,2
3/26/2019 11:00,5,3,2
3/26/2019 12:00,7,7,0
3/26/2019 13:00,8,6,2
3/26/2019 14:00,5,2,3
3/26/2019 15:00,8,1,7
3/26/2019 16:00,11,5,6
3/26/2019 17:00,18,10,8
3/26/2019 18:00,23,16,7
3/26/2019 19:00,18,9,9
3/26/2019 20:00,8,5,3
3/26/2019 21:00,5,1,4
3/26/2019 22:00,3,1,2
3/26/2019 23:00,1,0,1
3/27/2019 0:00,3,3,0
3/27/2019 1:00,0,0,0
3/27/2019 2:00,0,0,0
3/27/2019 3:00,0,0,0
3/27/2019 4:00,0,0,0
3/27/2019 5:00,0,0,0
3/27/2019 6:00,5,3,2
3/27/2019 7:00,10,3,7
3/27/2019 8:00,15,7,8
3/27/2019 9:00,10,5,5
3/27/2019 10:00,6,4,2
3/27/2019 11:00,6,5,1
3/27/2019 12:00,2,2,0
3/27/2019 13:00,7,4,3
3/27/2019 14:00,4,2,2
3/27/2019 15:00,6,3,3
3/27/2019 16:00,9,6,3
3/27/2019 17:00,19,10,9
3/27/2019 18:00,12,6,6
3/27/2019 19:00,11,4,7
3/27/2019 20:00,7,3,4
3/27/2019 21:00,2,2,0
3/27/2019 22:00,6,3,3
3/27/2019 23:00,1,0,1
3/28/2019 0:00,1,1,0
3/28/2019 1:00,0,0,0
3/28/2019 2:00,0,0,0
3/28/2019 3:00,0,0,0
3/28/2019 4:00,0,0,0
3/28/2019 5:00,0,0,0
3/28/2019 6:00,6,1,5
3/28/2019 7:00,15,6,9
3/28/2019 8:00,16,7,9
3/28/2019 9:00,12,3,9
3/28/2019 10:00,7,4,3
3/28/2019 11:00,5,3,2
3/28/2019 12:00,8,2,6
3/28/2019 13:00,11,6,5
3/28/2019 14:00,9,4,5
3/28/2019 15:00,8,8,0
3/28/2019 16:00,11,6,5
3/28/2019 17:00,17,5,12
3/28/2019 18:00,11,3,8
3/28/2019 19:00,13,2,11
3/28/2019 20:00,5,1,4
3/28/2019 21:00,1,0,1
3/28/2019 22:00,7,4,3
3/28/2019 23:00,0,0,0
3/29/2019 0:00,0,0,0
3/29/2019 1:00,2,1,1
3/29/2019 2:00,1,1,0
3/29/2019 3:00,1,1,0
3/29/2019 4:00,0,0,0
3/29/2019 5:00,1,0,1
3/29/2019 6:00,1,0,1
3/29/2019 7:00,6,2,4
3/29/2019 8:00,11,6,5
3/29/2019 9:00,11,7,4
3/29/2019 10:00,7,5,2
3/29/2019 11:00,5,3,2
3/29/2019 12:00,12,5,7
3/29/2019 13:00,9,4,5
3/29/2019 14:00,5,4,1
3/29/2019 15:00,11,6,5
3/29/2019 16:00,8,3,5
3/29/2019 17:00,9,2,7
3/29/2019 18:00,10,4,6
3/29/2019 19:00,10,5,5
3/29/2019 20:00,5,4,1
3/29/2019 21:00,6,3,3
3/29/2019 22:00,4,2,2
3/29/2019 23:00,1,1,0
3/30/2019 0:00,0,0,0
3/30/2019 1:00,2,1,1
3/30/2019 2:00,0,0,0
3/30/2019 3:00,1,1,0
3/30/2019 4:00,0,0,0
3/30/2019 5:00,0,0,0
3/30/2019 6:00,0,0,0
3/30/2019 7:00,1,0,1
3/30/2019 8:00,4,1,3
3/30/2019 9:00,7,5,2
3/30/2019 10:00,6,0,6
3/30/2019 11:00,10,1,9
3/30/2019 12:00,17,5,12
3/30/2019 13:00,17,11,6
3/30/2019 14:00,23,10,13
3/30/2019 15:00,13,5,8
3/30/2019 16:00,22,8,14
3/30/2019 17:00,16,9,7
3/30/2019 18:00,12,10,2
3/30/2019 19:00,14,4,10
3/30/2019 20:00,11,4,7
3/30/2019 21:00,4,4,0
3/30/2019 22:00,3,3,0
3/30/2019 23:00,2,1,1
3/31/2019 0:00,4,4,0
3/31/2019 1:00,0,0,0
3/31/2019 2:00,2,2,0
3/31/2019 3:00,1,1,0
3/31/2019 4:00,0,0,0
3/31/2019 5:00,1,0,1
3/31/2019 6:00,0,0,0
3/31/2019 7:00,5,0,5
3/31/2019 8:00,1,1,0
3/31/2019 9:00,5,5,0
3/31/2019 10:00,16,11,5
3/31/2019 11:00,18,11,7
3/31/2019 12:00,28,18,10
3/31/2019 13:00,15,8,7
3/31/2019 14:00,29,18,11
3/31/2019 15:00,24,12,12
3/31/2019 16:00,20,14,6
3/31/2019 17:00,20,9,11
3/31/2019 18:00,7,4,3
3/31/2019 19:00,2,2,0
3/31/2019 20:00,8,1,7
3/31/2019 21:00,2,1,1
3/31/2019 22:00,1,0,1
3/31/2019 23:00,0,0,0
4/1/2019 0:00,0,0,0
4/1/2019 1:00,0,0,0
4/1/2019 2:00,1,1,0
4/1/2019 3:00,1,1,0
4/1/2019 4:00,0,0,0
4/1/2019 5:00,1,1,0
4/1/2019 6:00,1,0,1
4/1/2019 7:00,4,1,3
4/1/2019 8:00,11,7,4
4/1/2019 9:00,9,4,5
4/1/2019 10:00,8,5,3
4/1/2019 11:00,2,2,0
4/1/2019 12:00,3,2,1
4/1/2019 13:00,3,1,2
4/1/2019 14:00,7,4,3
4/1/2019 15:00,8,3,5
4/1/2019 16:00,10,8,2
4/1/2019 17:00,17,9,8
4/1/2019 18:00,10,5,5
4/1/2019 19:00,11,6,5
4/1/2019 20:00,5,2,3
4/1/2019 21:00,1,1,0
4/1/2019 22:00,2,1,1
4/1/2019 23:00,4,0,4
4/2/2019 0:00,0,0,0
4/2/2019 1:00,0,0,0
4/2/2019 2:00,0,0,0
4/2/2019 3:00,0,0,0
4/2/2019 4:00,1,0,1
4/2/2019 5:00,0,0,0
4/2/2019 6:00,3,1,2
4/2/2019 7:00,10,4,6
4/2/2019 8:00,11,4,7
4/2/2019 9:00,6,2,4
4/2/2019 10:00,7,3,4
4/2/2019 11:00,3,2,1
4/2/2019 12:00,5,5,0
4/2/2019 13:00,9,4,5
4/2/2019 14:00,8,1,7
4/2/2019 15:00,8,4,4
4/2/2019 16:00,11,5,6
4/2/2019 17:00,15,8,7
4/2/2019 18:00,11,6,5
4/2/2019 19:00,14,8,6
4/2/2019 20:00,4,1,3
4/2/2019 21:00,6,2,4
4/2/2019 22:00,2,0,2
4/2/2019 23:00,0,0,0
4/3/2019 0:00,0,0,0
4/3/2019 1:00,0,0,0
4/3/2019 2:00,0,0,0
4/3/2019 3:00,1,1,0
4/3/2019 4:00,0,0,0
4/3/2019 5:00,1,1,0
4/3/2019 6:00,5,1,4
4/3/2019 7:00,3,1,2
4/3/2019 8:00,8,5,3
4/3/2019 9:00,6,4,2
4/3/2019 10:00,2,2,0
4/3/2019 11:00,4,1,3
4/3/2019 12:00,2,2,0
4/3/2019 13:00,6,4,2
4/3/2019 14:00,5,3,2
4/3/2019 15:00,7,4,3
4/3/2019 16:00,4,2,2
4/3/2019 17:00,12,5,7
4/3/2019 18:00,7,4,3
4/3/2019 19:00,4,1,3
4/3/2019 20:00,6,3,3
4/3/2019 21:00,6,4,2
4/3/2019 22:00,1,1,0
4/3/2019 23:00,0,0,0
4/4/2019 0:00,0,0,0
4/4/2019 1:00,0,0,0
4/4/2019 2:00,0,0,0
4/4/2019 3:00,0,0,0
4/4/2019 4:00,0,0,0
4/4/2019 5:00,0,0,0
4/4/2019 6:00,3,2,1
4/4/2019 7:00,14,8,6
4/4/2019 8:00,11,7,4
4/4/2019 9:00,7,3,4
4/4/2019 10:00,9,7,2
4/4/2019 11:00,4,2,2
4/4/2019 12:00,7,3,4
4/4/2019 13:00,7,2,5
4/4/2019 14:00,8,4,4
4/4/2019 15:00,9,6,3
4/4/2019 16:00,13,5,8
4/4/2019 17:00,16,4,12
4/4/2019 18:00,14,3,11
4/4/2019 19:00,11,4,7
4/4/2019 20:00,8,3,5
4/4/2019 21:00,2,0,2
4/4/2019 22:00,1,1,0
4/4/2019 23:00,4,0,4
4/5/2019 0:00,2,0,2
4/5/2019 1:00,1,1,0
4/5/2019 2:00,1,1,0
4/5/2019 3:00,1,1,0
4/5/2019 4:00,0,0,0
4/5/2019 5:00,1,1,0
4/5/2019 6:00,3,1,2
4/5/2019 7:00,4,2,2
4/5/2019 8:00,8,6,2
4/5/2019 9:00,5,3,2
4/5/2019 10:00,7,3,4
4/5/2019 11:00,5,2,3
4/5/2019 12:00,7,4,3
4/5/2019 13:00,7,0,7
4/5/2019 14:00,4,0,4
4/5/2019 15:00,7,5,2
4/5/2019 16:00,7,4,3
4/5/2019 17:00,10,5,5
4/5/2019 18:00,6,2,4
4/5/2019 19:00,9,4,5
4/5/2019 20:00,5,2,3
4/5/2019 21:00,4,0,4
4/5/2019 22:00,2,0,2
4/5/2019 23:00,0,0,0
4/6/2019 0:00,1,0,1
4/6/2019 1:00,2,1,1
4/6/2019 2:00,0,0,0
4/6/2019 3:00,1,1,0
4/6/2019 4:00,1,1,0
4/6/2019 5:00,0,0,0
4/6/2019 6:00,1,0,1
4/6/2019 7:00,4,0,4
4/6/2019 8:00,2,1,1
4/6/2019 9:00,0,0,0
4/6/2019 10:00,8,4,4
4/6/2019 11:00,9,2,7
4/6/2019 12:00,6,2,4
4/6/2019 13:00,4,0,4
4/6/2019 14:00,6,1,5
4/6/2019 15:00,6,3,3
4/6/2019 16:00,3,1,2
4/6/2019 17:00,6,2,4
4/6/2019 18:00,3,0,3
4/6/2019 19:00,4,3,1
4/6/2019 20:00,8,2,6
4/6/2019 21:00,4,2,2
4/6/2019 22:00,2,1,1
4/6/2019 23:00,4,0,4
4/7/2019 0:00,1,0,1
4/7/2019 1:00,0,0,0
4/7/2019 2:00,0,0,0
4/7/2019 3:00,0,0,0
4/7/2019 4:00,0,0,0
4/7/2019 5:00,0,0,0
4/7/2019 6:00,0,0,0
4/7/2019 7:00,0,0,0
4/7/2019 8:00,2,1,1
4/7/2019 9:00,5,1,4
4/7/2019 10:00,9,3,6
4/7/2019 11:00,30,16,14
4/7/2019 12:00,25,5,20
4/7/2019 13:00,25,12,13
4/7/2019 14:00,16,8,8
4/7/2019 15:00,11,6,5
4/7/2019 16:00,13,6,7
4/7/2019 17:00,7,2,5
4/7/2019 18:00,8,3,5
4/7/2019 19:00,7,3,4
4/7/2019 20:00,3,0,3
4/7/2019 21:00,1,0,1
4/7/2019 22:00,3,1,2
4/7/2019 23:00,0,0,0
4/8/2019 0:00,0,0,0
4/8/2019 1:00,1,1,0
4/8/2019 2:00,0,0,0
4/8/2019 3:00,0,0,0
4/8/2019 4:00,0,0,0
4/8/2019 5:00,1,1,0
4/8/2019 6:00,3,1,2
4/8/2019 7:00,8,4,4
4/8/2019 8:00,8,5,3
4/8/2019 9:00,8,2,6
4/8/2019 10:00,2,2,0
4/8/2019 11:00,6,3,3
4/8/2019 12:00,9,1,8
4/8/2019 13:00,4,3,1
4/8/2019 14:00,6,3,3
4/8/2019 15:00,9,3,6
4/8/2019 16:00,12,5,7
4/8/2019 17:00,16,6,10
4/8/2019 18:00,12,3,9
4/8/2019 19:00,12,5,7
4/8/2019 20:00,5,4,1
4/8/2019 21:00,5,1,4
4/8/2019 22:00,3,2,1
4/8/2019 23:00,1,0,1
4/9/2019 0:00,0,0,0
4/9/2019 1:00,0,0,0
4/9/2019 2:00,0,0,0
4/9/2019 3:00,1,0,1
4/9/2019 4:00,0,0,0
4/9/2019 5:00,1,0,1
4/9/2019 6:00,1,1,0
4/9/2019 7:00,4,3,1
4/9/2019 8:00,8,2,6
4/9/2019 9:00,8,1,7
4/9/2019 10:00,6,2,4
4/9/2019 11:00,5,1,4
4/9/2019 12:00,5,3,2
4/9/2019 13:00,5,4,1
4/9/2019 14:00,3,2,1
4/9/2019 15:00,15,9,6
4/9/2019 16:00,8,6,2
4/9/2019 17:00,16,12,4
4/9/2019 18:00,19,7,12
4/9/2019 19:00,11,7,4
4/9/2019 20:00,9,5,4
4/9/2019 21:00,5,1,4
4/9/2019 22:00,2,1,1
4/9/2019 23:00,0,0,0
4/10/2019 0:00,1,0,1
4/10/2019 1:00,0,0,0
4/10/2019 2:00,1,1,0
4/10/2019 3:00,0,0,0
4/10/2019 4:00,0,0,0
4/10/2019 5:00,0,0,0
4/10/2019 6:00,1,0,1
4/10/2019 7:00,4,1,3
4/10/2019 8:00,7,5,2
4/10/2019 9:00,7,3,4
4/10/2019 10:00,4,1,3
4/10/2019 11:00,6,4,2
4/10/2019 12:00,7,4,3
4/10/2019 13:00,3,2,1
4/10/2019 14:00,10,5,5
4/10/2019 15:00,6,3,3
4/10/2019 16:00,3,1,2
4/10/2019 17:00,13,3,10
4/10/2019 18:00,3,1,2
4/10/2019 19:00,3,0,3
4/10/2019 20:00,1,0,1
4/10/2019 21:00,2,1,1
4/10/2019 22:00,2,0,2
4/10/2019 23:00,0,0,0
4/11/2019 0:00,2,1,1
4/11/2019 1:00,1,0,1
4/11/2019 2:00,2,0,2
4/11/2019 3:00,1,0,1
4/11/2019 4:00,0,0,0
4/11/2019 5:00,0,0,0
4/11/2019 6:00,0,0,0
4/11/2019 7:00,4,0,4
4/11/2019 8:00,4,4,0
4/11/2019 9:00,6,1,5
4/11/2019 10:00,2,1,1
4/11/2019 11:00,2,0,2
4/11/2019 12:00,4,2,2
4/11/2019 13:00,5,2,3
4/11/2019 14:00,5,2,3
4/11/2019 15:00,9,1,8
4/11/2019 16:00,6,0,6
4/11/2019 17:00,8,2,6
4/11/2019 18:00,8,2,6
4/11/2019 19:00,9,5,4
4/11/2019 20:00,2,1,1
4/11/2019 21:00,7,4,3
4/11/2019 22:00,3,0,3
4/11/2019 23:00,2,0,2
4/12/2019 0:00,0,0,0
4/12/2019 1:00,2,2,0
4/12/2019 2:00,0,0,0
4/12/2019 3:00,0,0,0
4/12/2019 4:00,0,0,0
4/12/2019 5:00,1,0,1
4/12/2019 6:00,0,0,0
4/12/2019 7:00,6,1,5
4/12/2019 8:00,7,4,3
4/12/2019 9:00,4,2,2
4/12/2019 10:00,2,0,2
4/12/2019 11:00,7,2,5
4/12/2019 12:00,5,1,4
4/12/2019 13:00,3,2,1
4/12/2019 14:00,6,2,4
4/12/2019 15:00,4,1,3
4/12/2019 16:00,12,6,6
4/12/2019 17:00,10,3,7
4/12/2019 18:00,9,0,9
4/12/2019 19:00,7,2,5
4/12/2019 20:00,4,0,4
4/12/2019 21:00,4,0,4
4/12/2019 22:00,4,0,4
4/12/2019 23:00,0,0,0
4/13/2019 0:00,3,0,3
4/13/2019 1:00,1,0,1
4/13/2019 2:00,0,0,0
4/13/2019 3:00,0,0,0
4/13/2019 4:00,1,0,1
4/13/2019 5:00,0,0,0
4/13/2019 6:00,1,0,1
4/13/2019 7:00,0,0,0
4/13/2019 8:00,1,0,1
4/13/2019 9:00,2,1,1
4/13/2019 10:00,5,1,4
4/13/2019 11:00,5,2,3
4/13/2019 12:00,7,3,4
4/13/2019 13:00,8,2,6
4/13/2019 14:00,11,4,7
4/13/2019 15:00,7,3,4
4/13/2019 16:00,7,2,5
4/13/2019 17:00,2,2,0
4/13/2019 18:00,6,4,2
4/13/2019 19:00,7,1,6
4/13/2019 20:00,6,3,3
4/13/2019 21:00,3,2,1
4/13/2019 22:00,2,0,2
4/13/2019 23:00,0,0,0
4/14/2019 0:00,2,1,1
4/14/2019 1:00,1,0,1
4/14/2019 2:00,1,0,1
4/14/2019 3:00,0,0,0
4/14/2019 4:00,0,0,0
4/14/2019 5:00,0,0,0
4/14/2019 6:00,0,0,0
4/14/2019 7:00,2,1,1
4/14/2019 8:00,0,0,0
4/14/2019 9:00,4,2,2
4/14/2019 10:00,8,4,4
4/14/2019 11:00,15,6,9
4/14/2019 12:00,14,6,8
4/14/2019 13:00,15,11,4
4/14/2019 14:00,19,11,8
4/14/2019 15:00,12,6,6
4/14/2019 16:00,12,6,6
4/14/2019 17:00,1,0,1
4/14/2019 18:00,2,0,2
4/14/2019 19:00,1,1,0
4/14/2019 20:00,1,1,0
4/14/2019 21:00,5,1,4
4/14/2019 22:00,0,0,0
4/14/2019 23:00,0,0,0
4/15/2019 0:00,0,0,0
4/15/2019 1:00,0,0,0
4/15/2019 2:00,0,0,0
4/15/2019 3:00,0,0,0
4/15/2019 4:00,1,1,0
4/15/2019 5:00,0,0,0
4/15/2019 6:00,1,1,0
4/15/2019 7:00,7,2,5
4/15/2019 8:00,9,7,2
4/15/2019 9:00,4,3,1
4/15/2019 10:00,6,3,3
4/15/2019 11:00,6,4,2
4/15/2019 12:00,5,4,1
4/15/2019 13:00,4,0,4
4/15/2019 14:00,3,2,1
4/15/2019 15:00,4,2,2
4/15/2019 16:00,7,0,7
4/15/2019 17:00,9,1,8
4/15/2019 18:00,1,1,0
4/15/2019 19:00,8,2,6
4/15/2019 20:00,1,0,1
4/15/2019 21:00,1,1,0
4/15/2019 22:00,1,1,0
4/15/2019 23:00,1,0,1
4/16/2019 0:00,1,0,1
4/16/2019 1:00,0,0,0
4/16/2019 2:00,1,0,1
4/16/2019 3:00,0,0,0
4/16/2019 4:00,1,0,1
4/16/2019 5:00,0,0,0
4/16/2019 6:00,2,1,1
4/16/2019 7:00,14,5,9
4/16/2019 8:00,9,3,6
4/16/2019 9:00,6,0,6
4/16/2019 10:00,5,2,3
4/16/2019 11:00,4,1,3
4/16/2019 12:00,1,1,0
4/16/2019 13:00,1,0,1
4/16/2019 14:00,4,2,2
4/16/2019 15:00,3,0,3
4/16/2019 16:00,8,2,6
4/16/2019 17:00,10,3,7
4/16/2019 18:00,4,0,4
4/16/2019 19:00,7,2,5
4/16/2019 20:00,6,1,5
4/16/2019 21:00,1,0,1
4/16/2019 22:00,0,0,0
4/16/2019 23:00,0,0,0
4/17/2019 0:00,0,0,0
4/17/2019 1:00,0,0,0
4/17/2019 2:00,0,0,0
4/17/2019 3:00,0,0,0
4/17/2019 4:00,1,1,0
4/17/2019 5:00,0,0,0
4/17/2019 6:00,3,0,3
4/17/2019 7:00,4,0,4
4/17/2019 8:00,9,7,2
4/17/2019 9:00,2,1,1
4/17/2019 10:00,1,1,0
4/17/2019 11:00,1,1,0
4/17/2019 12:00,4,2,2
4/17/2019 13:00,3,0,3
4/17/2019 14:00,7,2,5
4/17/2019 15:00,8,3,5
4/17/2019 16:00,14,7,7
4/17/2019 17:00,12,4,8
4/17/2019 18:00,11,2,9
4/17/2019 19:00,6,2,4
4/17/2019 20:00,6,3,3
4/17/2019 21:00,5,3,2
4/17/2019 22:00,2,1,1
4/17/2019 23:00,1,0,1
4/18/2019 0:00,1,1,0
4/18/2019 1:00,0,0,0
4/18/2019 2:00,0,0,0
4/18/2019 3:00,0,0,0
4/18/2019 4:00,0,0,0
4/18/2019 5:00,0,0,0
4/18/2019 6:00,3,0,3
4/18/2019 7:00,7,3,4
4/18/2019 8:00,6,3,3
4/18/2019 9:00,6,2,4
4/18/2019 10:00,4,3,1
4/18/2019 11:00,5,4,1
4/18/2019 12:00,6,4,2
4/18/2019 13:00,3,2,1
4/18/2019 14:00,2,1,1
4/18/2019 15:00,3,1,2
4/18/2019 16:00,5,1,4
4/18/2019 17:00,8,2,6
4/18/2019 18:00,13,3,10
4/18/2019 19:00,14,4,10
4/18/2019 20:00,5,3,2
4/18/2019 21:00,2,1,1
4/18/2019 22:00,0,0,0
4/18/2019 23:00,0,0,0
4/19/2019 0:00,1,1,0
4/19/2019 1:00,0,0,0
4/19/2019 2:00,0,0,0
4/19/2019 3:00,1,1,0
4/19/2019 4:00,0,0,0
4/19/2019 5:00,1,0,1
4/19/2019 6:00,1,1,0
4/19/2019 7:00,2,0,2
4/19/2019 8:00,6,4,2
4/19/2019 9:00,3,1,2
4/19/2019 10:00,4,3,1
4/19/2019 11:00,6,3,3
4/19/2019 12:00,2,1,1
4/19/2019 13:00,5,3,2
4/19/2019 14:00,5,2,3
4/19/2019 15:00,9,6,3
4/19/2019 16:00,5,1,4
4/19/2019 17:00,13,6,7
4/19/2019 18:00,5,4,1
4/19/2019 19:00,9,6,3
4/19/2019 20:00,8,2,6
4/19/2019 21:00,3,1,2
4/19/2019 22:00,3,2,1
4/19/2019 23:00,1,1,0
4/20/2019 0:00,1,0,1
4/20/2019 1:00,0,0,0
4/20/2019 2:00,0,0,0
4/20/2019 3:00,0,0,0
4/20/2019 4:00,0,0,0
4/20/2019 5:00,0,0,0
4/20/2019 6:00,2,0,2
4/20/2019 7:00,2,0,2
4/20/2019 8:00,4,3,1
4/20/2019 9:00,7,6,1
4/20/2019 10:00,20,10,10
4/20/2019 11:00,11,1,10
4/20/2019 12:00,8,4,4
4/20/2019 13:00,15,8,7
4/20/2019 14:00,12,7,5
4/20/2019 15:00,7,6,1
4/20/2019 16:00,10,4,6
4/20/2019 17:00,10,7,3
4/20/2019 18:00,11,4,7
4/20/2019 19:00,6,2,4
4/20/2019 20:00,3,1,2
4/20/2019 21:00,3,2,1
4/20/2019 22:00,1,1,0
4/20/2019 23:00,0,0,0
4/21/2019 0:00,0,0,0
4/21/2019 1:00,0,0,0
4/21/2019 2:00,0,0,0
4/21/2019 3:00,0,0,0
4/21/2019 4:00,0,0,0
4/21/2019 5:00,1,0,1
4/21/2019 6:00,1,0,1
4/21/2019 7:00,1,0,1
4/21/2019 8:00,1,1,0
4/21/2019 9:00,5,4,1
4/21/2019 10:00,8,6,2
4/21/2019 11:00,9,5,4
4/21/2019 12:00,7,7,0
4/21/2019 13:00,14,7,7
4/21/2019 14:00,7,4,3
4/21/2019 15:00,18,9,9
4/21/2019 16:00,13,7,6
4/21/2019 17:00,13,4,9
4/21/2019 18:00,12,4,8
4/21/2019 19:00,3,1,2
4/21/2019 20:00,4,4,0
4/21/2019 21:00,3,1,2
4/21/2019 22:00,1,0,1
4/21/2019 23:00,0,0,0
4/22/2019 0:00,0,0,0
4/22/2019 1:00,0,0,0
4/22/2019 2:00,0,0,0
4/22/2019 3:00,1,1,0
4/22/2019 4:00,0,0,0
4/22/2019 5:00,1,0,1
4/22/2019 6:00,4,2,2
4/22/2019 7:00,9,2,7
4/22/2019 8:00,1,0,1
4/22/2019 9:00,4,2,2
4/22/2019 10:00,1,0,1
4/22/2019 11:00,2,0,2
4/22/2019 12:00,3,1,2
4/22/2019 13:00,4,2,2
4/22/2019 14:00,6,2,4
4/22/2019 15:00,6,1,5
4/22/2019 16:00,3,1,2
4/22/2019 17:00,9,1,8
4/22/2019 18:00,4,0,4
4/22/2019 19:00,4,2,2
4/22/2019 20:00,1,0,1
4/22/2019 21:00,0,0,0
4/22/2019 22:00,3,1,2
4/22/2019 23:00,1,0,1
4/23/2019 0:00,0,0,0
4/23/2019 1:00,1,0,1
4/23/2019 2:00,1,0,1
4/23/2019 3:00,0,0,0
4/23/2019 4:00,0,0,0
4/23/2019 5:00,0,0,0
4/23/2019 6:00,2,2,0
4/23/2019 7:00,8,2,6
4/23/2019 8:00,4,0,4
4/23/2019 9:00,2,0,2
4/23/2019 10:00,5,2,3
4/23/2019 11:00,3,2,1
4/23/2019 12:00,2,0,2
4/23/2019 13:00,3,0,3
4/23/2019 14:00,10,3,7
4/23/2019 15:00,7,2,5
4/23/2019 16:00,5,1,4
4/23/2019 17:00,14,4,10
4/23/2019 18:00,5,2,3
4/23/2019 19:00,6,4,2
4/23/2019 20:00,5,1,4
4/23/2019 21:00,3,0,3
4/23/2019 22:00,2,1,1
4/23/2019 23:00,0,0,0
4/24/2019 0:00,0,0,0
4/24/2019 1:00,1,1,0
4/24/2019 2:00,0,0,0
4/24/2019 3:00,0,0,0
4/24/2019 4:00,0,0,0
4/24/2019 5:00,1,1,0
4/24/2019 6:00,1,0,1
4/24/2019 7:00,8,1,7
4/24/2019 8:00,16,10,6
4/24/2019 9:00,8,5,3
4/24/2019 10:00,6,4,2
4/24/2019 11:00,4,4,0
4/24/2019 12:00,7,1,6
4/24/2019 13:00,6,4,2
4/24/2019 14:00,7,1,6
4/24/2019 15:00,7,5,2
4/24/2019 16:00,13,7,6
4/24/2019 17:00,27,13,14
4/24/2019 18:00,14,6,8
4/24/2019 19:00,12,7,5
4/24/2019 20:00,4,3,1
4/24/2019 21:00,4,3,1
4/24/2019 22:00,2,0,2
4/24/2019 23:00,2,1,1
4/25/2019 0:00,0,0,0
4/25/2019 1:00,0,0,0
4/25/2019 2:00,0,0,0
4/25/2019 3:00,0,0,0
4/25/2019 4:00,1,1,0
4/25/2019 5:00,0,0,0
4/25/2019 6:00,4,0,4
4/25/2019 7:00,9,3,6
4/25/2019 8:00,5,3,2
4/25/2019 9:00,6,4,2
4/25/2019 10:00,5,3,2
4/25/2019 11:00,1,1,0
4/25/2019 12:00,2,1,1
4/25/2019 13:00,11,8,3
4/25/2019 14:00,3,0,3
4/25/2019 15:00,5,1,4
4/25/2019 16:00,8,5,3
4/25/2019 17:00,14,5,9
4/25/2019 18:00,15,11,4
4/25/2019 19:00,14,5,9
4/25/2019 20:00,1,0,1
4/25/2019 21:00,4,3,1
4/25/2019 22:00,1,0,1
4/25/2019 23:00,2,1,1
4/26/2019 0:00,1,0,1
4/26/2019 1:00,0,0,0
4/26/2019 2:00,0,0,0
4/26/2019 3:00,0,0,0
4/26/2019 4:00,0,0,0
4/26/2019 5:00,1,0,1
4/26/2019 6:00,4,3,1
4/26/2019 7:00,6,5,1
4/26/2019 8:00,7,4,3
4/26/2019 9:00,5,2,3
4/26/2019 10:00,3,2,1
4/26/2019 11:00,6,4,2
4/26/2019 12:00,10,5,5
4/26/2019 13:00,10,6,4
4/26/2019 14:00,5,1,4
4/26/2019 15:00,6,3,3
4/26/2019 16:00,7,5,2
4/26/2019 17:00,14,8,6
4/26/2019 18:00,15,8,7
4/26/2019 19:00,5,0,5
4/26/2019 20:00,12,3,9
4/26/2019 21:00,1,1,0
4/26/2019 22:00,3,2,1
4/26/2019 23:00,2,0,2
4/27/2019 0:00,0,0,0
4/27/2019 1:00,1,0,1
4/27/2019 2:00,0,0,0
4/27/2019 3:00,1,0,1
4/27/2019 4:00,1,1,0
4/27/2019 5:00,0,0,0
4/27/2019 6:00,0,0,0
4/27/2019 7:00,0,0,0
4/27/2019 8:00,1,0,1
4/27/2019 9:00,8,7,1
4/27/2019 10:00,10,7,3
4/27/2019 11:00,14,8,6
4/27/2019 12:00,12,5,7
4/27/2019 13:00,6,4,2
4/27/2019 14:00,13,11,2
4/27/2019 15:00,7,3,4
4/27/2019 16:00,5,3,2
4/27/2019 17:00,10,6,4
4/27/2019 18:00,15,9,6
4/27/2019 19:00,6,5,1
4/27/2019 20:00,4,3,1
4/27/2019 21:00,4,3,1
4/27/2019 22:00,0,0,0
4/27/2019 23:00,1,1,0
4/28/2019 0:00,2,2,0
4/28/2019 1:00,1,1,0
4/28/2019 2:00,0,0,0
4/28/2019 3:00,0,0,0
4/28/2019 4:00,0,0,0
4/28/2019 5:00,0,0,0
4/28/2019 6:00,1,1,0
4/28/2019 7:00,1,0,1
4/28/2019 8:00,4,4,0
4/28/2019 9:00,5,3,2
4/28/2019 10:00,13,9,4
4/28/2019 11:00,16,10,6
4/28/2019 12:00,11,7,4
4/28/2019 13:00,24,15,9
4/28/2019 14:00,16,11,5
4/28/2019 15:00,16,10,6
4/28/2019 16:00,21,14,7
4/28/2019 17:00,20,8,12
4/28/2019 18:00,13,6,7
4/28/2019 19:00,10,5,5
4/28/2019 20:00,2,2,0
4/28/2019 21:00,3,3,0
4/28/2019 22:00,1,1,0
4/28/2019 23:00,1,1,0
4/29/2019 0:00,0,0,0
4/29/2019 1:00,1,1,0
4/29/2019 2:00,0,0,0
4/29/2019 3:00,0,0,0
4/29/2019 4:00,0,0,0
4/29/2019 5:00,0,0,0
4/29/2019 6:00,3,0,3
4/29/2019 7:00,11,3,8
4/29/2019 8:00,6,3,3
4/29/2019 9:00,7,5,2
4/29/2019 10:00,7,6,1
4/29/2019 11:00,7,3,4
4/29/2019 12:00,10,7,3
4/29/2019 13:00,10,8,2
4/29/2019 14:00,6,3,3
4/29/2019 15:00,4,3,1
4/29/2019 16:00,7,5,2
4/29/2019 17:00,13,4,9
4/29/2019 18:00,7,1,6
4/29/2019 19:00,13,6,7
4/29/2019 20:00,6,2,4
4/29/2019 21:00,2,0,2
4/29/2019 22:00,1,1,0
4/29/2019 23:00,1,0,1
4/30/2019 0:00,0,0,0
4/30/2019 1:00,0,0,0
4/30/2019 2:00,0,0,0
4/30/2019 3:00,0,0,0
4/30/2019 4:00,0,0,0
4/30/2019 5:00,0,0,0
4/30/2019 6:00,4,1,3
4/30/2019 7:00,9,2,7
4/30/2019 8:00,7,4,3
4/30/2019 9:00,10,6,4
4/30/2019 10:00,5,3,2
4/30/2019 11:00,4,1,3
4/30/2019 12:00,3,3,0
4/30/2019 13:00,11,6,5
4/30/2019 14:00,6,2,4
4/30/2019 15:00,8,4,4
4/30/2019 16:00,10,6,4
4/30/2019 17:00,8,1,7
4/30/2019 18:00,16,4,12
4/30/2019 19:00,12,2,10
4/30/2019 20:00,5,1,4
4/30/2019 21:00,2,0,2
4/30/2019 22:00,4,2,2
4/30/2019 23:00,0,0,0
5/1/2019 0:00,1,1,0
5/1/2019 1:00,1,0,1
5/1/2019 2:00,0,0,0
5/1/2019 3:00,0,0,0
5/1/2019 4:00,0,0,0
5/1/2019 5:00,0,0,0
5/1/2019 6:00,3,0,3
5/1/2019 7:00,7,1,6
5/1/2019 8:00,7,2,5
5/1/2019 9:00,8,5,3
5/1/2019 10:00,5,1,4
5/1/2019 11:00,4,1,3
5/1/2019 12:00,5,2,3
5/1/2019 13:00,5,4,1
5/1/2019 14:00,3,0,3
5/1/2019 15:00,18,9,9
5/1/2019 16:00,13,7,6
5/1/2019 17:00,18,6,12
5/1/2019 18:00,13,7,6
5/1/2019 19:00,12,4,8
5/1/2019 20:00,8,4,4
5/1/2019 21:00,4,1,3
5/1/2019 22:00,4,0,4
5/1/2019 23:00,1,0,1
5/2/2019 0:00,0,0,0
5/2/2019 1:00,0,0,0
5/2/2019 2:00,0,0,0
5/2/2019 3:00,0,0,0
5/2/2019 4:00,0,0,0
5/2/2019 5:00,0,0,0
5/2/2019 6:00,1,0,1
5/2/2019 7:00,8,0,8
5/2/2019 8:00,7,2,5
5/2/2019 9:00,3,0,3
5/2/2019 10:00,4,4,0
5/2/2019 11:00,3,2,1
5/2/2019 12:00,8,5,3
5/2/2019 13:00,5,2,3
5/2/2019 14:00,5,3,2
5/2/2019 15:00,2,1,1
5/2/2019 16:00,19,10,9
5/2/2019 17:00,12,7,5
5/2/2019 18:00,17,7,10
5/2/2019 19:00,13,8,5
5/2/2019 20:00,10,3,7
5/2/2019 21:00,3,2,1
5/2/2019 22:00,2,2,0
5/2/2019 23:00,0,0,0
5/3/2019 0:00,1,0,1
5/3/2019 1:00,0,0,0
5/3/2019 2:00,1,1,0
5/3/2019 3:00,0,0,0
5/3/2019 4:00,0,0,0
5/3/2019 5:00,1,1,0
5/3/2019 6:00,6,3,3
5/3/2019 7:00,8,1,7
5/3/2019 8:00,13,4,9
5/3/2019 9:00,8,6,2
5/3/2019 10:00,3,1,2
5/3/2019 11:00,0,0,0
5/3/2019 12:00,14,6,8
5/3/2019 13:00,8,5,3
5/3/2019 14:00,11,4,7
5/3/2019 15:00,4,1,3
5/3/2019 16:00,11,6,5
5/3/2019 17:00,11,6,5
5/3/2019 18:00,11,5,6
5/3/2019 19:00,8,7,1
5/3/2019 20:00,7,2,5
5/3/2019 21:00,7,4,3
5/3/2019 22:00,3,2,1
5/3/2019 23:00,2,1,1
5/4/2019 0:00,0,0,0
5/4/2019 1:00,0,0,0
5/4/2019 2:00,0,0,0
5/4/2019 3:00,1,1,0
5/4/2019 4:00,0,0,0
5/4/2019 5:00,1,1,0
5/4/2019 6:00,2,1,1
5/4/2019 7:00,2,0,2
5/4/2019 8:00,5,5,0
5/4/2019 9:00,10,10,0
5/4/2019 10:00,16,10,6
5/4/2019 11:00,4,1,3
5/4/2019 12:00,12,6,6
5/4/2019 13:00,15,5,10
5/4/2019 14:00,7,4,3
5/4/2019 15:00,10,3,7
5/4/2019 16:00,10,7,3
5/4/2019 17:00,16,8,8
5/4/2019 18:00,16,11,5
5/4/2019 19:00,11,6,5
5/4/2019 20:00,5,2,3
5/4/2019 21:00,6,2,4
5/4/2019 22:00,1,1,0
5/4/2019 23:00,2,1,1
5/5/2019 0:00,1,1,0
5/5/2019 1:00,1,0,1
5/5/2019 2:00,0,0,0
5/5/2019 3:00,1,1,0
5/5/2019 4:00,0,0,0
5/5/2019 5:00,1,1,0
5/5/2019 6:00,0,0,0
5/5/2019 7:00,4,2,2
5/5/2019 8:00,2,1,1
5/5/2019 9:00,6,4,2
5/5/2019 10:00,10,4,6
5/5/2019 11:00,24,18,6
5/5/2019 12:00,24,16,8
5/5/2019 13:00,25,10,15
5/5/2019 14:00,20,11,9
5/5/2019 15:00,13,10,3
5/5/2019 16:00,12,4,8
5/5/2019 17:00,12,6,6
5/5/2019 18:00,12,7,5
5/5/2019 19:00,10,6,4
5/5/2019 20:00,4,1,3
5/5/2019 21:00,5,1,4
5/5/2019 22:00,0,0,0
5/5/2019 23:00,0,0,0
5/6/2019 0:00,1,1,0
5/6/2019 1:00,1,1,0
5/6/2019 2:00,0,0,0
5/6/2019 3:00,1,1,0
5/6/2019 4:00,0,0,0
5/6/2019 5:00,0,0,0
5/6/2019 6:00,4,2,2
5/6/2019 7:00,16,4,12
5/6/2019 8:00,14,10,4
5/6/2019 9:00,7,5,2
5/6/2019 10:00,5,4,1
5/6/2019 11:00,11,8,3
5/6/2019 12:00,7,5,2
5/6/2019 13:00,2,2,0
5/6/2019 14:00,8,6,2
5/6/2019 15:00,14,7,7
5/6/2019 16:00,18,7,11
5/6/2019 17:00,22,12,10
5/6/2019 18:00,13,3,10
5/6/2019 19:00,21,12,9
5/6/2019 20:00,9,5,4
5/6/2019 21:00,2,2,0
5/6/2019 22:00,2,1,1
5/6/2019 23:00,2,1,1
5/7/2019 0:00,1,0,1
5/7/2019 1:00,0,0,0
5/7/2019 2:00,0,0,0
5/7/2019 3:00,0,0,0
5/7/2019 4:00,0,0,0
5/7/2019 5:00,0,0,0
5/7/2019 6:00,0,0,0
5/7/2019 7:00,10,3,7
5/7/2019 8:00,12,3,9
5/7/2019 9:00,8,3,5
5/7/2019 10:00,4,2,2
5/7/2019 11:00,5,4,1
5/7/2019 12:00,3,1,2
5/7/2019 13:00,8,5,3
5/7/2019 14:00,8,7,1
5/7/2019 15:00,10,4,6
5/7/2019 16:00,12,7,5
5/7/2019 17:00,28,14,14
5/7/2019 18:00,23,12,11
5/7/2019 19:00,15,9,6
5/7/2019 20:00,9,2,7
5/7/2019 21:00,5,4,1
5/7/2019 22:00,3,0,3
5/7/2019 23:00,2,1,1
5/8/2019 0:00,0,0,0
5/8/2019 1:00,1,0,1
5/8/2019 2:00,0,0,0
5/8/2019 3:00,0,0,0
5/8/2019 4:00,0,0,0
5/8/2019 5:00,4,2,2
5/8/2019 6:00,2,0,2
5/8/2019 7:00,9,2,7
5/8/2019 8:00,20,5,15
5/8/2019 9:00,9,3,6
5/8/2019 10:00,3,3,0
5/8/2019 11:00,7,2,5
5/8/2019 12:00,7,3,4
5/8/2019 13:00,7,6,1
5/8/2019 14:00,15,9,6
5/8/2019 15:00,6,5,1
5/8/2019 16:00,11,9,2
5/8/2019 17:00,20,10,10
5/8/2019 18:00,14,7,7
5/8/2019 19:00,10,2,8
5/8/2019 20:00,5,4,1
5/8/2019 21:00,3,2,1
5/8/2019 22:00,3,2,1
5/8/2019 23:00,4,4,0
5/9/2019 0:00,0,0,0
5/9/2019 1:00,0,0,0
5/9/2019 2:00,0,0,0
5/9/2019 3:00,1,1,0
5/9/2019 4:00,0,0,0
5/9/2019 5:00,0,0,0
5/9/2019 6:00,6,3,3
5/9/2019 7:00,8,1,7
5/9/2019 8:00,15,5,10
5/9/2019 9:00,8,5,3
5/9/2019 10:00,10,7,3
5/9/2019 11:00,6,5,1
5/9/2019 12:00,8,5,3
5/9/2019 13:00,9,4,5
5/9/2019 14:00,13,8,5
5/9/2019 15:00,8,4,4
5/9/2019 16:00,13,7,6
5/9/2019 17:00,13,6,7
5/9/2019 18:00,34,18,16
5/9/2019 19:00,21,6,15
5/9/2019 20:00,8,3,5
5/9/2019 21:00,6,0,6
5/9/2019 22:00,4,4,0
5/9/2019 23:00,0,0,0
5/10/2019 0:00,0,0,0
5/10/2019 1:00,1,0,1
5/10/2019 2:00,1,0,1
5/10/2019 3:00,0,0,0
5/10/2019 4:00,0,0,0
5/10/2019 5:00,0,0,0
5/10/2019 6:00,1,0,1
5/10/2019 7:00,12,3,9
5/10/2019 8:00,16,2,14
5/10/2019 9:00,8,4,4
5/10/2019 10:00,10,4,6
5/10/2019 11:00,10,5,5
5/10/2019 12:00,7,3,4
5/10/2019 13:00,17,10,7
5/10/2019 14:00,12,7,5
5/10/2019 15:00,10,5,5
5/10/2019 16:00,12,6,6
5/10/2019 17:00,18,5,13
5/10/2019 18:00,15,12,3
5/10/2019 19:00,8,3,5
5/10/2019 20:00,10,0,10
5/10/2019 21:00,12,3,9
5/10/2019 22:00,1,1,0
5/10/2019 23:00,1,0,1
5/11/2019 0:00,2,0,2
5/11/2019 1:00,1,0,1
5/11/2019 2:00,1,1,0
5/11/2019 3:00,0,0,0
5/11/2019 4:00,1,1,0
5/11/2019 5:00,1,1,0
5/11/2019 6:00,1,0,1
5/11/2019 7:00,0,0,0
5/11/2019 8:00,6,3,3
5/11/2019 9:00,5,3,2
5/11/2019 10:00,16,11,5
5/11/2019 11:00,14,7,7
5/11/2019 12:00,19,8,11
5/11/2019 13:00,24,9,15
5/11/2019 14:00,33,18,15
5/11/2019 15:00,16,9,7
5/11/2019 16:00,18,10,8
5/11/2019 17:00,15,10,5
5/11/2019 18:00,13,4,9
5/11/2019 19:00,12,7,5
5/11/2019 20:00,4,2,2
5/11/2019 21:00,4,0,4
5/11/2019 22:00,5,3,2
5/11/2019 23:00,3,1,2
5/12/2019 0:00,3,3,0
5/12/2019 1:00,0,0,0
5/12/2019 2:00,0,0,0
5/12/2019 3:00,1,0,1
5/12/2019 4:00,1,1,0
5/12/2019 5:00,1,1,0
5/12/2019 6:00,2,2,0
5/12/2019 7:00,5,2,3
5/12/2019 8:00,2,1,1
5/12/2019 9:00,11,7,4
5/12/2019 10:00,11,7,4
5/12/2019 11:00,11,5,6
5/12/2019 12:00,21,11,10
5/12/2019 13:00,14,7,7
5/12/2019 14:00,9,4,5
5/12/2019 15:00,4,2,2
5/12/2019 16:00,14,5,9
5/12/2019 17:00,12,4,8
5/12/2019 18:00,11,6,5
5/12/2019 19:00,12,2,10
5/12/2019 20:00,11,5,6
5/12/2019 21:00,3,0,3
5/12/2019 22:00,2,0,2
5/12/2019 23:00,2,0,2
5/13/2019 0:00,0,0,0
5/13/2019 1:00,0,0,0
5/13/2019 2:00,0,0,0
5/13/2019 3:00,0,0,0
5/13/2019 4:00,0,0,0
5/13/2019 5:00,1,1,0
5/13/2019 6:00,2,1,1
5/13/2019 7:00,6,0,6
5/13/2019 8:00,8,5,3
5/13/2019 9:00,6,5,1
5/13/2019 10:00,10,5,5
5/13/2019 11:00,7,2,5
5/13/2019 12:00,6,5,1
5/13/2019 13:00,2,1,1
5/13/2019 14:00,6,2,4
5/13/2019 15:00,6,2,4
5/13/2019 16:00,10,6,4
5/13/2019 17:00,13,6,7
5/13/2019 18:00,11,5,6
5/13/2019 19:00,16,10,6
5/13/2019 20:00,10,3,7
5/13/2019 21:00,5,3,2
5/13/2019 22:00,2,2,0
5/13/2019 23:00,0,0,0
5/14/2019 0:00,0,0,0
5/14/2019 1:00,1,1,0
5/14/2019 2:00,0,0,0
5/14/2019 3:00,0,0,0
5/14/2019 4:00,0,0,0
5/14/2019 5:00,3,1,2
5/14/2019 6:00,2,1,1
5/14/2019 7:00,5,1,4
5/14/2019 8:00,8,1,7
5/14/2019 9:00,4,3,1
5/14/2019 10:00,1,1,0
5/14/2019 11:00,2,2,0
5/14/2019 12:00,2,2,0
5/14/2019 13:00,2,1,1
5/14/2019 14:00,4,2,2
5/14/2019 15:00,6,3,3
5/14/2019 16:00,10,5,5
5/14/2019 17:00,8,6,2
5/14/2019 18:00,12,8,4
5/14/2019 19:00,6,3,3
5/14/2019 20:00,8,1,7
5/14/2019 21:00,5,2,3
5/14/2019 22:00,0,0,0
5/14/2019 23:00,4,2,2
5/15/2019 0:00,1,1,0
5/15/2019 1:00,1,0,1
5/15/2019 2:00,0,0,0
5/15/2019 3:00,0,0,0
5/15/2019 4:00,1,0,1
5/15/2019 5:00,0,0,0
5/15/2019 6:00,2,1,1
5/15/2019 7:00,9,4,5
5/15/2019 8:00,13,3,10
5/15/2019 9:00,8,3,5
5/15/2019 10:00,7,5,2
5/15/2019 11:00,4,3,1
5/15/2019 12:00,6,1,5
5/15/2019 13:00,7,3,4
5/15/2019 14:00,8,8,0
5/15/2019 15:00,11,8,3
5/15/2019 16:00,5,3,2
5/15/2019 17:00,8,4,4
5/15/2019 18:00,12,9,3
5/15/2019 19:00,11,5,6
5/15/2019 20:00,6,3,3
5/15/2019 21:00,2,1,1
5/15/2019 22:00,0,0,0
5/15/2019 23:00,0,0,0
5/16/2019 0:00,1,1,0
5/16/2019 1:00,0,0,0
5/16/2019 2:00,0,0,0
5/16/2019 3:00,0,0,0
5/16/2019 4:00,2,1,1
5/16/2019 5:00,0,0,0
5/16/2019 6:00,1,0,1
5/16/2019 7:00,6,0,6
5/16/2019 8:00,8,4,4
5/16/2019 9:00,7,3,4
5/16/2019 10:00,5,4,1
5/16/2019 11:00,7,7,0
5/16/2019 12:00,4,1,3
5/16/2019 13:00,3,2,1
5/16/2019 14:00,2,1,1
5/16/2019 15:00,7,5,2
5/16/2019 16:00,4,3,1
5/16/2019 17:00,10,5,5
5/16/2019 18:00,13,11,2
5/16/2019 19:00,9,2,7
5/16/2019 20:00,6,1,5
5/16/2019 21:00,2,2,0
5/16/2019 22:00,1,1,0
5/16/2019 23:00,2,2,0
5/17/2019 0:00,1,1,0
5/17/2019 1:00,1,0,1
5/17/2019 2:00,0,0,0
5/17/2019 3:00,0,0,0
5/17/2019 4:00,0,0,0
5/17/2019 5:00,1,0,1
5/17/2019 6:00,0,0,0
5/17/2019 7:00,5,1,4
5/17/2019 8:00,8,3,5
5/17/2019 9:00,11,7,4
5/17/2019 10:00,7,5,2
5/17/2019 11:00,4,1,3
5/17/2019 12:00,5,3,2
5/17/2019 13:00,9,7,2
5/17/2019 14:00,4,1,3
5/17/2019 15:00,5,1,4
5/17/2019 16:00,13,8,5
5/17/2019 17:00,17,13,4
5/17/2019 18:00,29,21,8
5/17/2019 19:00,16,5,11
5/17/2019 20:00,17,4,13
5/17/2019 21:00,4,0,4
5/17/2019 22:00,6,1,5
5/17/2019 23:00,0,0,0
5/18/2019 0:00,0,0,0
5/18/2019 1:00,0,0,0
5/18/2019 2:00,0,0,0
5/18/2019 3:00,2,2,0
5/18/2019 4:00,0,0,0
5/18/2019 5:00,0,0,0
5/18/2019 6:00,3,2,1
5/18/2019 7:00,0,0,0
5/18/2019 8:00,3,2,1
5/18/2019 9:00,4,4,0
5/18/2019 10:00,15,7,8
5/18/2019 11:00,13,2,11
5/18/2019 12:00,11,5,6
5/18/2019 13:00,12,4,8
5/18/2019 14:00,11,3,8
5/18/2019 15:00,21,11,10
5/18/2019 16:00,9,4,5
5/18/2019 17:00,15,9,6
5/18/2019 18:00,8,2,6
5/18/2019 19:00,13,4,9
5/18/2019 20:00,4,3,1
5/18/2019 21:00,5,1,4
5/18/2019 22:00,2,1,1
5/18/2019 23:00,1,0,1
5/19/2019 0:00,0,0,0
5/19/2019 1:00,0,0,0
5/19/2019 2:00,0,0,0
5/19/2019 3:00,3,2,1
5/19/2019 4:00,0,0,0
5/19/2019 5:00,0,0,0
5/19/2019 6:00,1,0,1
5/19/2019 7:00,1,1,0
5/19/2019 8:00,5,4,1
5/19/2019 9:00,8,7,1
5/19/2019 10:00,15,5,10
5/19/2019 11:00,12,6,6
5/19/2019 12:00,10,7,3
5/19/2019 13:00,4,4,0
5/19/2019 14:00,16,7,9
5/19/2019 15:00,26,14,12
5/19/2019 16:00,9,3,6
5/19/2019 17:00,8,5,3
5/19/2019 18:00,7,4,3
5/19/2019 19:00,5,1,4
5/19/2019 20:00,9,2,7
5/19/2019 21:00,0,0,0
5/19/2019 22:00,2,1,1
5/19/2019 23:00,0,0,0
5/20/2019 0:00,0,0,0
5/20/2019 1:00,0,0,0
5/20/2019 2:00,0,0,0
5/20/2019 3:00,0,0,0
5/20/2019 4:00,0,0,0
5/20/2019 5:00,2,1,1
5/20/2019 6:00,4,2,2
5/20/2019 7:00,6,1,5
5/20/2019 8:00,6,2,4
5/20/2019 9:00,4,3,1
5/20/2019 10:00,5,5,0
5/20/2019 11:00,5,4,1
5/20/2019 12:00,11,9,2
5/20/2019 13:00,6,5,1
5/20/2019 14:00,8,4,4
5/20/2019 15:00,5,2,3
5/20/2019 16:00,7,4,3
5/20/2019 17:00,7,4,3
5/20/2019 18:00,7,6,1
5/20/2019 19:00,7,2,5
5/20/2019 20:00,5,3,2
5/20/2019 21:00,2,2,0
5/20/2019 22:00,0,0,0
5/20/2019 23:00,2,1,1
5/21/2019 0:00,1,0,1
5/21/2019 1:00,0,0,0
5/21/2019 2:00,0,0,0
5/21/2019 3:00,0,0,0
5/21/2019 4:00,0,0,0
5/21/2019 5:00,0,0,0
5/21/2019 6:00,4,4,0
5/21/2019 7:00,9,4,5
5/21/2019 8:00,12,5,7
5/21/2019 9:00,5,3,2
5/21/2019 10:00,3,1,2
5/21/2019 11:00,1,1,0
5/21/2019 12:00,3,2,1
5/21/2019 13:00,5,3,2
5/21/2019 14:00,2,1,1
5/21/2019 15:00,9,6,3
5/21/2019 16:00,7,7,0
5/21/2019 17:00,14,8,6
5/21/2019 18:00,21,13,8
5/21/2019 19:00,15,12,3
5/21/2019 20:00,4,2,2
5/21/2019 21:00,1,1,0
5/21/2019 22:00,3,2,1
5/21/2019 23:00,0,0,0
5/22/2019 0:00,1,0,1
5/22/2019 1:00,0,0,0
5/22/2019 2:00,0,0,0
5/22/2019 3:00,1,0,1
5/22/2019 4:00,0,0,0
5/22/2019 5:00,0,0,0
5/22/2019 6:00,4,1,3
5/22/2019 7:00,7,3,4
5/22/2019 8:00,15,6,9
5/22/2019 9:00,11,6,5
5/22/2019 10:00,5,5,0
5/22/2019 11:00,2,2,0
5/22/2019 12:00,8,3,5
5/22/2019 13:00,11,5,6
5/22/2019 14:00,8,6,2
5/22/2019 15:00,14,6,8
5/22/2019 16:00,12,6,6
5/22/2019 17:00,17,11,6
5/22/2019 18:00,21,6,15
5/22/2019 19:00,12,6,6
5/22/2019 20:00,12,4,8
5/22/2019 21:00,6,5,1
5/22/2019 22:00,1,0,1
5/22/2019 23:00,1,0,1
5/23/2019 0:00,0,0,0
5/23/2019 1:00,0,0,0
5/23/2019 2:00,0,0,0
5/23/2019 3:00,0,0,0
5/23/2019 4:00,0,0,0
5/23/2019 5:00,0,0,0
5/23/2019 6:00,2,0,2
5/23/2019 7:00,11,3,8
5/23/2019 8:00,10,4,6
5/23/2019 9:00,7,4,3
5/23/2019 10:00,5,3,2
5/23/2019 11:00,5,4,1
5/23/2019 12:00,9,2,7
5/23/2019 13:00,1,1,0
5/23/2019 14:00,8,3,5
5/23/2019 15:00,17,12,5
5/23/2019 16:00,16,11,5
5/23/2019 17:00,19,9,10
5/23/2019 18:00,27,17,10
5/23/2019 19:00,20,7,13
5/23/2019 20:00,10,3,7
5/23/2019 21:00,4,0,4
5/23/2019 22:00,4,2,2
5/23/2019 23:00,1,1,0
5/24/2019 0:00,0,0,0
5/24/2019 1:00,2,1,1
5/24/2019 2:00,0,0,0
5/24/2019 3:00,0,0,0
5/24/2019 4:00,0,0,0
5/24/2019 5:00,0,0,0
5/24/2019 6:00,3,2,1
5/24/2019 7:00,5,0,5
5/24/2019 8:00,6,1,5
5/24/2019 9:00,8,4,4
5/24/2019 10:00,4,3,1
5/24/2019 11:00,7,6,1
5/24/2019 12:00,9,4,5
5/24/2019 13:00,4,3,1
5/24/2019 14:00,9,5,4
5/24/2019 15:00,7,2,5
5/24/2019 16:00,9,5,4
5/24/2019 17:00,14,5,9
5/24/2019 18:00,11,3,8
5/24/2019 19:00,7,4,3
5/24/2019 20:00,0,0,0
5/24/2019 21:00,3,1,2
5/24/2019 22:00,0,0,0
5/24/2019 23:00,1,0,1
5/25/2019 0:00,0,0,0
5/25/2019 1:00,0,0,0
5/25/2019 2:00,0,0,0
5/25/2019 3:00,0,0,0
5/25/2019 4:00,0,0,0
5/25/2019 5:00,1,0,1
5/25/2019 6:00,0,0,0
5/25/2019 7:00,2,0,2
5/25/2019 8:00,5,4,1
5/25/2019 9:00,2,1,1
5/25/2019 10:00,7,3,4
5/25/2019 11:00,5,4,1
5/25/2019 12:00,5,3,2
5/25/2019 13:00,2,0,2
5/25/2019 14:00,2,2,0
5/25/2019 15:00,1,1,0
5/25/2019 16:00,0,0,0
5/25/2019 17:00,2,2,0
5/25/2019 18:00,0,0,0
5/25/2019 19:00,0,0,0
5/25/2019 20:00,4,2,2
5/25/2019 21:00,2,1,1
5/25/2019 22:00,2,2,0
5/25/2019 23:00,2,1,1
5/26/2019 0:00,0,0,0
5/26/2019 1:00,0,0,0
5/26/2019 2:00,0,0,0
5/26/2019 3:00,0,0,0
5/26/2019 4:00,0,0,0
5/26/2019 5:00,0,0,0
5/26/2019 6:00,1,1,0
5/26/2019 7:00,1,1,0
5/26/2019 8:00,2,2,0
5/26/2019 9:00,7,3,4
5/26/2019 10:00,9,5,4
5/26/2019 11:00,11,5,6
5/26/2019 12:00,9,2,7
5/26/2019 13:00,20,6,14
5/26/2019 14:00,12,9,3
5/26/2019 15:00,15,7,8
5/26/2019 16:00,6,5,1
5/26/2019 17:00,16,10,6
5/26/2019 18:00,11,4,7
5/26/2019 19:00,9,3,6
5/26/2019 20:00,9,4,5
5/26/2019 21:00,3,1,2
5/26/2019 22:00,0,0,0
5/26/2019 23:00,1,0,1
5/27/2019 0:00,2,1,1
5/27/2019 1:00,0,0,0
5/27/2019 2:00,0,0,0
5/27/2019 3:00,1,1,0
5/27/2019 4:00,1,1,0
5/27/2019 5:00,1,1,0
5/27/2019 6:00,1,0,1
5/27/2019 7:00,2,0,2
5/27/2019 8:00,4,0,4
5/27/2019 9:00,6,2,4
5/27/2019 10:00,19,11,8
5/27/2019 11:00,18,6,12
5/27/2019 12:00,19,10,9
5/27/2019 13:00,23,10,13
5/27/2019 14:00,19,10,9
5/27/2019 15:00,29,13,16
5/27/2019 16:00,19,4,15
5/27/2019 17:00,22,5,17
5/27/2019 18:00,13,7,6
5/27/2019 19:00,2,1,1
5/27/2019 20:00,5,4,1
5/27/2019 21:00,4,2,2
5/27/2019 22:00,0,0,0
5/27/2019 23:00,1,1,0
5/28/2019 0:00,0,0,0
5/28/2019 1:00,1,1,0
5/28/2019 2:00,0,0,0
5/28/2019 3:00,0,0,0
5/28/2019 4:00,0,0,0
5/28/2019 5:00,2,1,1
5/28/2019 6:00,3,1,2
5/28/2019 7:00,14,3,11
5/28/2019 8:00,10,6,4
5/28/2019 9:00,8,6,2
5/28/2019 10:00,3,2,1
5/28/2019 11:00,4,4,0
5/28/2019 12:00,3,2,1
5/28/2019 13:00,7,4,3
5/28/2019 14:00,7,3,4
5/28/2019 15:00,4,3,1
5/28/2019 16:00,13,5,8
5/28/2019 17:00,16,9,7
5/28/2019 18:00,24,15,9
5/28/2019 19:00,5,2,3
5/28/2019 20:00,7,1,6
5/28/2019 21:00,5,3,2
5/28/2019 22:00,2,1,1
5/28/2019 23:00,1,0,1
5/29/2019 0:00,0,0,0
5/29/2019 1:00,0,0,0
5/29/2019 2:00,1,0,1
5/29/2019 3:00,1,1,0
5/29/2019 4:00,0,0,0
5/29/2019 5:00,0,0,0
5/29/2019 6:00,6,2,4
5/29/2019 7:00,8,3,5
5/29/2019 8:00,17,6,11
5/29/2019 9:00,12,6,6
5/29/2019 10:00,12,8,4
5/29/2019 11:00,4,2,2
5/29/2019 12:00,9,9,0
5/29/2019 13:00,5,3,2
5/29/2019 14:00,7,4,3
5/29/2019 15:00,7,3,4
5/29/2019 16:00,7,3,4
5/29/2019 17:00,16,7,9
5/29/2019 18:00,21,9,12
5/29/2019 19:00,13,5,8
5/29/2019 20:00,8,3,5
5/29/2019 21:00,4,1,3
5/29/2019 22:00,5,0,5
5/29/2019 23:00,1,1,0
5/30/2019 0:00,1,0,1
5/30/2019 1:00,1,0,1
5/30/2019 2:00,0,0,0
5/30/2019 3:00,0,0,0
5/30/2019 4:00,0,0,0
5/30/2019 5:00,1,1,0
5/30/2019 6:00,3,2,1
5/30/2019 7:00,9,0,9
5/30/2019 8:00,15,5,10
5/30/2019 9:00,4,2,2
5/30/2019 10:00,6,4,2
5/30/2019 11:00,6,4,2
5/30/2019 12:00,6,1,5
5/30/2019 13:00,4,1,3
5/30/2019 14:00,7,4,3
5/30/2019 15:00,12,6,6
5/30/2019 16:00,7,5,2
5/30/2019 17:00,17,11,6
5/30/2019 18:00,21,9,12
5/30/2019 19:00,15,8,7
5/30/2019 20:00,21,7,14
5/30/2019 21:00,8,1,7
5/30/2019 22:00,3,2,1
5/30/2019 23:00,1,0,1
5/31/2019 0:00,0,0,0
5/31/2019 1:00,0,0,0
5/31/2019 2:00,1,0,1
5/31/2019 3:00,0,0,0
5/31/2019 4:00,0,0,0
5/31/2019 5:00,1,0,1
5/31/2019 6:00,2,1,1
5/31/2019 7:00,7,3,4
5/31/2019 8:00,12,8,4
5/31/2019 9:00,6,4,2
5/31/2019 10:00,9,6,3
5/31/2019 11:00,5,5,0
5/31/2019 12:00,11,7,4
5/31/2019 13:00,9,2,7
5/31/2019 14:00,8,3,5
5/31/2019 15:00,9,6,3
5/31/2019 16:00,10,6,4
5/31/2019 17:00,12,5,7
5/31/2019 18:00,20,10,10
5/31/2019 19:00,13,8,5
5/31/2019 20:00,12,7,5
5/31/2019 21:00,8,1,7
5/31/2019 22:00,2,0,2
5/31/2019 23:00,0,0,0
6/1/2019 0:00,4,0,4
6/1/2019 1:00,0,0,0
6/1/2019 2:00,0,0,0
6/1/2019 3:00,0,0,0
6/1/2019 4:00,0,0,0
6/1/2019 5:00,1,0,1
6/1/2019 6:00,2,0,2
6/1/2019 7:00,1,0,1
6/1/2019 8:00,8,5,3
6/1/2019 9:00,11,7,4
6/1/2019 10:00,9,7,2
6/1/2019 11:00,17,12,5
6/1/2019 12:00,17,10,7
6/1/2019 13:00,12,2,10
6/1/2019 14:00,11,5,6
6/1/2019 15:00,14,6,8
6/1/2019 16:00,15,6,9
6/1/2019 17:00,12,8,4
6/1/2019 18:00,11,5,6
6/1/2019 19:00,21,10,11
6/1/2019 20:00,7,2,5
6/1/2019 21:00,8,2,6
6/1/2019 22:00,2,2,0
6/1/2019 23:00,2,0,2
6/2/2019 0:00,1,1,0
6/2/2019 1:00,1,1,0
6/2/2019 2:00,0,0,0
6/2/2019 3:00,0,0,0
6/2/2019 4:00,0,0,0
6/2/2019 5:00,0,0,0
6/2/2019 6:00,0,0,0
6/2/2019 7:00,0,0,0
6/2/2019 8:00,7,4,3
6/2/2019 9:00,6,3,3
6/2/2019 10:00,13,11,2
6/2/2019 11:00,27,14,13
6/2/2019 12:00,18,9,9
6/2/2019 13:00,20,15,5
6/2/2019 14:00,16,3,13
6/2/2019 15:00,12,4,8
6/2/2019 16:00,19,8,11
6/2/2019 17:00,10,4,6
6/2/2019 18:00,6,2,4
6/2/2019 19:00,5,4,1
6/2/2019 20:00,4,2,2
6/2/2019 21:00,6,2,4
6/2/2019 22:00,1,1,0
6/2/2019 23:00,1,1,0
6/3/2019 0:00,0,0,0
6/3/2019 1:00,0,0,0
6/3/2019 2:00,0,0,0
6/3/2019 3:00,1,1,0
6/3/2019 4:00,0,0,0
6/3/2019 5:00,1,1,0
6/3/2019 6:00,4,0,4
6/3/2019 7:00,9,3,6
6/3/2019 8:00,14,3,11
6/3/2019 9:00,8,6,2
6/3/2019 10:00,9,4,5
6/3/2019 11:00,1,1,0
6/3/2019 12:00,7,6,1
6/3/2019 13:00,0,0,0
6/3/2019 14:00,8,3,5
6/3/2019 15:00,10,5,5
6/3/2019 16:00,22,13,9
6/3/2019 17:00,28,14,14
6/3/2019 18:00,19,9,10
6/3/2019 19:00,11,5,6
6/3/2019 20:00,5,1,4
6/3/2019 21:00,11,2,9
6/3/2019 22:00,2,0,2
6/3/2019 23:00,1,1,0
6/4/2019 0:00,1,1,0
6/4/2019 1:00,0,0,0
6/4/2019 2:00,0,0,0
6/4/2019 3:00,0,0,0
6/4/2019 4:00,0,0,0
6/4/2019 5:00,1,0,1
6/4/2019 6:00,4,2,2
6/4/2019 7:00,7,3,4
6/4/2019 8:00,11,5,6
6/4/2019 9:00,6,2,4
6/4/2019 10:00,3,2,1
6/4/2019 11:00,4,0,4
6/4/2019 12:00,7,5,2
6/4/2019 13:00,2,2,0
6/4/2019 14:00,5,2,3
6/4/2019 15:00,8,3,5
6/4/2019 16:00,12,9,3
6/4/2019 17:00,17,7,10
6/4/2019 18:00,17,4,13
6/4/2019 19:00,11,0,11
6/4/2019 20:00,6,2,4
6/4/2019 21:00,1,0,1
6/4/2019 22:00,2,1,1
6/4/2019 23:00,1,0,1
6/5/2019 0:00,0,0,0
6/5/2019 1:00,0,0,0
6/5/2019 2:00,0,0,0
6/5/2019 3:00,0,0,0
6/5/2019 4:00,0,0,0
6/5/2019 5:00,3,0,3
6/5/2019 6:00,5,0,5
6/5/2019 7:00,3,0,3
6/5/2019 8:00,14,6,8
6/5/2019 9:00,8,6,2
6/5/2019 10:00,9,5,4
6/5/2019 11:00,3,1,2
6/5/2019 12:00,5,3,2
6/5/2019 13:00,4,1,3
6/5/2019 14:00,6,3,3
6/5/2019 15:00,8,2,6
6/5/2019 16:00,13,7,6
6/5/2019 17:00,14,5,9
6/5/2019 18:00,13,6,7
6/5/2019 19:00,17,8,9
6/5/2019 20:00,3,0,3
6/5/2019 21:00,5,0,5
6/5/2019 22:00,0,0,0
6/5/2019 23:00,0,0,0
6/6/2019 0:00,0,0,0
6/6/2019 1:00,1,0,1
6/6/2019 2:00,2,2,0
6/6/2019 3:00,0,0,0
6/6/2019 4:00,0,0,0
6/6/2019 5:00,0,0,0
6/6/2019 6:00,2,1,1
6/6/2019 7:00,5,1,4
6/6/2019 8:00,8,5,3
6/6/2019 9:00,9,5,4
6/6/2019 10:00,6,4,2
6/6/2019 11:00,3,2,1
6/6/2019 12:00,4,1,3
6/6/2019 13:00,2,1,1
6/6/2019 14:00,4,0,4
6/6/2019 15:00,6,5,1
6/6/2019 16:00,7,4,3
6/6/2019 17:00,20,6,14
6/6/2019 18:00,8,3,5
6/6/2019 19:00,19,7,12
6/6/2019 20:00,5,2,3
6/6/2019 21:00,4,1,3
6/6/2019 22:00,0,0,0
6/6/2019 23:00,1,1,0
6/7/2019 0:00,1,1,0
6/7/2019 1:00,0,0,0
6/7/2019 2:00,0,0,0
6/7/2019 3:00,0,0,0
6/7/2019 4:00,0,0,0
6/7/2019 5:00,0,0,0
6/7/2019 6:00,3,1,2
6/7/2019 7:00,6,2,4
6/7/2019 8:00,8,5,3
6/7/2019 9:00,5,3,2
6/7/2019 10:00,5,4,1
6/7/2019 11:00,5,2,3
6/7/2019 12:00,8,4,4
6/7/2019 13:00,8,2,6
6/7/2019 14:00,5,3,2
6/7/2019 15:00,10,7,3
6/7/2019 16:00,11,7,4
6/7/2019 17:00,8,4,4
6/7/2019 18:00,4,3,1
6/7/2019 19:00,5,4,1
6/7/2019 20:00,0,0,0
6/7/2019 21:00,2,1,1
6/7/2019 22:00,0,0,0
6/7/2019 23:00,0,0,0
6/8/2019 0:00,1,0,1
6/8/2019 1:00,0,0,0
6/8/2019 2:00,2,0,2
6/8/2019 3:00,0,0,0
6/8/2019 4:00,1,0,1
6/8/2019 5:00,0,0,0
6/8/2019 6:00,2,0,2
6/8/2019 7:00,0,0,0
6/8/2019 8:00,2,1,1
6/8/2019 9:00,4,4,0
6/8/2019 10:00,11,9,2
6/8/2019 11:00,8,3,5
6/8/2019 12:00,17,13,4
6/8/2019 13:00,20,14,6
6/8/2019 14:00,6,1,5
6/8/2019 15:00,11,3,8
6/8/2019 16:00,21,8,13
6/8/2019 17:00,13,4,9
6/8/2019 18:00,13,6,7
6/8/2019 19:00,11,3,8
6/8/2019 20:00,5,2,3
6/8/2019 21:00,3,2,1
6/8/2019 22:00,1,0,1
6/8/2019 23:00,1,0,1
6/9/2019 0:00,1,1,0
6/9/2019 1:00,0,0,0
6/9/2019 2:00,0,0,0
6/9/2019 3:00,0,0,0
6/9/2019 4:00,0,0,0
6/9/2019 5:00,0,0,0
6/9/2019 6:00,0,0,0
6/9/2019 7:00,0,0,0
6/9/2019 8:00,3,0,3
6/9/2019 9:00,5,3,2
6/9/2019 10:00,21,15,6
6/9/2019 11:00,22,12,10
6/9/2019 12:00,29,13,16
6/9/2019 13:00,20,11,9
6/9/2019 14:00,24,12,12
6/9/2019 15:00,17,4,13
6/9/2019 16:00,20,7,13
6/9/2019 17:00,20,5,15
6/9/2019 18:00,18,9,9
6/9/2019 19:00,7,2,5
6/9/2019 20:00,4,4,0
6/9/2019 21:00,5,2,3
6/9/2019 22:00,4,1,3
6/9/2019 23:00,0,0,0
6/10/2019 0:00,0,0,0
6/10/2019 1:00,2,1,1
6/10/2019 2:00,1,1,0
6/10/2019 3:00,0,0,0
6/10/2019 4:00,1,1,0
6/10/2019 5:00,1,0,1
6/10/2019 6:00,3,1,2
6/10/2019 7:00,9,0,9
6/10/2019 8:00,19,7,12
6/10/2019 9:00,8,3,5
6/10/2019 10:00,12,9,3
6/10/2019 11:00,6,3,3
6/10/2019 12:00,7,6,1
6/10/2019 13:00,8,7,1
6/10/2019 14:00,16,2,14
6/10/2019 15:00,11,6,5
6/10/2019 16:00,9,5,4
6/10/2019 17:00,14,7,7
6/10/2019 18:00,11,6,5
6/10/2019 19:00,20,13,7
6/10/2019 20:00,6,4,2
6/10/2019 21:00,2,1,1
6/10/2019 22:00,4,0,4
6/10/2019 23:00,0,0,0
6/11/2019 0:00,1,0,1
6/11/2019 1:00,0,0,0
6/11/2019 2:00,2,1,1
6/11/2019 3:00,1,1,0
6/11/2019 4:00,0,0,0
6/11/2019 5:00,0,0,0
6/11/2019 6:00,4,0,4
6/11/2019 7:00,6,1,5
6/11/2019 8:00,11,4,7
6/11/2019 9:00,5,2,3
6/11/2019 10:00,7,3,4
6/11/2019 11:00,11,6,5
6/11/2019 12:00,6,5,1
6/11/2019 13:00,3,1,2
6/11/2019 14:00,8,3,5
6/11/2019 15:00,15,5,10
6/11/2019 16:00,11,5,6
6/11/2019 17:00,16,9,7
6/11/2019 18:00,17,8,9
6/11/2019 19:00,14,4,10
6/11/2019 20:00,9,0,9
6/11/2019 21:00,11,5,6
6/11/2019 22:00,4,1,3
6/11/2019 23:00,3,2,1
6/12/2019 0:00,0,0,0
6/12/2019 1:00,0,0,0
6/12/2019 2:00,0,0,0
6/12/2019 3:00,0,0,0
6/12/2019 4:00,0,0,0
6/12/2019 5:00,0,0,0
6/12/2019 6:00,4,1,3
6/12/2019 7:00,10,2,8
6/12/2019 8:00,11,5,6
6/12/2019 9:00,3,2,1
6/12/2019 10:00,8,6,2
6/12/2019 11:00,6,2,4
6/12/2019 12:00,9,5,4
6/12/2019 13:00,2,2,0
6/12/2019 14:00,4,1,3
6/12/2019 15:00,11,4,7
6/12/2019 16:00,8,4,4
6/12/2019 17:00,22,12,10
6/12/2019 18:00,21,10,11
6/12/2019 19:00,18,7,11
6/12/2019 20:00,18,5,13
6/12/2019 21:00,14,4,10
6/12/2019 22:00,4,1,3
6/12/2019 23:00,0,0,0
6/13/2019 0:00,0,0,0
6/13/2019 1:00,0,0,0
6/13/2019 2:00,0,0,0
6/13/2019 3:00,0,0,0
6/13/2019 4:00,0,0,0
6/13/2019 5:00,0,0,0
6/13/2019 6:00,3,2,1
6/13/2019 7:00,7,1,6
6/13/2019 8:00,11,2,9
6/13/2019 9:00,9,5,4
6/13/2019 10:00,5,2,3
6/13/2019 11:00,8,6,2
6/13/2019 12:00,7,4,3
6/13/2019 13:00,9,5,4
6/13/2019 14:00,11,4,7
6/13/2019 15:00,8,3,5
6/13/2019 16:00,10,6,4
6/13/2019 17:00,15,9,6
6/13/2019 18:00,13,8,5
6/13/2019 19:00,9,2,7
6/13/2019 20:00,12,6,6
6/13/2019 21:00,7,3,4
6/13/2019 22:00,5,2,3
6/13/2019 23:00,2,2,0
6/14/2019 0:00,1,0,1
6/14/2019 1:00,1,0,1
6/14/2019 2:00,0,0,0
6/14/2019 3:00,0,0,0
6/14/2019 4:00,0,0,0
6/14/2019 5:00,0,0,0
6/14/2019 6:00,1,1,0
6/14/2019 7:00,5,0,5
6/14/2019 8:00,5,3,2
6/14/2019 9:00,9,5,4
6/14/2019 10:00,8,3,5
6/14/2019 11:00,7,5,2
6/14/2019 12:00,10,3,7
6/14/2019 13:00,5,2,3
6/14/2019 14:00,7,4,3
6/14/2019 15:00,8,2,6
6/14/2019 16:00,14,9,5
6/14/2019 17:00,10,2,8
6/14/2019 18:00,11,6,5
6/14/2019 19:00,11,4,7
6/14/2019 20:00,4,0,4
6/14/2019 21:00,11,2,9
6/14/2019 22:00,0,0,0
6/14/2019 23:00,6,1,5
6/15/2019 0:00,1,0,1
6/15/2019 1:00,0,0,0
6/15/2019 2:00,0,0,0
6/15/2019 3:00,0,0,0
6/15/2019 4:00,0,0,0
6/15/2019 5:00,0,0,0
6/15/2019 6:00,2,0,2
6/15/2019 7:00,0,0,0
6/15/2019 8:00,6,2,4
6/15/2019 9:00,9,6,3
6/15/2019 10:00,14,5,9
6/15/2019 11:00,6,3,3
6/15/2019 12:00,14,5,9
6/15/2019 13:00,20,8,12
6/15/2019 14:00,12,3,9
6/15/2019 15:00,23,14,9
6/15/2019 16:00,11,4,7
6/15/2019 17:00,16,7,9
6/15/2019 18:00,14,10,4
6/15/2019 19:00,15,2,13
6/15/2019 20:00,8,4,4
6/15/2019 21:00,10,4,6
6/15/2019 22:00,3,0,3
6/15/2019 23:00,1,1,0
6/16/2019 0:00,2,2,0
6/16/2019 1:00,2,1,1
6/16/2019 2:00,0,0,0
6/16/2019 3:00,0,0,0
6/16/2019 4:00,1,1,0
6/16/2019 5:00,0,0,0
6/16/2019 6:00,0,0,0
6/16/2019 7:00,2,0,2
6/16/2019 8:00,5,4,1
6/16/2019 9:00,5,3,2
6/16/2019 10:00,18,11,7
6/16/2019 11:00,26,13,13
6/16/2019 12:00,14,5,9
6/16/2019 13:00,14,8,6
6/16/2019 14:00,11,4,7
6/16/2019 15:00,18,7,11
6/16/2019 16:00,19,8,11
6/16/2019 17:00,18,11,7
6/16/2019 18:00,8,2,6
6/16/2019 19:00,12,4,8
6/16/2019 20:00,9,5,4
6/16/2019 21:00,4,4,0
6/16/2019 22:00,3,0,3
6/16/2019 23:00,2,0,2
6/17/2019 0:00,0,0,0
6/17/2019 1:00,0,0,0
6/17/2019 2:00,0,0,0
6/17/2019 3:00,1,0,1
6/17/2019 4:00,1,1,0
6/17/2019 5:00,0,0,0
6/17/2019 6:00,3,0,3
6/17/2019 7:00,4,0,4
6/17/2019 8:00,16,7,9
6/17/2019 9:00,8,5,3
6/17/2019 10:00,9,4,5
6/17/2019 11:00,2,2,0
6/17/2019 12:00,6,3,3
6/17/2019 13:00,12,7,5
6/17/2019 14:00,10,8,2
6/17/2019 15:00,5,3,2
6/17/2019 16:00,7,4,3
6/17/2019 17:00,14,6,8
6/17/2019 18:00,12,8,4
6/17/2019 19:00,11,4,7
6/17/2019 20:00,8,3,5
6/17/2019 21:00,8,7,1
6/17/2019 22:00,3,1,2
6/17/2019 23:00,3,0,3
6/18/2019 0:00,1,0,1
6/18/2019 1:00,2,1,1
6/18/2019 2:00,0,0,0
6/18/2019 3:00,0,0,0
6/18/2019 4:00,0,0,0
6/18/2019 5:00,0,0,0
6/18/2019 6:00,2,2,0
6/18/2019 7:00,5,0,5
6/18/2019 8:00,7,2,5
6/18/2019 9:00,8,4,4
6/18/2019 10:00,13,2,11
6/18/2019 11:00,6,5,1
6/18/2019 12:00,6,3,3
6/18/2019 13:00,2,1,1
6/18/2019 14:00,4,2,2
6/18/2019 15:00,8,2,6
6/18/2019 16:00,7,3,4
6/18/2019 17:00,15,9,6
6/18/2019 18:00,12,7,5
6/18/2019 19:00,11,6,5
6/18/2019 20:00,7,2,5
6/18/2019 21:00,3,1,2
6/18/2019 22:00,3,0,3
6/18/2019 23:00,1,0,1
6/19/2019 0:00,1,0,1
6/19/2019 1:00,1,0,1
6/19/2019 2:00,0,0,0
6/19/2019 3:00,0,0,0
6/19/2019 4:00,0,0,0
6/19/2019 5:00,1,1,0
6/19/2019 6:00,4,1,3
6/19/2019 7:00,7,2,5
6/19/2019 8:00,6,0,6
6/19/2019 9:00,6,3,3
6/19/2019 10:00,6,5,1
6/19/2019 11:00,9,3,6
6/19/2019 12:00,6,4,2
6/19/2019 13:00,4,3,1
6/19/2019 14:00,10,5,5
6/19/2019 15:00,5,1,4
6/19/2019 16:00,4,1,3
6/19/2019 17:00,18,9,9
6/19/2019 18:00,14,11,3
6/19/2019 19:00,9,3,6
6/19/2019 20:00,8,2,6
6/19/2019 21:00,1,1,0
6/19/2019 22:00,1,1,0
6/19/2019 23:00,0,0,0
6/20/2019 0:00,1,0,1
6/20/2019 1:00,1,0,1
6/20/2019 2:00,0,0,0
6/20/2019 3:00,0,0,0
6/20/2019 4:00,0,0,0
6/20/2019 5:00,0,0,0
6/20/2019 6:00,3,2,1
6/20/2019 7:00,10,2,8
6/20/2019 8:00,9,5,4
6/20/2019 9:00,7,5,2
6/20/2019 10:00,4,3,1
6/20/2019 11:00,6,4,2
6/20/2019 12:00,10,7,3
6/20/2019 13:00,7,6,1
6/20/2019 14:00,11,3,8
6/20/2019 15:00,9,5,4
6/20/2019 16:00,9,3,6
6/20/2019 17:00,19,13,6
6/20/2019 18:00,10,5,5
6/20/2019 19:00,10,2,8
6/20/2019 20:00,8,3,5
6/20/2019 21:00,6,2,4
6/20/2019 22:00,3,2,1
6/20/2019 23:00,1,0,1
6/21/2019 0:00,0,0,0
6/21/2019 1:00,0,0,0
6/21/2019 2:00,1,0,1
6/21/2019 3:00,0,0,0
6/21/2019 4:00,0,0,0
6/21/2019 5:00,0,0,0
6/21/2019 6:00,1,1,0
6/21/2019 7:00,2,0,2
6/21/2019 8:00,7,3,4
6/21/2019 9:00,7,4,3
6/21/2019 10:00,4,4,0
6/21/2019 11:00,10,5,5
6/21/2019 12:00,10,4,6
6/21/2019 13:00,10,6,4
6/21/2019 14:00,8,3,5
6/21/2019 15:00,11,5,6
6/21/2019 16:00,27,15,12
6/21/2019 17:00,11,6,5
6/21/2019 18:00,22,12,10
6/21/2019 19:00,15,10,5
6/21/2019 20:00,13,5,8
6/21/2019 21:00,5,2,3
6/21/2019 22:00,4,1,3
6/21/2019 23:00,8,0,8
6/22/2019 0:00,0,0,0
6/22/2019 1:00,0,0,0
6/22/2019 2:00,0,0,0
6/22/2019 3:00,0,0,0
6/22/2019 4:00,1,0,1
6/22/2019 5:00,0,0,0
6/22/2019 6:00,0,0,0
6/22/2019 7:00,2,1,1
6/22/2019 8:00,4,4,0
6/22/2019 9:00,16,11,5
6/22/2019 10:00,18,6,12
6/22/2019 11:00,18,11,7
6/22/2019 12:00,14,5,9
6/22/2019 13:00,8,5,3
6/22/2019 14:00,11,7,4
6/22/2019 15:00,18,6,12
6/22/2019 16:00,24,15,9
6/22/2019 17:00,16,7,9
6/22/2019 18:00,4,1,3
6/22/2019 19:00,6,2,4
6/22/2019 20:00,11,4,7
6/22/2019 21:00,3,1,2
6/22/2019 22:00,2,0,2
6/22/2019 23:00,0,0,0
6/23/2019 0:00,1,0,1
6/23/2019 1:00,0,0,0
6/23/2019 2:00,0,0,0
6/23/2019 3:00,0,0,0
6/23/2019 4:00,0,0,0
6/23/2019 5:00,0,0,0
6/23/2019 6:00,0,0,0
6/23/2019 7:00,2,0,2
6/23/2019 8:00,3,2,1
6/23/2019 9:00,6,3,3
6/23/2019 10:00,6,5,1
6/23/2019 11:00,11,6,5
6/23/2019 12:00,10,3,7
6/23/2019 13:00,14,7,7
6/23/2019 14:00,9,6,3
6/23/2019 15:00,17,9,8
6/23/2019 16:00,12,7,5
6/23/2019 17:00,11,7,4
6/23/2019 18:00,5,3,2
6/23/2019 19:00,1,1,0
6/23/2019 20:00,2,0,2
6/23/2019 21:00,1,0,1
6/23/2019 22:00,2,0,2
6/23/2019 23:00,0,0,0
6/24/2019 0:00,4,2,2
6/24/2019 1:00,1,0,1
6/24/2019 2:00,0,0,0
6/24/2019 3:00,0,0,0
6/24/2019 4:00,0,0,0
6/24/2019 5:00,1,0,1
6/24/2019 6:00,5,3,2
6/24/2019 7:00,10,1,9
6/24/2019 8:00,5,3,2
6/24/2019 9:00,10,5,5
6/24/2019 10:00,5,3,2
6/24/2019 11:00,4,4,0
6/24/2019 12:00,6,3,3
6/24/2019 13:00,4,3,1
6/24/2019 14:00,6,4,2
6/24/2019 15:00,11,7,4
6/24/2019 16:00,10,2,8
6/24/2019 17:00,18,8,10
6/24/2019 18:00,9,4,5
6/24/2019 19:00,13,6,7
6/24/2019 20:00,13,4,9
6/24/2019 21:00,5,5,0
6/24/2019 22:00,3,1,2
6/24/2019 23:00,1,1,0
6/25/2019 0:00,0,0,0
6/25/2019 1:00,0,0,0
6/25/2019 2:00,0,0,0
6/25/2019 3:00,0,0,0
6/25/2019 4:00,0,0,0
6/25/2019 5:00,1,1,0
6/25/2019 6:00,5,2,3
6/25/2019 7:00,8,1,7
6/25/2019 8:00,8,2,6
6/25/2019 9:00,11,7,4
6/25/2019 10:00,8,3,5
6/25/2019 11:00,4,2,2
6/25/2019 12:00,11,9,2
6/25/2019 13:00,4,1,3
6/25/2019 14:00,12,3,9
6/25/2019 15:00,14,6,8
6/25/2019 16:00,16,10,6
6/25/2019 17:00,9,5,4
6/25/2019 18:00,16,3,13
6/25/2019 19:00,12,11,1
6/25/2019 20:00,6,0,6
6/25/2019 21:00,5,1,4
6/25/2019 22:00,2,2,0
6/25/2019 23:00,0,0,0
6/26/2019 0:00,1,0,1
6/26/2019 1:00,0,0,0
6/26/2019 2:00,1,1,0
6/26/2019 3:00,0,0,0
6/26/2019 4:00,4,2,2
6/26/2019 5:00,0,0,0
6/26/2019 6:00,4,2,2
6/26/2019 7:00,6,0,6
6/26/2019 8:00,9,5,4
6/26/2019 9:00,3,2,1
6/26/2019 10:00,3,1,2
6/26/2019 11:00,8,1,7
6/26/2019 12:00,3,2,1
6/26/2019 13:00,2,1,1
6/26/2019 14:00,9,4,5
6/26/2019 15:00,8,2,6
6/26/2019 16:00,3,2,1
6/26/2019 17:00,9,5,4
6/26/2019 18:00,10,5,5
6/26/2019 19:00,10,7,3
6/26/2019 20:00,7,4,3
6/26/2019 21:00,7,3,4
6/26/2019 22:00,3,2,1
6/26/2019 23:00,0,0,0
6/27/2019 0:00,1,1,0
6/27/2019 1:00,0,0,0
6/27/2019 2:00,0,0,0
6/27/2019 3:00,0,0,0
6/27/2019 4:00,0,0,0
6/27/2019 5:00,1,0,1
6/27/2019 6:00,5,3,2
6/27/2019 7:00,4,0,4
6/27/2019 8:00,7,3,4
6/27/2019 9:00,9,5,4
6/27/2019 10:00,8,2,6
6/27/2019 11:00,8,6,2
6/27/2019 12:00,3,1,2
6/27/2019 13:00,8,4,4
6/27/2019 14:00,7,2,5
6/27/2019 15:00,12,4,8
6/27/2019 16:00,10,3,7
6/27/2019 17:00,9,5,4
6/27/2019 18:00,7,4,3
6/27/2019 19:00,12,4,8
6/27/2019 20:00,8,1,7
6/27/2019 21:00,5,0,5
6/27/2019 22:00,3,0,3
6/27/2019 23:00,1,1,0
6/28/2019 0:00,0,0,0
6/28/2019 1:00,1,0,1
6/28/2019 2:00,0,0,0
6/28/2019 3:00,0,0,0
6/28/2019 4:00,0,0,0
6/28/2019 5:00,0,0,0
6/28/2019 6:00,2,1,1
6/28/2019 7:00,10,3,7
6/28/2019 8:00,11,5,6
6/28/2019 9:00,7,4,3
6/28/2019 10:00,7,5,2
6/28/2019 11:00,3,0,3
6/28/2019 12:00,9,8,1
6/28/2019 13:00,7,5,2
6/28/2019 14:00,7,1,6
6/28/2019 15:00,6,4,2
6/28/2019 16:00,6,2,4
6/28/2019 17:00,18,8,10
6/28/2019 18:00,7,3,4
6/28/2019 19:00,9,7,2
6/28/2019 20:00,4,1,3
6/28/2019 21:00,2,0,2
6/28/2019 22:00,2,1,1
6/28/2019 23:00,2,2,0
6/29/2019 0:00,0,0,0
6/29/2019 1:00,1,1,0
6/29/2019 2:00,0,0,0
6/29/2019 3:00,0,0,0
6/29/2019 4:00,1,0,1
6/29/2019 5:00,1,0,1
6/29/2019 6:00,2,0,2
6/29/2019 7:00,0,0,0
6/29/2019 8:00,4,2,2
6/29/2019 9:00,6,4,2
6/29/2019 10:00,11,6,5
6/29/2019 11:00,14,6,8
6/29/2019 12:00,13,5,8
6/29/2019 13:00,9,3,6
6/29/2019 14:00,12,9,3
6/29/2019 15:00,9,4,5
6/29/2019 16:00,12,5,7
6/29/2019 17:00,7,0,7
6/29/2019 18:00,12,8,4
6/29/2019 19:00,7,2,5
6/29/2019 20:00,8,2,6
6/29/2019 21:00,4,2,2
6/29/2019 22:00,1,1,0
6/29/2019 23:00,1,0,1
6/30/2019 0:00,0,0,0
6/30/2019 1:00,4,2,2
6/30/2019 2:00,1,0,1
6/30/2019 3:00,0,0,0
6/30/2019 4:00,0,0,0
6/30/2019 5:00,1,1,0
6/30/2019 6:00,0,0,0
6/30/2019 7:00,2,1,1
6/30/2019 8:00,10,6,4
6/30/2019 9:00,8,5,3
6/30/2019 10:00,10,7,3
6/30/2019 11:00,30,19,11
6/30/2019 12:00,16,8,8
6/30/2019 13:00,25,14,11
6/30/2019 14:00,20,7,13
6/30/2019 15:00,20,10,10
6/30/2019 16:00,12,6,6
6/30/2019 17:00,15,6,9
6/30/2019 18:00,10,3,7
6/30/2019 19:00,11,2,9
6/30/2019 20:00,5,1,4
6/30/2019 21:00,4,1,3
6/30/2019 22:00,3,1,2
6/30/2019 23:00,1,1,0
7/1/2019 0:00,1,1,0
7/1/2019 1:00,1,1,0
7/1/2019 2:00,0,0,0
7/1/2019 3:00,0,0,0
7/1/2019 4:00,0,0,0
7/1/2019 5:00,1,0,1
7/1/2019 6:00,5,5,0
7/1/2019 7:00,12,4,8
7/1/2019 8:00,11,4,7
7/1/2019 9:00,4,1,3
7/1/2019 10:00,2,1,1
7/1/2019 11:00,8,3,5
7/1/2019 12:00,8,3,5
7/1/2019 13:00,7,1,6
7/1/2019 14:00,15,8,7
7/1/2019 15:00,13,7,6
7/1/2019 16:00,11,1,10
7/1/2019 17:00,27,12,15
7/1/2019 18:00,14,6,8
7/1/2019 19:00,4,2,2
7/1/2019 20:00,9,2,7
7/1/2019 21:00,7,4,3
7/1/2019 22:00,3,1,2
7/1/2019 23:00,4,1,3
7/2/2019 0:00,0,0,0
7/2/2019 1:00,0,0,0
7/2/2019 2:00,0,0,0
7/2/2019 3:00,0,0,0
7/2/2019 4:00,0,0,0
7/2/2019 5:00,0,0,0
7/2/2019 6:00,1,1,0
7/2/2019 7:00,4,1,3
7/2/2019 8:00,7,4,3
7/2/2019 9:00,7,3,4
7/2/2019 10:00,3,1,2
7/2/2019 11:00,3,2,1
7/2/2019 12:00,5,2,3
7/2/2019 13:00,1,1,0
7/2/2019 14:00,5,3,2
7/2/2019 15:00,3,0,3
7/2/2019 16:00,3,0,3
7/2/2019 17:00,8,3,5
7/2/2019 18:00,5,3,2
7/2/2019 19:00,5,1,4
7/2/2019 20:00,4,2,2
7/2/2019 21:00,0,0,0
7/2/2019 22:00,2,1,1
7/2/2019 23:00,1,1,0
7/3/2019 0:00,4,1,3
7/3/2019 1:00,1,1,0
7/3/2019 2:00,0,0,0
7/3/2019 3:00,1,0,1
7/3/2019 4:00,1,0,1
7/3/2019 5:00,1,1,0
7/3/2019 6:00,3,2,1
7/3/2019 7:00,3,0,3
7/3/2019 8:00,6,3,3
7/3/2019 9:00,,,
7/3/2019 10:00,5,2,3
7/3/2019 11:00,8,6,2
7/3/2019 12:00,6,4,2
7/3/2019 13:00,3,0,3
7/3/2019 14:00,3,0,3
7/3/2019 15:00,7,5,2
7/3/2019 16:00,13,6,7
7/3/2019 17:00,7,4,3
7/3/2019 18:00,10,7,3
7/3/2019 19:00,6,3,3
7/3/2019 20:00,6,2,4
7/3/2019 21:00,7,4,3
7/3/2019 22:00,4,1,3
7/3/2019 23:00,2,1,1
7/4/2019 0:00,1,0,1
7/4/2019 1:00,5,2,3
7/4/2019 2:00,0,0,0
7/4/2019 3:00,0,0,0
7/4/2019 4:00,1,1,0
7/4/2019 5:00,0,0,0
7/4/2019 6:00,1,1,0
7/4/2019 7:00,0,0,0
7/4/2019 8:00,1,0,1
7/4/2019 9:00,8,1,7
7/4/2019 10:00,6,2,4
7/4/2019 11:00,7,2,5
7/4/2019 12:00,11,4,7
7/4/2019 13:00,20,12,8
7/4/2019 14:00,7,4,3
7/4/2019 15:00,7,1,6
7/4/2019 16:00,9,3,6
7/4/2019 17:00,13,4,9
7/4/2019 18:00,9,3,6
7/4/2019 19:00,6,2,4
7/4/2019 20:00,6,5,1
7/4/2019 21:00,5,1,4
7/4/2019 22:00,1,1,0
7/4/2019 23:00,2,2,0
7/5/2019 0:00,1,0,1
7/5/2019 1:00,2,1,1
7/5/2019 2:00,1,0,1
7/5/2019 3:00,0,0,0
7/5/2019 4:00,0,0,0
7/5/2019 5:00,0,0,0
7/5/2019 6:00,1,1,0
7/5/2019 7:00,1,0,1
7/5/2019 8:00,4,2,2
7/5/2019 9:00,4,0,4
7/5/2019 10:00,8,4,4
7/5/2019 11:00,5,1,4
7/5/2019 12:00,14,8,6
7/5/2019 13:00,12,7,5
7/5/2019 14:00,5,3,2
7/5/2019 15:00,9,6,3
7/5/2019 16:00,14,9,5
7/5/2019 17:00,8,5,3
7/5/2019 18:00,1,1,0
7/5/2019 19:00,6,2,4
7/5/2019 20:00,5,2,3
7/5/2019 21:00,3,0,3
7/5/2019 22:00,5,0,5
7/5/2019 23:00,0,0,0
7/6/2019 0:00,1,0,1
7/6/2019 1:00,0,0,0
7/6/2019 2:00,2,1,1
7/6/2019 3:00,1,1,0
7/6/2019 4:00,0,0,0
7/6/2019 5:00,0,0,0
7/6/2019 6:00,0,0,0
7/6/2019 7:00,0,0,0
7/6/2019 8:00,0,0,0
7/6/2019 9:00,5,2,3
7/6/2019 10:00,13,6,7
7/6/2019 11:00,5,0,5
7/6/2019 12:00,7,3,4
7/6/2019 13:00,12,4,8
7/6/2019 14:00,12,5,7
7/6/2019 15:00,8,2,6
7/6/2019 16:00,7,3,4
7/6/2019 17:00,8,1,7
7/6/2019 18:00,3,2,1
7/6/2019 19:00,3,2,1
7/6/2019 20:00,6,4,2
7/6/2019 21:00,1,0,1
7/6/2019 22:00,4,1,3
7/6/2019 23:00,4,1,3
7/7/2019 0:00,1,1,0
7/7/2019 1:00,0,0,0
7/7/2019 2:00,2,0,2
7/7/2019 3:00,0,0,0
7/7/2019 4:00,0,0,0
7/7/2019 5:00,1,0,1
7/7/2019 6:00,0,0,0
7/7/2019 7:00,0,0,0
7/7/2019 8:00,3,1,2
7/7/2019 9:00,1,0,1
7/7/2019 10:00,13,6,7
7/7/2019 11:00,9,3,6
7/7/2019 12:00,21,13,8
7/7/2019 13:00,16,8,8
7/7/2019 14:00,18,7,11
7/7/2019 15:00,13,10,3
7/7/2019 16:00,14,9,5
7/7/2019 17:00,6,2,4
7/7/2019 18:00,6,2,4
7/7/2019 19:00,5,1,4
7/7/2019 20:00,1,0,1
7/7/2019 21:00,3,1,2
7/7/2019 22:00,1,0,1
7/7/2019 23:00,2,2,0
7/8/2019 0:00,0,0,0
7/8/2019 1:00,0,0,0
7/8/2019 2:00,1,0,1
7/8/2019 3:00,0,0,0
7/8/2019 4:00,0,0,0
7/8/2019 5:00,0,0,0
7/8/2019 6:00,5,1,4
7/8/2019 7:00,9,1,8
7/8/2019 8:00,7,4,3
7/8/2019 9:00,4,0,4
7/8/2019 10:00,2,1,1
7/8/2019 11:00,9,8,1
7/8/2019 12:00,13,4,9
7/8/2019 13:00,4,1,3
7/8/2019 14:00,7,5,2
7/8/2019 15:00,5,1,4
7/8/2019 16:00,10,2,8
7/8/2019 17:00,19,10,9
7/8/2019 18:00,8,3,5
7/8/2019 19:00,15,6,9
7/8/2019 20:00,4,0,4
7/8/2019 21:00,1,0,1
7/8/2019 22:00,1,1,0
7/8/2019 23:00,2,0,2
7/9/2019 0:00,0,0,0
7/9/2019 1:00,1,0,1
7/9/2019 2:00,0,0,0
7/9/2019 3:00,0,0,0
7/9/2019 4:00,0,0,0
7/9/2019 5:00,1,1,0
7/9/2019 6:00,3,1,2
7/9/2019 7:00,7,2,5
7/9/2019 8:00,4,2,2
7/9/2019 9:00,9,3,6
7/9/2019 10:00,4,3,1
7/9/2019 11:00,8,2,6
7/9/2019 12:00,7,3,4
7/9/2019 13:00,11,5,6
7/9/2019 14:00,10,5,5
7/9/2019 15:00,7,2,5
7/9/2019 16:00,6,4,2
7/9/2019 17:00,11,6,5
7/9/2019 18:00,11,7,4
7/9/2019 19:00,13,5,8
7/9/2019 20:00,2,1,1
7/9/2019 21:00,2,1,1
7/9/2019 22:00,5,3,2
7/9/2019 23:00,0,0,0
7/10/2019 0:00,0,0,0
7/10/2019 1:00,0,0,0
7/10/2019 2:00,0,0,0
7/10/2019 3:00,0,0,0
7/10/2019 4:00,0,0,0
7/10/2019 5:00,0,0,0
7/10/2019 6:00,2,1,1
7/10/2019 7:00,4,0,4
7/10/2019 8:00,6,3,3
7/10/2019 9:00,3,2,1
7/10/2019 10:00,2,1,1
7/10/2019 11:00,8,7,1
7/10/2019 12:00,3,2,1
7/10/2019 13:00,8,4,4
7/10/2019 14:00,3,1,2
7/10/2019 15:00,6,1,5
7/10/2019 16:00,6,4,2
7/10/2019 17:00,13,7,6
7/10/2019 18:00,10,5,5
7/10/2019 19:00,17,7,10
7/10/2019 20:00,7,2,5
7/10/2019 21:00,9,2,7
7/10/2019 22:00,2,1,1
7/10/2019 23:00,2,0,2
7/11/2019 0:00,0,0,0
7/11/2019 1:00,1,0,1
7/11/2019 2:00,0,0,0
7/11/2019 3:00,1,1,0
7/11/2019 4:00,0,0,0
7/11/2019 5:00,1,1,0
7/11/2019 6:00,4,0,4
7/11/2019 7:00,8,1,7
7/11/2019 8:00,8,2,6
7/11/2019 9:00,4,2,2
7/11/2019 10:00,5,4,1
7/11/2019 11:00,10,3,7
7/11/2019 12:00,11,3,8
7/11/2019 13:00,7,4,3
7/11/2019 14:00,8,6,2
7/11/2019 15:00,11,2,9
7/11/2019 16:00,4,3,1
7/11/2019 17:00,13,4,9
7/11/2019 18:00,11,8,3
7/11/2019 19:00,11,3,8
7/11/2019 20:00,19,11,8
7/11/2019 21:00,9,3,6
7/11/2019 22:00,1,1,0
7/11/2019 23:00,4,0,4
7/12/2019 0:00,2,1,1
7/12/2019 1:00,1,0,1
7/12/2019 2:00,0,0,0
7/12/2019 3:00,0,0,0
7/12/2019 4:00,3,2,1
7/12/2019 5:00,0,0,0
7/12/2019 6:00,1,0,1
7/12/2019 7:00,3,1,2
7/12/2019 8:00,10,3,7
7/12/2019 9:00,4,1,3
7/12/2019 10:00,4,3,1
7/12/2019 11:00,11,3,8
7/12/2019 12:00,7,1,6
7/12/2019 13:00,12,5,7
7/12/2019 14:00,5,4,1
7/12/2019 15:00,3,1,2
7/12/2019 16:00,11,6,5
7/12/2019 17:00,21,10,11
7/12/2019 18:00,17,6,11
7/12/2019 19:00,16,6,10
7/12/2019 20:00,18,9,9
7/12/2019 21:00,3,1,2
7/12/2019 22:00,8,3,5
7/12/2019 23:00,3,1,2
7/13/2019 0:00,3,1,2
7/13/2019 1:00,3,1,2
7/13/2019 2:00,1,1,0
7/13/2019 3:00,0,0,0
7/13/2019 4:00,1,0,1
7/13/2019 5:00,0,0,0
7/13/2019 6:00,1,1,0
7/13/2019 7:00,2,0,2
7/13/2019 8:00,8,4,4
7/13/2019 9:00,13,9,4
7/13/2019 10:00,15,11,4
7/13/2019 11:00,14,12,2
7/13/2019 12:00,29,15,14
7/13/2019 13:00,23,14,9
7/13/2019 14:00,26,17,9
7/13/2019 15:00,28,14,14
7/13/2019 16:00,19,9,10
7/13/2019 17:00,33,23,10
7/13/2019 18:00,20,9,11
7/13/2019 19:00,15,5,10
7/13/2019 20:00,15,8,7
7/13/2019 21:00,12,1,11
7/13/2019 22:00,10,1,9
7/13/2019 23:00,8,0,8
7/14/2019 0:00,2,1,1
7/14/2019 1:00,0,0,0
7/14/2019 2:00,2,0,2
7/14/2019 3:00,1,1,0
7/14/2019 4:00,0,0,0
7/14/2019 5:00,0,0,0
7/14/2019 6:00,0,0,0
7/14/2019 7:00,2,1,1
7/14/2019 8:00,5,1,4
7/14/2019 9:00,13,8,5
7/14/2019 10:00,10,5,5
7/14/2019 11:00,24,19,5
7/14/2019 12:00,19,15,4
7/14/2019 13:00,28,15,13
7/14/2019 14:00,27,20,7
7/14/2019 15:00,21,11,10
7/14/2019 16:00,22,9,13
7/14/2019 17:00,18,4,14
7/14/2019 18:00,12,4,8
7/14/2019 19:00,14,8,6
7/14/2019 20:00,12,3,9
7/14/2019 21:00,6,4,2
7/14/2019 22:00,2,1,1
7/14/2019 23:00,0,0,0
7/15/2019 0:00,0,0,0
7/15/2019 1:00,1,0,1
7/15/2019 2:00,1,0,1
7/15/2019 3:00,0,0,0
7/15/2019 4:00,0,0,0
7/15/2019 5:00,0,0,0
7/15/2019 6:00,1,0,1
7/15/2019 7:00,8,2,6
7/15/2019 8:00,12,4,8
7/15/2019 9:00,7,5,2
7/15/2019 10:00,1,0,1
7/15/2019 11:00,6,5,1
7/15/2019 12:00,5,4,1
7/15/2019 13:00,5,2,3
7/15/2019 14:00,2,0,2
7/15/2019 15:00,6,2,4
7/15/2019 16:00,7,4,3
7/15/2019 17:00,17,9,8
7/15/2019 18:00,12,8,4
7/15/2019 19:00,15,5,10
7/15/2019 20:00,2,0,2
7/15/2019 21:00,6,3,3
7/15/2019 22:00,2,0,2
7/15/2019 23:00,0,0,0
7/16/2019 0:00,1,1,0
7/16/2019 1:00,0,0,0
7/16/2019 2:00,0,0,0
7/16/2019 3:00,1,1,0
7/16/2019 4:00,0,0,0
7/16/2019 5:00,0,0,0
7/16/2019 6:00,3,0,3
7/16/2019 7:00,9,3,6
7/16/2019 8:00,12,2,10
7/16/2019 9:00,8,4,4
7/16/2019 10:00,6,3,3
7/16/2019 11:00,13,5,8
7/16/2019 12:00,7,4,3
7/16/2019 13:00,7,2,5
7/16/2019 14:00,3,1,2
7/16/2019 15:00,15,11,4
7/16/2019 16:00,7,2,5
7/16/2019 17:00,11,6,5
7/16/2019 18:00,11,8,3
7/16/2019 19:00,11,4,7
7/16/2019 20:00,13,1,12
7/16/2019 21:00,9,3,6
7/16/2019 22:00,1,0,1
7/16/2019 23:00,0,0,0
7/17/2019 0:00,0,0,0
7/17/2019 1:00,2,0,2
7/17/2019 2:00,0,0,0
7/17/2019 3:00,0,0,0
7/17/2019 4:00,0,0,0
7/17/2019 5:00,0,0,0
7/17/2019 6:00,1,0,1
7/17/2019 7:00,7,2,5
7/17/2019 8:00,5,3,2
7/17/2019 9:00,1,1,0
7/17/2019 10:00,8,5,3
7/17/2019 11:00,5,3,2
7/17/2019 12:00,2,1,1
7/17/2019 13:00,5,5,0
7/17/2019 14:00,5,1,4
7/17/2019 15:00,8,5,3
7/17/2019 16:00,4,2,2
7/17/2019 17:00,5,4,1
7/17/2019 18:00,9,5,4
7/17/2019 19:00,14,4,10
7/17/2019 20:00,2,1,1
7/17/2019 21:00,3,2,1
7/17/2019 22:00,1,0,1
7/17/2019 23:00,0,0,0
7/18/2019 0:00,2,0,2
7/18/2019 1:00,0,0,0
7/18/2019 2:00,0,0,0
7/18/2019 3:00,0,0,0
7/18/2019 4:00,0,0,0
7/18/2019 5:00,1,1,0
7/18/2019 6:00,1,0,1
7/18/2019 7:00,6,1,5
7/18/2019 8:00,9,3,6
7/18/2019 9:00,4,3,1
7/18/2019 10:00,11,6,5
7/18/2019 11:00,5,4,1
7/18/2019 12:00,8,3,5
7/18/2019 13:00,7,4,3
7/18/2019 14:00,11,5,6
7/18/2019 15:00,15,4,11
7/18/2019 16:00,5,2,3
7/18/2019 17:00,15,9,6
7/18/2019 18:00,8,1,7
7/18/2019 19:00,7,4,3
7/18/2019 20:00,5,2,3
7/18/2019 21:00,1,0,1
7/18/2019 22:00,1,0,1
7/18/2019 23:00,0,0,0
7/19/2019 0:00,2,0,2
7/19/2019 1:00,2,2,0
7/19/2019 2:00,0,0,0
7/19/2019 3:00,0,0,0
7/19/2019 4:00,0,0,0
7/19/2019 5:00,0,0,0
7/19/2019 6:00,0,0,0
7/19/2019 7:00,4,0,4
7/19/2019 8:00,8,4,4
7/19/2019 9:00,10,3,7
7/19/2019 10:00,3,2,1
7/19/2019 11:00,8,5,3
7/19/2019 12:00,11,2,9
7/19/2019 13:00,14,7,7
7/19/2019 14:00,7,3,4
7/19/2019 15:00,8,4,4
7/19/2019 16:00,13,6,7
7/19/2019 17:00,16,4,12
7/19/2019 18:00,15,14,1
7/19/2019 19:00,10,3,7
7/19/2019 20:00,11,3,8
7/19/2019 21:00,4,2,2
7/19/2019 22:00,1,0,1
7/19/2019 23:00,1,0,1
7/20/2019 0:00,1,1,0
7/20/2019 1:00,0,0,0
7/20/2019 2:00,0,0,0
7/20/2019 3:00,1,1,0
7/20/2019 4:00,0,0,0
7/20/2019 5:00,0,0,0
7/20/2019 6:00,0,0,0
7/20/2019 7:00,0,0,0
7/20/2019 8:00,6,4,2
7/20/2019 9:00,8,6,2
7/20/2019 10:00,15,8,7
7/20/2019 11:00,26,12,14
7/20/2019 12:00,14,8,6
7/20/2019 13:00,17,10,7
7/20/2019 14:00,8,2,6
7/20/2019 15:00,22,12,10
7/20/2019 16:00,18,3,15
7/20/2019 17:00,8,3,5
7/20/2019 18:00,10,2,8
7/20/2019 19:00,10,6,4
7/20/2019 20:00,7,2,5
7/20/2019 21:00,3,1,2
7/20/2019 22:00,0,0,0
7/20/2019 23:00,4,0,4
7/21/2019 0:00,2,0,2
7/21/2019 1:00,0,0,0
7/21/2019 2:00,2,1,1
7/21/2019 3:00,1,1,0
7/21/2019 4:00,1,0,1
7/21/2019 5:00,1,1,0
7/21/2019 6:00,1,0,1
7/21/2019 7:00,2,1,1
7/21/2019 8:00,5,3,2
7/21/2019 9:00,7,2,5
7/21/2019 10:00,21,16,5
7/21/2019 11:00,15,3,12
7/21/2019 12:00,20,10,10
7/21/2019 13:00,9,5,4
7/21/2019 14:00,16,9,7
7/21/2019 15:00,10,3,7
7/21/2019 16:00,8,6,2
7/21/2019 17:00,14,6,8
7/21/2019 18:00,17,7,10
7/21/2019 19:00,11,5,6
7/21/2019 20:00,8,1,7
7/21/2019 21:00,1,0,1
7/21/2019 22:00,1,1,0
7/21/2019 23:00,1,1,0
7/22/2019 0:00,0,0,0
7/22/2019 1:00,0,0,0
7/22/2019 2:00,1,0,1
7/22/2019 3:00,0,0,0
7/22/2019 4:00,0,0,0
7/22/2019 5:00,1,1,0
7/22/2019 6:00,2,0,2
7/22/2019 7:00,8,0,8
7/22/2019 8:00,8,5,3
7/22/2019 9:00,16,8,8
7/22/2019 10:00,7,5,2
7/22/2019 11:00,13,9,4
7/22/2019 12:00,3,3,0
7/22/2019 13:00,0,0,0
7/22/2019 14:00,0,0,0
7/22/2019 15:00,0,0,0
7/22/2019 16:00,0,0,0
7/22/2019 17:00,0,0,0
7/22/2019 18:00,0,0,0
7/22/2019 19:00,0,0,0
7/22/2019 20:00,0,0,0
7/22/2019 21:00,0,0,0
7/22/2019 22:00,0,0,0
7/22/2019 23:00,0,0,0
7/23/2019 0:00,0,0,0
7/23/2019 1:00,0,0,0
7/23/2019 2:00,0,0,0
7/23/2019 3:00,0,0,0
7/23/2019 4:00,0,0,0
7/23/2019 5:00,0,0,0
7/23/2019 6:00,0,0,0
7/23/2019 7:00,0,0,0
7/23/2019 8:00,0,0,0
7/23/2019 9:00,0,0,0
7/23/2019 10:00,0,0,0
7/23/2019 11:00,0,0,0
7/23/2019 12:00,0,0,0
7/23/2019 13:00,0,0,0
7/23/2019 14:00,0,0,0
7/23/2019 15:00,0,0,0
7/23/2019 16:00,0,0,0
7/23/2019 17:00,0,0,0
7/23/2019 18:00,0,0,0
7/23/2019 19:00,0,0,0
7/23/2019 20:00,0,0,0
7/23/2019 21:00,0,0,0
7/23/2019 22:00,0,0,0
7/23/2019 23:00,0,0,0
7/24/2019 0:00,0,0,0
7/24/2019 1:00,0,0,0
7/24/2019 2:00,0,0,0
7/24/2019 3:00,0,0,0
7/24/2019 4:00,0,0,0
7/24/2019 5:00,0,0,0
7/24/2019 6:00,0,0,0
7/24/2019 7:00,0,0,0
7/24/2019 8:00,0,0,0
7/24/2019 9:00,0,0,0
7/24/2019 10:00,0,0,0
7/24/2019 11:00,0,0,0
7/24/2019 12:00,0,0,0
7/24/2019 13:00,0,0,0
7/24/2019 14:00,0,0,0
7/24/2019 15:00,0,0,0
7/24/2019 16:00,0,0,0
7/24/2019 17:00,0,0,0
7/24/2019 18:00,0,0,0
7/24/2019 19:00,0,0,0
7/24/2019 20:00,0,0,0
7/24/2019 21:00,0,0,0
7/24/2019 22:00,0,0,0
7/24/2019 23:00,0,0,0
7/25/2019 0:00,0,0,0
7/25/2019 1:00,0,0,0
7/25/2019 2:00,0,0,0
7/25/2019 3:00,0,0,0
7/25/2019 4:00,0,0,0
7/25/2019 5:00,0,0,0
7/25/2019 6:00,0,0,0
7/25/2019 7:00,0,0,0
7/25/2019 8:00,0,0,0
7/25/2019 9:00,0,0,0
7/25/2019 10:00,0,0,0
7/25/2019 11:00,0,0,0
7/25/2019 12:00,0,0,0
7/25/2019 13:00,0,0,0
7/25/2019 14:00,0,0,0
7/25/2019 15:00,0,0,0
7/25/2019 16:00,0,0,0
7/25/2019 17:00,0,0,0
7/25/2019 18:00,0,0,0
7/25/2019 19:00,0,0,0
7/25/2019 20:00,0,0,0
7/25/2019 21:00,0,0,0
7/25/2019 22:00,0,0,0
7/25/2019 23:00,0,0,0
7/26/2019 0:00,0,0,0
7/26/2019 1:00,0,0,0
7/26/2019 2:00,0,0,0
7/26/2019 3:00,0,0,0
7/26/2019 4:00,0,0,0
7/26/2019 5:00,0,0,0
7/26/2019 6:00,0,0,0
7/26/2019 7:00,0,0,0
7/26/2019 8:00,0,0,0
7/26/2019 9:00,0,0,0
7/26/2019 10:00,0,0,0
7/26/2019 11:00,0,0,0
7/26/2019 12:00,0,0,0
7/26/2019 13:00,0,0,0
7/26/2019 14:00,0,0,0
7/26/2019 15:00,0,0,0
7/26/2019 16:00,0,0,0
7/26/2019 17:00,0,0,0
7/26/2019 18:00,0,0,0
7/26/2019 19:00,0,0,0
7/26/2019 20:00,0,0,0
7/26/2019 21:00,0,0,0
7/26/2019 22:00,0,0,0
7/26/2019 23:00,0,0,0
7/27/2019 0:00,0,0,0
7/27/2019 1:00,0,0,0
7/27/2019 2:00,0,0,0
7/27/2019 3:00,0,0,0
7/27/2019 4:00,0,0,0
7/27/2019 5:00,0,0,0
7/27/2019 6:00,0,0,0
7/27/2019 7:00,0,0,0
7/27/2019 8:00,0,0,0
7/27/2019 9:00,0,0,0
7/27/2019 10:00,0,0,0
7/27/2019 11:00,0,0,0
7/27/2019 12:00,0,0,0
7/27/2019 13:00,0,0,0
7/27/2019 14:00,0,0,0
7/27/2019 15:00,0,0,0
7/27/2019 16:00,0,0,0
7/27/2019 17:00,0,0,0
7/27/2019 18:00,0,0,0
7/27/2019 19:00,0,0,0
7/27/2019 20:00,0,0,0
7/27/2019 21:00,0,0,0
7/27/2019 22:00,0,0,0
7/27/2019 23:00,0,0,0
7/28/2019 0:00,0,0,0
7/28/2019 1:00,0,0,0
7/28/2019 2:00,0,0,0
7/28/2019 3:00,0,0,0
7/28/2019 4:00,0,0,0
7/28/2019 5:00,0,0,0
7/28/2019 6:00,0,0,0
7/28/2019 7:00,0,0,0
7/28/2019 8:00,0,0,0
7/28/2019 9:00,0,0,0
7/28/2019 10:00,0,0,0
7/28/2019 11:00,0,0,0
7/28/2019 12:00,0,0,0
7/28/2019 13:00,0,0,0
7/28/2019 14:00,0,0,0
7/28/2019 15:00,1,0,1
7/28/2019 16:00,0,0,0
7/28/2019 17:00,0,0,0
7/28/2019 18:00,0,0,0
7/28/2019 19:00,0,0,0
7/28/2019 20:00,0,0,0
7/28/2019 21:00,0,0,0
7/28/2019 22:00,0,0,0
7/28/2019 23:00,0,0,0
7/29/2019 0:00,0,0,0
7/29/2019 1:00,0,0,0
7/29/2019 2:00,0,0,0
7/29/2019 3:00,0,0,0
7/29/2019 4:00,0,0,0
7/29/2019 5:00,0,0,0
7/29/2019 6:00,0,0,0
7/29/2019 7:00,0,0,0
7/29/2019 8:00,0,0,0
7/29/2019 9:00,0,0,0
7/29/2019 10:00,0,0,0
7/29/2019 11:00,0,0,0
7/29/2019 12:00,0,0,0
7/29/2019 13:00,0,0,0
7/29/2019 14:00,0,0,0
7/29/2019 15:00,0,0,0
7/29/2019 16:00,0,0,0
7/29/2019 17:00,0,0,0
7/29/2019 18:00,0,0,0
7/29/2019 19:00,0,0,0
7/29/2019 20:00,0,0,0
7/29/2019 21:00,0,0,0
7/29/2019 22:00,0,0,0
7/29/2019 23:00,0,0,0
7/30/2019 0:00,0,0,0
7/30/2019 1:00,0,0,0
7/30/2019 2:00,0,0,0
7/30/2019 3:00,0,0,0
7/30/2019 4:00,0,0,0
7/30/2019 5:00,0,0,0
7/30/2019 6:00,0,0,0
7/30/2019 7:00,0,0,0
7/30/2019 8:00,0,0,0
7/30/2019 9:00,0,0,0
7/30/2019 10:00,0,0,0
7/30/2019 11:00,0,0,0
7/30/2019 12:00,0,0,0
7/30/2019 13:00,0,0,0
7/30/2019 14:00,0,0,0
7/30/2019 15:00,0,0,0
7/30/2019 16:00,0,0,0
7/30/2019 17:00,0,0,0
7/30/2019 18:00,0,0,0
7/30/2019 19:00,0,0,0
7/30/2019 20:00,0,0,0
7/30/2019 21:00,0,0,0
7/30/2019 22:00,0,0,0
7/30/2019 23:00,0,0,0
7/31/2019 0:00,0,0,0
7/31/2019 1:00,0,0,0
7/31/2019 2:00,0,0,0
7/31/2019 3:00,0,0,0
7/31/2019 4:00,0,0,0
7/31/2019 5:00,0,0,0
7/31/2019 6:00,0,0,0
7/31/2019 7:00,0,0,0
7/31/2019 8:00,0,0,0
7/31/2019 9:00,0,0,0
7/31/2019 10:00,0,0,0
7/31/2019 11:00,0,0,0
7/31/2019 12:00,0,0,0
7/31/2019 13:00,0,0,0
7/31/2019 14:00,0,0,0
7/31/2019 15:00,0,0,0
7/31/2019 16:00,0,0,0
7/31/2019 17:00,0,0,0
7/31/2019 18:00,0,0,0
7/31/2019 19:00,0,0,0
7/31/2019 20:00,0,0,0
7/31/2019 21:00,0,0,0
7/31/2019 22:00,0,0,0
7/31/2019 23:00,0,0,0
8/1/2019 0:00,0,0,0
8/1/2019 1:00,0,0,0
8/1/2019 2:00,0,0,0
8/1/2019 3:00,0,0,0
8/1/2019 4:00,0,0,0
8/1/2019 5:00,0,0,0
8/1/2019 6:00,0,0,0
8/1/2019 7:00,0,0,0
8/1/2019 8:00,0,0,0
8/1/2019 9:00,0,0,0
8/1/2019 10:00,0,0,0
8/1/2019 11:00,0,0,0
8/1/2019 12:00,0,0,0
8/1/2019 13:00,0,0,0
8/1/2019 14:00,0,0,0
8/1/2019 15:00,0,0,0
8/1/2019 16:00,0,0,0
8/1/2019 17:00,0,0,0
8/1/2019 18:00,0,0,0
8/1/2019 19:00,0,0,0
8/1/2019 20:00,0,0,0
8/1/2019 21:00,0,0,0
8/1/2019 22:00,0,0,0
8/1/2019 23:00,0,0,0
8/2/2019 0:00,0,0,0
8/2/2019 1:00,0,0,0
8/2/2019 2:00,0,0,0
8/2/2019 3:00,0,0,0
8/2/2019 4:00,0,0,0
8/2/2019 5:00,0,0,0
8/2/2019 6:00,0,0,0
8/2/2019 7:00,0,0,0
8/2/2019 8:00,0,0,0
8/2/2019 9:00,0,0,0
8/2/2019 10:00,0,0,0
8/2/2019 11:00,0,0,0
8/2/2019 12:00,0,0,0
8/2/2019 13:00,0,0,0
8/2/2019 14:00,0,0,0
8/2/2019 15:00,0,0,0
8/2/2019 16:00,3,2,1
8/2/2019 17:00,12,6,6
8/2/2019 18:00,16,9,7
8/2/2019 19:00,5,4,1
8/2/2019 20:00,9,5,4
8/2/2019 21:00,2,2,0
8/2/2019 22:00,4,4,0
8/2/2019 23:00,2,1,1
8/3/2019 0:00,1,0,1
8/3/2019 1:00,0,0,0
8/3/2019 2:00,0,0,0
8/3/2019 3:00,1,0,1
8/3/2019 4:00,0,0,0
8/3/2019 5:00,0,0,0
8/3/2019 6:00,0,0,0
8/3/2019 7:00,2,1,1
8/3/2019 8:00,9,1,8
8/3/2019 9:00,13,5,8
8/3/2019 10:00,13,6,7
8/3/2019 11:00,8,2,6
8/3/2019 12:00,20,9,11
8/3/2019 13:00,4,3,1
8/3/2019 14:00,15,9,6
8/3/2019 15:00,12,6,6
8/3/2019 16:00,11,3,8
8/3/2019 17:00,7,1,6
8/3/2019 18:00,18,7,11
8/3/2019 19:00,4,2,2
8/3/2019 20:00,5,1,4
8/3/2019 21:00,4,4,0
8/3/2019 22:00,5,4,1
8/3/2019 23:00,3,2,1
8/4/2019 0:00,0,0,0
8/4/2019 1:00,0,0,0
8/4/2019 2:00,1,1,0
8/4/2019 3:00,0,0,0
8/4/2019 4:00,0,0,0
8/4/2019 5:00,1,1,0
8/4/2019 6:00,0,0,0
8/4/2019 7:00,4,2,2
8/4/2019 8:00,6,2,4
8/4/2019 9:00,16,8,8
8/4/2019 10:00,23,6,17
8/4/2019 11:00,9,2,7
8/4/2019 12:00,35,14,21
8/4/2019 13:00,33,15,18
8/4/2019 14:00,23,11,12
8/4/2019 15:00,20,16,4
8/4/2019 16:00,16,10,6
8/4/2019 17:00,12,8,4
8/4/2019 18:00,11,4,7
8/4/2019 19:00,14,6,8
8/4/2019 20:00,8,2,6
8/4/2019 21:00,10,9,1
8/4/2019 22:00,1,0,1
8/4/2019 23:00,2,1,1
8/5/2019 0:00,2,0,2
8/5/2019 1:00,1,0,1
8/5/2019 2:00,0,0,0
8/5/2019 3:00,3,1,2
8/5/2019 4:00,2,1,1
8/5/2019 5:00,2,1,1
8/5/2019 6:00,3,2,1
8/5/2019 7:00,13,9,4
8/5/2019 8:00,13,7,6
8/5/2019 9:00,11,3,8
8/5/2019 10:00,11,5,6
8/5/2019 11:00,8,1,7
8/5/2019 12:00,12,2,10
8/5/2019 13:00,6,1,5
8/5/2019 14:00,12,6,6
8/5/2019 15:00,9,3,6
8/5/2019 16:00,11,6,5
8/5/2019 17:00,22,10,12
8/5/2019 18:00,16,8,8
8/5/2019 19:00,20,12,8
8/5/2019 20:00,7,3,4
8/5/2019 21:00,9,6,3
8/5/2019 22:00,4,1,3
8/5/2019 23:00,3,1,2
8/6/2019 0:00,0,0,0
8/6/2019 1:00,1,1,0
8/6/2019 2:00,3,2,1
8/6/2019 3:00,0,0,0
8/6/2019 4:00,0,0,0
8/6/2019 5:00,1,0,1
8/6/2019 6:00,6,3,3
8/6/2019 7:00,9,5,4
8/6/2019 8:00,15,7,8
8/6/2019 9:00,12,4,8
8/6/2019 10:00,10,4,6
8/6/2019 11:00,5,3,2
8/6/2019 12:00,11,4,7
8/6/2019 13:00,11,3,8
8/6/2019 14:00,15,8,7
8/6/2019 15:00,15,10,5
8/6/2019 16:00,11,4,7
8/6/2019 17:00,19,5,14
8/6/2019 18:00,21,6,15
8/6/2019 19:00,32,15,17
8/6/2019 20:00,10,4,6
8/6/2019 21:00,7,5,2
8/6/2019 22:00,4,1,3
8/6/2019 23:00,4,3,1
8/7/2019 0:00,0,0,0
8/7/2019 1:00,0,0,0
8/7/2019 2:00,1,1,0
8/7/2019 3:00,0,0,0
8/7/2019 4:00,0,0,0
8/7/2019 5:00,1,1,0
8/7/2019 6:00,5,4,1
8/7/2019 7:00,3,3,0
8/7/2019 8:00,14,10,4
8/7/2019 9:00,4,2,2
8/7/2019 10:00,4,2,2
8/7/2019 11:00,2,0,2
8/7/2019 12:00,6,0,6
8/7/2019 13:00,5,1,4
8/7/2019 14:00,12,7,5
8/7/2019 15:00,9,4,5
8/7/2019 16:00,13,8,5
8/7/2019 17:00,17,8,9
8/7/2019 18:00,21,10,11
8/7/2019 19:00,14,7,7
8/7/2019 20:00,13,4,9
8/7/2019 21:00,10,8,2
8/7/2019 22:00,2,2,0
8/7/2019 23:00,0,0,0
8/8/2019 0:00,3,0,3
8/8/2019 1:00,1,1,0
8/8/2019 2:00,0,0,0
8/8/2019 3:00,1,1,0
8/8/2019 4:00,0,0,0
8/8/2019 5:00,0,0,0
8/8/2019 6:00,2,2,0
8/8/2019 7:00,3,2,1
8/8/2019 8:00,7,5,2
8/8/2019 9:00,5,2,3
8/8/2019 10:00,11,6,5
8/8/2019 11:00,3,1,2
8/8/2019 12:00,7,3,4
8/8/2019 13:00,8,4,4
8/8/2019 14:00,5,2,3
8/8/2019 15:00,6,5,1
8/8/2019 16:00,15,6,9
8/8/2019 17:00,11,3,8
8/8/2019 18:00,16,8,8
8/8/2019 19:00,18,10,8
8/8/2019 20:00,11,2,9
8/8/2019 21:00,1,0,1
8/8/2019 22:00,1,1,0
8/8/2019 23:00,0,0,0
8/9/2019 0:00,3,0,3
8/9/2019 1:00,0,0,0
8/9/2019 2:00,2,2,0
8/9/2019 3:00,0,0,0
8/9/2019 4:00,0,0,0
8/9/2019 5:00,0,0,0
8/9/2019 6:00,2,2,0
8/9/2019 7:00,4,3,1
8/9/2019 8:00,6,3,3
8/9/2019 9:00,5,3,2
8/9/2019 10:00,9,3,6
8/9/2019 11:00,9,3,6
8/9/2019 12:00,9,6,3
8/9/2019 13:00,13,5,8
8/9/2019 14:00,9,4,5
8/9/2019 15:00,10,5,5
8/9/2019 16:00,19,9,10
8/9/2019 17:00,14,7,7
8/9/2019 18:00,5,3,2
8/9/2019 19:00,9,5,4
8/9/2019 20:00,9,2,7
8/9/2019 21:00,4,1,3
8/9/2019 22:00,4,4,0
8/9/2019 23:00,0,0,0
8/10/2019 0:00,3,1,2
8/10/2019 1:00,1,0,1
8/10/2019 2:00,0,0,0
8/10/2019 3:00,0,0,0
8/10/2019 4:00,0,0,0
8/10/2019 5:00,0,0,0
8/10/2019 6:00,0,0,0
8/10/2019 7:00,0,0,0
8/10/2019 8:00,0,0,0
8/10/2019 9:00,2,1,1
8/10/2019 10:00,2,1,1
8/10/2019 11:00,1,0,1
8/10/2019 12:00,8,4,4
8/10/2019 13:00,4,1,3
8/10/2019 14:00,16,7,9
8/10/2019 15:00,10,3,7
8/10/2019 16:00,13,8,5
8/10/2019 17:00,22,10,12
8/10/2019 18:00,9,4,5
8/10/2019 19:00,9,1,8
8/10/2019 20:00,3,3,0
8/10/2019 21:00,2,1,1
8/10/2019 22:00,1,1,0
8/10/2019 23:00,2,0,2
8/11/2019 0:00,4,3,1
8/11/2019 1:00,0,0,0
8/11/2019 2:00,2,0,2
8/11/2019 3:00,1,1,0
8/11/2019 4:00,1,0,1
8/11/2019 5:00,0,0,0
8/11/2019 6:00,0,0,0
8/11/2019 7:00,0,0,0
8/11/2019 8:00,3,2,1
8/11/2019 9:00,4,0,4
8/11/2019 10:00,11,3,8
8/11/2019 11:00,18,12,6
8/11/2019 12:00,9,2,7
8/11/2019 13:00,12,3,9
8/11/2019 14:00,14,10,4
8/11/2019 15:00,17,9,8
8/11/2019 16:00,17,13,4
8/11/2019 17:00,5,2,3
8/11/2019 18:00,12,7,5
8/11/2019 19:00,5,3,2
8/11/2019 20:00,2,0,2
8/11/2019 21:00,0,0,0
8/11/2019 22:00,3,2,1
8/11/2019 23:00,0,0,0
8/12/2019 0:00,0,0,0
8/12/2019 1:00,0,0,0
8/12/2019 2:00,1,0,1
8/12/2019 3:00,2,1,1
8/12/2019 4:00,1,1,0
8/12/2019 5:00,1,1,0
8/12/2019 6:00,2,2,0
8/12/2019 7:00,8,7,1
8/12/2019 8:00,9,4,5
8/12/2019 9:00,8,4,4
8/12/2019 10:00,5,2,3
8/12/2019 11:00,4,2,2
8/12/2019 12:00,10,6,4
8/12/2019 13:00,5,3,2
8/12/2019 14:00,16,5,11
8/12/2019 15:00,15,9,6
8/12/2019 16:00,18,10,8
8/12/2019 17:00,20,6,14
8/12/2019 18:00,16,7,9
8/12/2019 19:00,12,3,9
8/12/2019 20:00,10,7,3
8/12/2019 21:00,6,3,3
8/12/2019 22:00,6,3,3
8/12/2019 23:00,2,1,1
8/13/2019 0:00,3,1,2
8/13/2019 1:00,1,0,1
8/13/2019 2:00,1,1,0
8/13/2019 3:00,2,0,2
8/13/2019 4:00,2,2,0
8/13/2019 5:00,1,1,0
8/13/2019 6:00,4,3,1
8/13/2019 7:00,16,9,7
8/13/2019 8:00,6,2,4
8/13/2019 9:00,3,1,2
8/13/2019 10:00,7,5,2
8/13/2019 11:00,7,4,3
8/13/2019 12:00,13,5,8
8/13/2019 13:00,8,3,5
8/13/2019 14:00,11,5,6
8/13/2019 15:00,8,5,3
8/13/2019 16:00,21,5,16
8/13/2019 17:00,16,6,10
8/13/2019 18:00,24,13,11
8/13/2019 19:00,9,4,5
8/13/2019 20:00,7,4,3
8/13/2019 21:00,8,4,4
8/13/2019 22:00,6,2,4
8/13/2019 23:00,1,0,1
8/14/2019 0:00,0,0,0
8/14/2019 1:00,0,0,0
8/14/2019 2:00,0,0,0
8/14/2019 3:00,0,0,0
8/14/2019 4:00,0,0,0
8/14/2019 5:00,1,1,0
8/14/2019 6:00,2,2,0
8/14/2019 7:00,16,9,7
8/14/2019 8:00,8,6,2
8/14/2019 9:00,5,3,2
8/14/2019 10:00,2,0,2
8/14/2019 11:00,10,6,4
8/14/2019 12:00,6,3,3
8/14/2019 13:00,5,2,3
8/14/2019 14:00,8,2,6
8/14/2019 15:00,7,1,6
8/14/2019 16:00,13,8,5
8/14/2019 17:00,14,2,12
8/14/2019 18:00,12,4,8
8/14/2019 19:00,10,6,4
8/14/2019 20:00,10,4,6
8/14/2019 21:00,10,9,1
8/14/2019 22:00,1,0,1
8/14/2019 23:00,0,0,0
8/15/2019 0:00,3,1,2
8/15/2019 1:00,0,0,0
8/15/2019 2:00,0,0,0
8/15/2019 3:00,1,0,1
8/15/2019 4:00,0,0,0
8/15/2019 5:00,4,4,0
8/15/2019 6:00,4,4,0
8/15/2019 7:00,6,3,3
8/15/2019 8:00,11,6,5
8/15/2019 9:00,13,10,3
8/15/2019 10:00,6,4,2
8/15/2019 11:00,6,1,5
8/15/2019 12:00,4,2,2
8/15/2019 13:00,9,5,4
8/15/2019 14:00,5,1,4
8/15/2019 15:00,9,5,4
8/15/2019 16:00,17,6,11
8/15/2019 17:00,24,11,13
8/15/2019 18:00,23,13,10
8/15/2019 19:00,16,7,9
8/15/2019 20:00,7,4,3
8/15/2019 21:00,4,2,2
8/15/2019 22:00,6,2,4
8/15/2019 23:00,0,0,0
8/16/2019 0:00,1,0,1
8/16/2019 1:00,1,0,1
8/16/2019 2:00,0,0,0
8/16/2019 3:00,0,0,0
8/16/2019 4:00,1,1,0
8/16/2019 5:00,2,2,0
8/16/2019 6:00,2,2,0
8/16/2019 7:00,7,6,1
8/16/2019 8:00,6,4,2
8/16/2019 9:00,12,6,6
8/16/2019 10:00,11,4,7
8/16/2019 11:00,10,2,8
8/16/2019 12:00,9,6,3
8/16/2019 13:00,8,4,4
8/16/2019 14:00,5,2,3
8/16/2019 15:00,9,3,6
8/16/2019 16:00,9,5,4
8/16/2019 17:00,15,4,11
8/16/2019 18:00,6,1,5
8/16/2019 19:00,8,3,5
8/16/2019 20:00,9,5,4
8/16/2019 21:00,3,2,1
8/16/2019 22:00,9,5,4
8/16/2019 23:00,1,1,0
8/17/2019 0:00,0,0,0
8/17/2019 1:00,1,0,1
8/17/2019 2:00,0,0,0
8/17/2019 3:00,1,1,0
8/17/2019 4:00,0,0,0
8/17/2019 5:00,1,1,0
8/17/2019 6:00,1,0,1
8/17/2019 7:00,1,1,0
8/17/2019 8:00,3,1,2
8/17/2019 9:00,10,6,4
8/17/2019 10:00,10,5,5
8/17/2019 11:00,9,4,5
8/17/2019 12:00,10,3,7
8/17/2019 13:00,24,12,12
8/17/2019 14:00,13,7,6
8/17/2019 15:00,19,9,10
8/17/2019 16:00,11,6,5
8/17/2019 17:00,16,9,7
8/17/2019 18:00,8,4,4
8/17/2019 19:00,6,3,3
8/17/2019 20:00,8,3,5
8/17/2019 21:00,5,2,3
8/17/2019 22:00,4,3,1
8/17/2019 23:00,1,1,0
8/18/2019 0:00,1,1,0
8/18/2019 1:00,1,0,1
8/18/2019 2:00,2,2,0
8/18/2019 3:00,1,0,1
8/18/2019 4:00,3,2,1
8/18/2019 5:00,0,0,0
8/18/2019 6:00,1,0,1
8/18/2019 7:00,2,2,0
8/18/2019 8:00,4,2,2
8/18/2019 9:00,6,3,3
8/18/2019 10:00,7,4,3
8/18/2019 11:00,9,5,4
8/18/2019 12:00,24,10,14
8/18/2019 13:00,20,6,14
8/18/2019 14:00,18,7,11
8/18/2019 15:00,11,8,3
8/18/2019 16:00,19,6,13
8/18/2019 17:00,18,9,9
8/18/2019 18:00,15,7,8
8/18/2019 19:00,10,6,4
8/18/2019 20:00,5,5,0
8/18/2019 21:00,1,1,0
8/18/2019 22:00,1,1,0
8/18/2019 23:00,0,0,0
8/19/2019 0:00,1,0,1
8/19/2019 1:00,0,0,0
8/19/2019 2:00,0,0,0
8/19/2019 3:00,2,1,1
8/19/2019 4:00,0,0,0
8/19/2019 5:00,0,0,0
8/19/2019 6:00,2,1,1
8/19/2019 7:00,10,8,2
8/19/2019 8:00,9,7,2
8/19/2019 9:00,15,6,9
8/19/2019 10:00,8,3,5
8/19/2019 11:00,4,1,3
8/19/2019 12:00,6,4,2
8/19/2019 13:00,9,4,5
8/19/2019 14:00,5,4,1
8/19/2019 15:00,4,2,2
8/19/2019 16:00,7,3,4
8/19/2019 17:00,18,10,8
8/19/2019 18:00,17,5,12
8/19/2019 19:00,10,4,6
8/19/2019 20:00,9,5,4
8/19/2019 21:00,4,1,3
8/19/2019 22:00,6,2,4
8/19/2019 23:00,3,0,3
8/20/2019 0:00,0,0,0
8/20/2019 1:00,0,0,0
8/20/2019 2:00,1,1,0
8/20/2019 3:00,0,0,0
8/20/2019 4:00,2,2,0
8/20/2019 5:00,2,1,1
8/20/2019 6:00,6,5,1
8/20/2019 7:00,9,4,5
8/20/2019 8:00,10,7,3
8/20/2019 9:00,11,5,6
8/20/2019 10:00,11,4,7
8/20/2019 11:00,16,10,6
8/20/2019 12:00,4,2,2
8/20/2019 13:00,8,4,4
8/20/2019 14:00,5,2,3
8/20/2019 15:00,8,2,6
8/20/2019 16:00,11,5,6
8/20/2019 17:00,16,4,12
8/20/2019 18:00,25,11,14
8/20/2019 19:00,11,5,6
8/20/2019 20:00,7,6,1
8/20/2019 21:00,1,1,0
8/20/2019 22:00,2,1,1
8/20/2019 23:00,1,0,1
8/21/2019 0:00,0,0,0
8/21/2019 1:00,2,2,0
8/21/2019 2:00,1,1,0
8/21/2019 3:00,1,1,0
8/21/2019 4:00,0,0,0
8/21/2019 5:00,2,1,1
8/21/2019 6:00,2,1,1
8/21/2019 7:00,3,2,1
8/21/2019 8:00,8,4,4
8/21/2019 9:00,3,1,2
8/21/2019 10:00,0,0,0
8/21/2019 11:00,6,0,6
8/21/2019 12:00,9,4,5
8/21/2019 13:00,8,5,3
8/21/2019 14:00,3,0,3
8/21/2019 15:00,5,4,1
8/21/2019 16:00,4,3,1
8/21/2019 17:00,9,2,7
8/21/2019 18:00,9,2,7
8/21/2019 19:00,5,3,2
8/21/2019 20:00,6,3,3
8/21/2019 21:00,4,4,0
8/21/2019 22:00,0,0,0
8/21/2019 23:00,2,0,2
8/22/2019 0:00,0,0,0
8/22/2019 1:00,0,0,0
8/22/2019 2:00,1,0,1
8/22/2019 3:00,1,0,1
8/22/2019 4:00,1,1,0
8/22/2019 5:00,1,1,0
8/22/2019 6:00,6,4,2
8/22/2019 7:00,8,5,3
8/22/2019 8:00,8,5,3
8/22/2019 9:00,10,5,5
8/22/2019 10:00,5,2,3
8/22/2019 11:00,6,3,3
8/22/2019 12:00,13,8,5
8/22/2019 13:00,15,14,1
8/22/2019 14:00,12,4,8
8/22/2019 15:00,5,5,0
8/22/2019 16:00,7,2,5
8/22/2019 17:00,21,12,9
8/22/2019 18:00,10,5,5
8/22/2019 19:00,12,5,7
8/22/2019 20:00,16,12,4
8/22/2019 21:00,9,5,4
8/22/2019 22:00,2,1,1
8/22/2019 23:00,1,0,1
8/23/2019 0:00,4,2,2
8/23/2019 1:00,3,3,0
8/23/2019 2:00,0,0,0
8/23/2019 3:00,1,0,1
8/23/2019 4:00,4,3,1
8/23/2019 5:00,0,0,0
8/23/2019 6:00,5,2,3
8/23/2019 7:00,15,9,6
8/23/2019 8:00,9,8,1
8/23/2019 9:00,9,5,4
8/23/2019 10:00,13,5,8
8/23/2019 11:00,9,3,6
8/23/2019 12:00,11,4,7
8/23/2019 13:00,9,7,2
8/23/2019 14:00,4,1,3
8/23/2019 15:00,5,2,3
8/23/2019 16:00,8,2,6
8/23/2019 17:00,20,2,18
8/23/2019 18:00,7,3,4
8/23/2019 19:00,6,4,2
8/23/2019 20:00,6,4,2
8/23/2019 21:00,2,2,0
8/23/2019 22:00,5,3,2
8/23/2019 23:00,3,0,3
8/24/2019 0:00,3,2,1
8/24/2019 1:00,0,0,0
8/24/2019 2:00,0,0,0
8/24/2019 3:00,2,1,1
8/24/2019 4:00,0,0,0
8/24/2019 5:00,2,1,1
8/24/2019 6:00,2,1,1
8/24/2019 7:00,3,1,2
8/24/2019 8:00,7,3,4
8/24/2019 9:00,12,4,8
8/24/2019 10:00,16,9,7
8/24/2019 11:00,11,4,7
8/24/2019 12:00,12,5,7
8/24/2019 13:00,20,9,11
8/24/2019 14:00,19,13,6
8/24/2019 15:00,16,9,7
8/24/2019 16:00,14,10,4
8/24/2019 17:00,8,4,4
8/24/2019 18:00,12,4,8
8/24/2019 19:00,5,3,2
8/24/2019 20:00,2,2,0
8/24/2019 21:00,2,1,1
8/24/2019 22:00,8,5,3
8/24/2019 23:00,1,0,1
8/25/2019 0:00,0,0,0
8/25/2019 1:00,2,0,2
8/25/2019 2:00,1,0,1
8/25/2019 3:00,1,1,0
8/25/2019 4:00,0,0,0
8/25/2019 5:00,0,0,0
8/25/2019 6:00,2,1,1
8/25/2019 7:00,1,0,1
8/25/2019 8:00,6,3,3
8/25/2019 9:00,6,2,4
8/25/2019 10:00,12,6,6
8/25/2019 11:00,25,7,18
8/25/2019 12:00,25,16,9
8/25/2019 13:00,22,10,12
8/25/2019 14:00,18,6,12
8/25/2019 15:00,12,12,0
8/25/2019 16:00,15,2,13
8/25/2019 17:00,14,10,4
8/25/2019 18:00,13,9,4
8/25/2019 19:00,18,12,6
8/25/2019 20:00,8,7,1
8/25/2019 21:00,1,0,1
8/25/2019 22:00,2,2,0
8/25/2019 23:00,0,0,0
8/26/2019 0:00,1,1,0
8/26/2019 1:00,2,1,1
8/26/2019 2:00,1,1,0
8/26/2019 3:00,2,1,1
8/26/2019 4:00,1,1,0
8/26/2019 5:00,1,0,1
8/26/2019 6:00,2,1,1
8/26/2019 7:00,6,6,0
8/26/2019 8:00,11,4,7
8/26/2019 9:00,5,2,3
8/26/2019 10:00,5,4,1
8/26/2019 11:00,8,2,6
8/26/2019 12:00,5,1,4
8/26/2019 13:00,7,4,3
8/26/2019 14:00,11,5,6
8/26/2019 15:00,7,1,6
8/26/2019 16:00,8,3,5
8/26/2019 17:00,21,6,15
8/26/2019 18:00,20,11,9
8/26/2019 19:00,15,6,9
8/26/2019 20:00,9,4,5
8/26/2019 21:00,7,4,3
8/26/2019 22:00,5,2,3
8/26/2019 23:00,1,0,1
8/27/2019 0:00,0,0,0
8/27/2019 1:00,2,1,1
8/27/2019 2:00,1,1,0
8/27/2019 3:00,0,0,0
8/27/2019 4:00,2,1,1
8/27/2019 5:00,1,0,1
8/27/2019 6:00,5,3,2
8/27/2019 7:00,9,5,4
8/27/2019 8:00,14,10,4
8/27/2019 9:00,12,7,5
8/27/2019 10:00,6,1,5
8/27/2019 11:00,3,0,3
8/27/2019 12:00,16,9,7
8/27/2019 13:00,9,6,3
8/27/2019 14:00,10,4,6
8/27/2019 15:00,10,7,3
8/27/2019 16:00,12,5,7
8/27/2019 17:00,22,11,11
8/27/2019 18:00,18,11,7
8/27/2019 19:00,8,5,3
8/27/2019 20:00,7,5,2
8/27/2019 21:00,5,2,3
8/27/2019 22:00,5,2,3
8/27/2019 23:00,1,1,0
8/28/2019 0:00,0,0,0
8/28/2019 1:00,0,0,0
8/28/2019 2:00,0,0,0
8/28/2019 3:00,3,2,1
8/28/2019 4:00,0,0,0
8/28/2019 5:00,1,0,1
8/28/2019 6:00,4,2,2
8/28/2019 7:00,8,5,3
8/28/2019 8:00,11,3,8
8/28/2019 9:00,8,6,2
8/28/2019 10:00,10,3,7
8/28/2019 11:00,15,8,7
8/28/2019 12:00,10,5,5
8/28/2019 13:00,5,3,2
8/28/2019 14:00,4,0,4
8/28/2019 15:00,3,1,2
8/28/2019 16:00,12,5,7
8/28/2019 17:00,11,6,5
8/28/2019 18:00,20,6,14
8/28/2019 19:00,17,5,12
8/28/2019 20:00,18,11,7
8/28/2019 21:00,7,4,3
8/28/2019 22:00,3,2,1
8/28/2019 23:00,2,1,1
8/29/2019 0:00,2,0,2
8/29/2019 1:00,1,0,1
8/29/2019 2:00,0,0,0
8/29/2019 3:00,3,2,1
8/29/2019 4:00,2,0,2
8/29/2019 5:00,0,0,0
8/29/2019 6:00,5,4,1
8/29/2019 7:00,3,2,1
8/29/2019 8:00,6,1,5
8/29/2019 9:00,7,3,4
8/29/2019 10:00,10,4,6
8/29/2019 11:00,10,6,4
8/29/2019 12:00,14,5,9
8/29/2019 13:00,10,8,2
8/29/2019 14:00,7,2,5
8/29/2019 15:00,8,2,6
8/29/2019 16:00,12,7,5
8/29/2019 17:00,15,5,10
8/29/2019 18:00,7,3,4
8/29/2019 19:00,9,5,4
8/29/2019 20:00,2,0,2
8/29/2019 21:00,4,2,2
8/29/2019 22:00,2,1,1
8/29/2019 23:00,0,0,0
8/30/2019 0:00,0,0,0
8/30/2019 1:00,1,0,1
8/30/2019 2:00,0,0,0
8/30/2019 3:00,0,0,0
8/30/2019 4:00,1,1,0
8/30/2019 5:00,0,0,0
8/30/2019 6:00,5,3,2
8/30/2019 7:00,2,0,2
8/30/2019 8:00,12,4,8
8/30/2019 9:00,9,2,7
8/30/2019 10:00,14,5,9
8/30/2019 11:00,11,8,3
8/30/2019 12:00,13,5,8
8/30/2019 13:00,10,5,5
8/30/2019 14:00,10,5,5
8/30/2019 15:00,15,6,9
8/30/2019 16:00,14,8,6
8/30/2019 17:00,21,8,13
8/30/2019 18:00,15,8,7
8/30/2019 19:00,8,6,2
8/30/2019 20:00,13,6,7
8/30/2019 21:00,4,2,2
8/30/2019 22:00,3,1,2
8/30/2019 23:00,4,0,4
8/31/2019 0:00,1,1,0
8/31/2019 1:00,1,0,1
8/31/2019 2:00,1,1,0
8/31/2019 3:00,2,2,0
8/31/2019 4:00,0,0,0
8/31/2019 5:00,0,0,0
8/31/2019 6:00,2,0,2
8/31/2019 7:00,1,1,0
8/31/2019 8:00,9,5,4
8/31/2019 9:00,10,4,6
8/31/2019 10:00,10,7,3
8/31/2019 11:00,12,6,6
8/31/2019 12:00,11,5,6
8/31/2019 13:00,11,2,9
8/31/2019 14:00,16,6,10
8/31/2019 15:00,16,8,8
8/31/2019 16:00,5,2,3
8/31/2019 17:00,13,8,5
8/31/2019 18:00,7,3,4
8/31/2019 19:00,9,3,6
8/31/2019 20:00,6,3,3
8/31/2019 21:00,6,4,2
8/31/2019 22:00,2,0,2
8/31/2019 23:00,0,0,0
9/1/2019 0:00,1,0,1
9/1/2019 1:00,1,0,1
9/1/2019 2:00,1,1,0
9/1/2019 3:00,0,0,0
9/1/2019 4:00,2,1,1
9/1/2019 5:00,2,1,1
9/1/2019 6:00,2,1,1
9/1/2019 7:00,1,0,1
9/1/2019 8:00,0,0,0
9/1/2019 9:00,8,1,7
9/1/2019 10:00,22,8,14
9/1/2019 11:00,19,12,7
9/1/2019 12:00,14,7,7
9/1/2019 13:00,26,3,23
9/1/2019 14:00,31,20,11
9/1/2019 15:00,5,2,3
9/1/2019 16:00,11,6,5
9/1/2019 17:00,13,7,6
9/1/2019 18:00,18,11,7
9/1/2019 19:00,11,6,5
9/1/2019 20:00,4,2,2
9/1/2019 21:00,4,3,1
9/1/2019 22:00,1,0,1
9/1/2019 23:00,2,0,2
9/2/2019 0:00,0,0,0
9/2/2019 1:00,0,0,0
9/2/2019 2:00,3,2,1
9/2/2019 3:00,0,0,0
9/2/2019 4:00,0,0,0
9/2/2019 5:00,0,0,0
9/2/2019 6:00,2,1,1
9/2/2019 7:00,1,0,1
9/2/2019 8:00,7,2,5
9/2/2019 9:00,2,1,1
9/2/2019 10:00,19,7,12
9/2/2019 11:00,9,3,6
9/2/2019 12:00,26,13,13
9/2/2019 13:00,16,7,9
9/2/2019 14:00,11,7,4
9/2/2019 15:00,12,8,4
9/2/2019 16:00,19,9,10
9/2/2019 17:00,9,3,6
9/2/2019 18:00,9,7,2
9/2/2019 19:00,10,4,6
9/2/2019 20:00,6,4,2
9/2/2019 21:00,3,2,1
9/2/2019 22:00,1,1,0
9/2/2019 23:00,0,0,0
9/3/2019 0:00,1,1,0
9/3/2019 1:00,0,0,0
9/3/2019 2:00,0,0,0
9/3/2019 3:00,0,0,0
9/3/2019 4:00,0,0,0
9/3/2019 5:00,0,0,0
9/3/2019 6:00,3,2,1
9/3/2019 7:00,5,4,1
9/3/2019 8:00,11,9,2
9/3/2019 9:00,13,5,8
9/3/2019 10:00,12,7,5
9/3/2019 11:00,5,3,2
9/3/2019 12:00,8,2,6
9/3/2019 13:00,12,5,7
9/3/2019 14:00,12,7,5
9/3/2019 15:00,10,6,4
9/3/2019 16:00,9,5,4
9/3/2019 17:00,16,8,8
9/3/2019 18:00,15,4,11
9/3/2019 19:00,13,7,6
9/3/2019 20:00,5,4,1
9/3/2019 21:00,3,1,2
9/3/2019 22:00,4,3,1
9/3/2019 23:00,1,0,1
9/4/2019 0:00,0,0,0
9/4/2019 1:00,2,1,1
9/4/2019 2:00,0,0,0
9/4/2019 3:00,2,2,0
9/4/2019 4:00,0,0,0
9/4/2019 5:00,0,0,0
9/4/2019 6:00,5,2,3
9/4/2019 7:00,4,4,0
9/4/2019 8:00,8,6,2
9/4/2019 9:00,5,2,3
9/4/2019 10:00,7,5,2
9/4/2019 11:00,4,2,2
9/4/2019 12:00,11,5,6
9/4/2019 13:00,8,4,4
9/4/2019 14:00,10,5,5
9/4/2019 15:00,13,8,5
9/4/2019 16:00,11,7,4
9/4/2019 17:00,14,3,11
9/4/2019 18:00,16,3,13
9/4/2019 19:00,14,8,6
9/4/2019 20:00,8,8,0
9/4/2019 21:00,1,1,0
9/4/2019 22:00,2,1,1
9/4/2019 23:00,1,0,1
9/5/2019 0:00,0,0,0
9/5/2019 1:00,2,2,0
9/5/2019 2:00,0,0,0
9/5/2019 3:00,0,0,0
9/5/2019 4:00,1,1,0
9/5/2019 5:00,2,0,2
9/5/2019 6:00,4,3,1
9/5/2019 7:00,6,4,2
9/5/2019 8:00,12,6,6
9/5/2019 9:00,13,8,5
9/5/2019 10:00,12,10,2
9/5/2019 11:00,5,4,1
9/5/2019 12:00,11,7,4
9/5/2019 13:00,4,3,1
9/5/2019 14:00,7,4,3
9/5/2019 15:00,6,1,5
9/5/2019 16:00,13,7,6
9/5/2019 17:00,20,9,11
9/5/2019 18:00,26,7,19
9/5/2019 19:00,19,11,8
9/5/2019 20:00,7,5,2
9/5/2019 21:00,1,1,0
9/5/2019 22:00,1,1,0
9/5/2019 23:00,0,0,0
9/6/2019 0:00,0,0,0
9/6/2019 1:00,1,1,0
9/6/2019 2:00,0,0,0
9/6/2019 3:00,0,0,0
9/6/2019 4:00,0,0,0
9/6/2019 5:00,0,0,0
9/6/2019 6:00,4,2,2
9/6/2019 7:00,4,3,1
9/6/2019 8:00,13,6,7
9/6/2019 9:00,4,2,2
9/6/2019 10:00,3,1,2
9/6/2019 11:00,11,6,5
9/6/2019 12:00,6,2,4
9/6/2019 13:00,12,7,5
9/6/2019 14:00,6,4,2
9/6/2019 15:00,12,3,9
9/6/2019 16:00,18,10,8
9/6/2019 17:00,23,12,11
9/6/2019 18:00,15,8,7
9/6/2019 19:00,15,4,11
9/6/2019 20:00,3,2,1
9/6/2019 21:00,3,3,0
9/6/2019 22:00,3,2,1
9/6/2019 23:00,1,1,0
9/7/2019 0:00,2,1,1
9/7/2019 1:00,1,0,1
9/7/2019 2:00,0,0,0
9/7/2019 3:00,0,0,0
9/7/2019 4:00,1,1,0
9/7/2019 5:00,0,0,0
9/7/2019 6:00,3,2,1
9/7/2019 7:00,0,0,0
9/7/2019 8:00,3,2,1
9/7/2019 9:00,8,5,3
9/7/2019 10:00,8,4,4
9/7/2019 11:00,10,4,6
9/7/2019 12:00,15,6,9
9/7/2019 13:00,19,13,6
9/7/2019 14:00,8,5,3
9/7/2019 15:00,13,5,8
9/7/2019 16:00,19,9,10
9/7/2019 17:00,9,2,7
9/7/2019 18:00,4,1,3
9/7/2019 19:00,12,7,5
9/7/2019 20:00,1,1,0
9/7/2019 21:00,1,0,1
9/7/2019 22:00,1,1,0
9/7/2019 23:00,1,0,1
9/8/2019 0:00,2,2,0
9/8/2019 1:00,0,0,0
9/8/2019 2:00,0,0,0
9/8/2019 3:00,0,0,0
9/8/2019 4:00,0,0,0
9/8/2019 5:00,0,0,0
9/8/2019 6:00,0,0,0
9/8/2019 7:00,5,3,2
9/8/2019 8:00,3,1,2
9/8/2019 9:00,6,2,4
9/8/2019 10:00,5,3,2
9/8/2019 11:00,11,5,6
9/8/2019 12:00,12,3,9
9/8/2019 13:00,12,4,8
9/8/2019 14:00,8,2,6
9/8/2019 15:00,7,4,3
9/8/2019 16:00,8,4,4
9/8/2019 17:00,12,7,5
9/8/2019 18:00,3,2,1
9/8/2019 19:00,2,1,1
9/8/2019 20:00,0,0,0
9/8/2019 21:00,1,1,0
9/8/2019 22:00,0,0,0
9/8/2019 23:00,1,1,0
9/9/2019 0:00,0,0,0
9/9/2019 1:00,0,0,0
9/9/2019 2:00,0,0,0
9/9/2019 3:00,0,0,0
9/9/2019 4:00,0,0,0
9/9/2019 5:00,1,1,0
9/9/2019 6:00,5,5,0
9/9/2019 7:00,10,5,5
9/9/2019 8:00,11,8,3
9/9/2019 9:00,6,3,3
9/9/2019 10:00,5,3,2
9/9/2019 11:00,6,3,3
9/9/2019 12:00,10,3,7
9/9/2019 13:00,3,2,1
9/9/2019 14:00,5,4,1
9/9/2019 15:00,6,3,3
9/9/2019 16:00,7,3,4
9/9/2019 17:00,12,7,5
9/9/2019 18:00,8,4,4
9/9/2019 19:00,6,1,5
9/9/2019 20:00,2,1,1
9/9/2019 21:00,7,4,3
9/9/2019 22:00,3,2,1
9/9/2019 23:00,1,1,0
9/10/2019 0:00,0,0,0
9/10/2019 1:00,0,0,0
9/10/2019 2:00,2,1,1
9/10/2019 3:00,0,0,0
9/10/2019 4:00,0,0,0
9/10/2019 5:00,1,0,1
9/10/2019 6:00,1,0,1
9/10/2019 7:00,3,1,2
9/10/2019 8:00,4,3,1
9/10/2019 9:00,1,1,0
9/10/2019 10:00,2,1,1
9/10/2019 11:00,5,2,3
9/10/2019 12:00,6,3,3
9/10/2019 13:00,2,2,0
9/10/2019 14:00,6,4,2
9/10/2019 15:00,10,6,4
9/10/2019 16:00,6,2,4
9/10/2019 17:00,11,4,7
9/10/2019 18:00,22,6,16
9/10/2019 19:00,11,9,2
9/10/2019 20:00,1,0,1
9/10/2019 21:00,4,4,0
9/10/2019 22:00,2,1,1
9/10/2019 23:00,4,1,3
9/11/2019 0:00,0,0,0
9/11/2019 1:00,0,0,0
9/11/2019 2:00,0,0,0
9/11/2019 3:00,0,0,0
9/11/2019 4:00,0,0,0
9/11/2019 5:00,1,0,1
9/11/2019 6:00,2,1,1
9/11/2019 7:00,15,9,6
9/11/2019 8:00,9,9,0
9/11/2019 9:00,8,4,4
9/11/2019 10:00,3,1,2
9/11/2019 11:00,3,1,2
9/11/2019 12:00,4,1,3
9/11/2019 13:00,6,1,5
9/11/2019 14:00,2,1,1
9/11/2019 15:00,1,1,0
9/11/2019 16:00,4,2,2
9/11/2019 17:00,26,5,21
9/11/2019 18:00,31,8,23
9/11/2019 19:00,9,5,4
9/11/2019 20:00,8,6,2
9/11/2019 21:00,4,2,2
9/11/2019 22:00,1,0,1
9/11/2019 23:00,3,1,2
9/12/2019 0:00,2,2,0
9/12/2019 1:00,1,1,0
9/12/2019 2:00,1,1,0
9/12/2019 3:00,0,0,0
9/12/2019 4:00,0,0,0
9/12/2019 5:00,0,0,0
9/12/2019 6:00,0,0,0
9/12/2019 7:00,8,1,7
9/12/2019 8:00,13,3,10
9/12/2019 9:00,21,2,19
9/12/2019 10:00,11,7,4
9/12/2019 11:00,15,5,10
9/12/2019 12:00,11,7,4
9/12/2019 13:00,10,0,10
9/12/2019 14:00,8,2,6
9/12/2019 15:00,10,2,8
9/12/2019 16:00,15,3,12
9/12/2019 17:00,10,2,8
9/12/2019 18:00,12,4,8
9/12/2019 19:00,12,5,7
9/12/2019 20:00,8,2,6
9/12/2019 21:00,6,1,5
9/12/2019 22:00,1,0,1
9/12/2019 23:00,3,0,3
9/13/2019 0:00,0,0,0
9/13/2019 1:00,1,1,0
9/13/2019 2:00,0,0,0
9/13/2019 3:00,0,0,0
9/13/2019 4:00,1,0,1
9/13/2019 5:00,1,0,1
9/13/2019 6:00,8,2,6
9/13/2019 7:00,6,3,3
9/13/2019 8:00,0,0,0
9/13/2019 9:00,0,0,0
9/13/2019 10:00,0,0,0
9/13/2019 11:00,0,0,0
9/13/2019 12:00,0,0,0
9/13/2019 13:00,0,0,0
9/13/2019 14:00,0,0,0
9/13/2019 15:00,0,0,0
9/13/2019 16:00,0,0,0
9/13/2019 17:00,0,0,0
9/13/2019 18:00,0,0,0
9/13/2019 19:00,0,0,0
9/13/2019 20:00,0,0,0
9/13/2019 21:00,0,0,0
9/13/2019 22:00,0,0,0
9/13/2019 23:00,0,0,0
9/14/2019 0:00,0,0,0
9/14/2019 1:00,0,0,0
9/14/2019 2:00,0,0,0
9/14/2019 3:00,0,0,0
9/14/2019 4:00,0,0,0
9/14/2019 5:00,0,0,0
9/14/2019 6:00,0,0,0
9/14/2019 7:00,0,0,0
9/14/2019 8:00,0,0,0
9/14/2019 9:00,0,0,0
9/14/2019 10:00,0,0,0
9/14/2019 11:00,0,0,0
9/14/2019 12:00,0,0,0
9/14/2019 13:00,0,0,0
9/14/2019 14:00,0,0,0
9/14/2019 15:00,0,0,0
9/14/2019 16:00,0,0,0
9/14/2019 17:00,0,0,0
9/14/2019 18:00,0,0,0
9/14/2019 19:00,0,0,0
9/14/2019 20:00,0,0,0
9/14/2019 21:00,0,0,0
9/14/2019 22:00,0,0,0
9/14/2019 23:00,0,0,0
9/15/2019 0:00,0,0,0
9/15/2019 1:00,0,0,0
9/15/2019 2:00,0,0,0
9/15/2019 3:00,0,0,0
9/15/2019 4:00,0,0,0
9/15/2019 5:00,0,0,0
9/15/2019 6:00,0,0,0
9/15/2019 7:00,0,0,0
9/15/2019 8:00,0,0,0
9/15/2019 9:00,0,0,0
9/15/2019 10:00,0,0,0
9/15/2019 11:00,0,0,0
9/15/2019 12:00,0,0,0
9/15/2019 13:00,0,0,0
9/15/2019 14:00,0,0,0
9/15/2019 15:00,0,0,0
9/15/2019 16:00,0,0,0
9/15/2019 17:00,0,0,0
9/15/2019 18:00,0,0,0
9/15/2019 19:00,0,0,0
9/15/2019 20:00,0,0,0
9/15/2019 21:00,0,0,0
9/15/2019 22:00,0,0,0
9/15/2019 23:00,0,0,0
9/16/2019 0:00,0,0,0
9/16/2019 1:00,0,0,0
9/16/2019 2:00,0,0,0
9/16/2019 3:00,0,0,0
9/16/2019 4:00,0,0,0
9/16/2019 5:00,0,0,0
9/16/2019 6:00,0,0,0
9/16/2019 7:00,0,0,0
9/16/2019 8:00,0,0,0
9/16/2019 9:00,0,0,0
9/16/2019 10:00,0,0,0
9/16/2019 11:00,0,0,0
9/16/2019 12:00,0,0,0
9/16/2019 13:00,0,0,0
9/16/2019 14:00,0,0,0
9/16/2019 15:00,0,0,0
9/16/2019 16:00,0,0,0
9/16/2019 17:00,0,0,0
9/16/2019 18:00,0,0,0
9/16/2019 19:00,0,0,0
9/16/2019 20:00,10,5,5
9/16/2019 21:00,2,1,1
9/16/2019 22:00,1,1,0
9/16/2019 23:00,0,0,0
9/17/2019 0:00,0,0,0
9/17/2019 1:00,0,0,0
9/17/2019 2:00,1,0,1
9/17/2019 3:00,1,1,0
9/17/2019 4:00,1,1,0
9/17/2019 5:00,0,0,0
9/17/2019 6:00,1,1,0
9/17/2019 7:00,10,6,4
9/17/2019 8:00,10,8,2
9/17/2019 9:00,5,2,3
9/17/2019 10:00,1,1,0
9/17/2019 11:00,2,1,1
9/17/2019 12:00,3,1,2
9/17/2019 13:00,2,0,2
9/17/2019 14:00,7,4,3
9/17/2019 15:00,4,1,3
9/17/2019 16:00,7,3,4
9/17/2019 17:00,8,2,6
9/17/2019 18:00,7,7,0
9/17/2019 19:00,4,2,2
9/17/2019 20:00,4,4,0
9/17/2019 21:00,3,2,1
9/17/2019 22:00,0,0,0
9/17/2019 23:00,0,0,0
9/18/2019 0:00,1,0,1
9/18/2019 1:00,0,0,0
9/18/2019 2:00,0,0,0
9/18/2019 3:00,0,0,0
9/18/2019 4:00,0,0,0
9/18/2019 5:00,0,0,0
9/18/2019 6:00,3,3,0
9/18/2019 7:00,8,6,2
9/18/2019 8:00,7,5,2
9/18/2019 9:00,7,3,4
9/18/2019 10:00,8,2,6
9/18/2019 11:00,14,9,5
9/18/2019 12:00,9,5,4
9/18/2019 13:00,11,6,5
9/18/2019 14:00,2,0,2
9/18/2019 15:00,2,2,0
9/18/2019 16:00,11,7,4
9/18/2019 17:00,19,13,6
9/18/2019 18:00,19,15,4
9/18/2019 19:00,5,4,1
9/18/2019 20:00,1,0,1
9/18/2019 21:00,3,2,1
9/18/2019 22:00,1,1,0
9/18/2019 23:00,0,0,0
9/19/2019 0:00,0,0,0
9/19/2019 1:00,0,0,0
9/19/2019 2:00,2,0,2
9/19/2019 3:00,0,0,0
9/19/2019 4:00,1,1,0
9/19/2019 5:00,1,1,0
9/19/2019 6:00,1,0,1
9/19/2019 7:00,4,2,2
9/19/2019 8:00,14,9,5
9/19/2019 9:00,24,15,9
9/19/2019 10:00,25,17,8
9/19/2019 11:00,25,15,10
9/19/2019 12:00,42,17,25
9/19/2019 13:00,55,32,23
9/19/2019 14:00,37,25,12
9/19/2019 15:00,26,15,11
9/19/2019 16:00,25,16,9
9/19/2019 17:00,33,25,8
9/19/2019 18:00,49,33,16
9/19/2019 19:00,17,14,3
9/19/2019 20:00,4,3,1
9/19/2019 21:00,1,1,0
9/19/2019 22:00,1,1,0
9/19/2019 23:00,0,0,0
9/20/2019 0:00,0,0,0
9/20/2019 1:00,1,1,0
9/20/2019 2:00,0,0,0
9/20/2019 3:00,0,0,0
9/20/2019 4:00,0,0,0
9/20/2019 5:00,0,0,0
9/20/2019 6:00,0,0,0
9/20/2019 7:00,0,0,0
9/20/2019 8:00,1,1,0
9/20/2019 9:00,0,0,0
9/20/2019 10:00,2,2,0
9/20/2019 11:00,0,0,0
9/20/2019 12:00,0,0,0
9/20/2019 13:00,0,0,0
9/20/2019 14:00,0,0,0
9/20/2019 15:00,0,0,0
9/20/2019 16:00,0,0,0
9/20/2019 17:00,0,0,0
9/20/2019 18:00,0,0,0
9/20/2019 19:00,0,0,0
9/20/2019 20:00,0,0,0
9/20/2019 21:00,0,0,0
9/20/2019 22:00,0,0,0
9/20/2019 23:00,0,0,0
9/21/2019 0:00,0,0,0
9/21/2019 1:00,0,0,0
9/21/2019 2:00,0,0,0
9/21/2019 3:00,0,0,0
9/21/2019 4:00,0,0,0
9/21/2019 5:00,0,0,0
9/21/2019 6:00,0,0,0
9/21/2019 7:00,0,0,0
9/21/2019 8:00,0,0,0
9/21/2019 9:00,0,0,0
9/21/2019 10:00,0,0,0
9/21/2019 11:00,0,0,0
9/21/2019 12:00,1,0,1
9/21/2019 13:00,0,0,0
9/21/2019 14:00,0,0,0
9/21/2019 15:00,0,0,0
9/21/2019 16:00,0,0,0
9/21/2019 17:00,0,0,0
9/21/2019 18:00,1,0,1
9/21/2019 19:00,0,0,0
9/21/2019 20:00,0,0,0
9/21/2019 21:00,0,0,0
9/21/2019 22:00,0,0,0
9/21/2019 23:00,0,0,0
9/22/2019 0:00,0,0,0
9/22/2019 1:00,0,0,0
9/22/2019 2:00,0,0,0
9/22/2019 3:00,0,0,0
9/22/2019 4:00,0,0,0
9/22/2019 5:00,0,0,0
9/22/2019 6:00,0,0,0
9/22/2019 7:00,0,0,0
9/22/2019 8:00,0,0,0
9/22/2019 9:00,0,0,0
9/22/2019 10:00,0,0,0
9/22/2019 11:00,0,0,0
9/22/2019 12:00,0,0,0
9/22/2019 13:00,0,0,0
9/22/2019 14:00,0,0,0
9/22/2019 15:00,6,4,2
9/22/2019 16:00,2,2,0
9/22/2019 17:00,3,0,3
9/22/2019 18:00,0,0,0
9/22/2019 19:00,1,1,0
9/22/2019 20:00,2,2,0
9/22/2019 21:00,1,0,1
9/22/2019 22:00,0,0,0
9/22/2019 23:00,0,0,0
9/23/2019 0:00,0,0,0
9/23/2019 1:00,0,0,0
9/23/2019 2:00,0,0,0
9/23/2019 3:00,0,0,0
9/23/2019 4:00,0,0,0
9/23/2019 5:00,1,0,1
9/23/2019 6:00,0,0,0
9/23/2019 7:00,0,0,0
9/23/2019 8:00,1,0,1
9/23/2019 9:00,1,1,0
9/23/2019 10:00,0,0,0
9/23/2019 11:00,1,1,0
9/23/2019 12:00,1,0,1
9/23/2019 13:00,3,3,0
9/23/2019 14:00,6,2,4
9/23/2019 15:00,5,3,2
9/23/2019 16:00,6,3,3
9/23/2019 17:00,17,4,13
9/23/2019 18:00,16,2,14
9/23/2019 19:00,11,5,6
9/23/2019 20:00,5,3,2
9/23/2019 21:00,4,2,2
9/23/2019 22:00,0,0,0
9/23/2019 23:00,0,0,0
9/24/2019 0:00,2,0,2
9/24/2019 1:00,1,0,1
9/24/2019 2:00,0,0,0
9/24/2019 3:00,1,0,1
9/24/2019 4:00,1,0,1
9/24/2019 5:00,0,0,0
9/24/2019 6:00,1,0,1
9/24/2019 7:00,15,11,4
9/24/2019 8:00,11,4,7
9/24/2019 9:00,5,2,3
9/24/2019 10:00,9,7,2
9/24/2019 11:00,9,3,6
9/24/2019 12:00,3,2,1
9/24/2019 13:00,8,5,3
9/24/2019 14:00,6,3,3
9/24/2019 15:00,7,4,3
9/24/2019 16:00,10,5,5
9/24/2019 17:00,16,3,13
9/24/2019 18:00,10,5,5
9/24/2019 19:00,7,5,2
9/24/2019 20:00,3,2,1
9/24/2019 21:00,3,2,1
9/24/2019 22:00,1,0,1
9/24/2019 23:00,3,1,2
9/25/2019 0:00,1,1,0
9/25/2019 1:00,4,2,2
9/25/2019 2:00,2,2,0
9/25/2019 3:00,1,0,1
9/25/2019 4:00,2,0,2
9/25/2019 5:00,0,0,0
9/25/2019 6:00,4,2,2
9/25/2019 7:00,11,7,4
9/25/2019 8:00,12,7,5
9/25/2019 9:00,11,3,8
9/25/2019 10:00,7,5,2
9/25/2019 11:00,6,2,4
9/25/2019 12:00,14,5,9
9/25/2019 13:00,5,2,3
9/25/2019 14:00,12,5,7
9/25/2019 15:00,11,5,6
9/25/2019 16:00,14,4,10
9/25/2019 17:00,17,8,9
9/25/2019 18:00,21,9,12
9/25/2019 19:00,26,19,7
9/25/2019 20:00,12,9,3
9/25/2019 21:00,10,9,1
9/25/2019 22:00,6,6,0
9/25/2019 23:00,5,5,0
9/26/2019 0:00,0,0,0
9/26/2019 1:00,1,1,0
9/26/2019 2:00,1,1,0
9/26/2019 3:00,1,0,1
9/26/2019 4:00,0,0,0
9/26/2019 5:00,2,1,1
9/26/2019 6:00,7,7,0
9/26/2019 7:00,20,18,2
9/26/2019 8:00,27,25,2
9/26/2019 9:00,15,15,0
9/26/2019 10:00,8,6,2
9/26/2019 11:00,22,22,0
9/26/2019 12:00,14,12,2
9/26/2019 13:00,5,1,4
9/26/2019 14:00,12,10,2
9/26/2019 15:00,8,5,3
9/26/2019 16:00,3,1,2
9/26/2019 17:00,9,4,5
9/26/2019 18:00,5,3,2
9/26/2019 19:00,3,3,0
9/26/2019 20:00,5,5,0
9/26/2019 21:00,1,1,0
9/26/2019 22:00,1,1,0
9/26/2019 23:00,2,0,2
9/27/2019 0:00,1,0,1
9/27/2019 1:00,1,0,1
9/27/2019 2:00,0,0,0
9/27/2019 3:00,1,0,1
9/27/2019 4:00,1,0,1
9/27/2019 5:00,0,0,0
9/27/2019 6:00,6,4,2
9/27/2019 7:00,7,5,2
9/27/2019 8:00,9,9,0
9/27/2019 9:00,7,7,0
9/27/2019 10:00,7,7,0
9/27/2019 11:00,3,2,1
9/27/2019 12:00,4,4,0
9/27/2019 13:00,14,7,7
9/27/2019 14:00,25,9,16
9/27/2019 15:00,17,12,5
9/27/2019 16:00,21,12,9
9/27/2019 17:00,35,18,17
9/27/2019 18:00,51,27,24
9/27/2019 19:00,27,21,6
9/27/2019 20:00,22,9,13
9/27/2019 21:00,15,8,7
9/27/2019 22:00,18,10,8
9/27/2019 23:00,4,2,2
9/28/2019 0:00,2,2,0
9/28/2019 1:00,1,1,0
9/28/2019 2:00,1,1,0
9/28/2019 3:00,4,2,2
9/28/2019 4:00,2,2,0
9/28/2019 5:00,2,2,0
9/28/2019 6:00,1,1,0
9/28/2019 7:00,2,2,0
9/28/2019 8:00,8,8,0
9/28/2019 9:00,18,15,3
9/28/2019 10:00,53,41,12
9/28/2019 11:00,44,37,7
9/28/2019 12:00,28,25,3
9/28/2019 13:00,20,17,3
9/28/2019 14:00,22,19,3
9/28/2019 15:00,30,16,14
9/28/2019 16:00,10,4,6
9/28/2019 17:00,16,1,15
9/28/2019 18:00,3,0,3
9/28/2019 19:00,2,0,2
9/28/2019 20:00,3,1,2
9/28/2019 21:00,0,0,0
9/28/2019 22:00,0,0,0
9/28/2019 23:00,1,1,0
9/29/2019 0:00,1,1,0
9/29/2019 1:00,0,0,0
9/29/2019 2:00,0,0,0
9/29/2019 3:00,0,0,0
9/29/2019 4:00,0,0,0
9/29/2019 5:00,1,1,0
9/29/2019 6:00,0,0,0
9/29/2019 7:00,2,2,0
9/29/2019 8:00,1,0,1
9/29/2019 9:00,6,4,2
9/29/2019 10:00,7,3,4
9/29/2019 11:00,8,3,5
9/29/2019 12:00,9,7,2
9/29/2019 13:00,28,26,2
9/29/2019 14:00,27,24,3
9/29/2019 15:00,23,22,1
9/29/2019 16:00,20,18,2
9/29/2019 17:00,12,11,1
9/29/2019 18:00,17,6,11
9/29/2019 19:00,16,10,6
9/29/2019 20:00,2,2,0
9/29/2019 21:00,1,1,0
9/29/2019 22:00,1,1,0
9/29/2019 23:00,1,1,0
9/30/2019 0:00,0,0,0
9/30/2019 1:00,0,0,0
9/30/2019 2:00,0,0,0
9/30/2019 3:00,1,1,0
9/30/2019 4:00,0,0,0
9/30/2019 5:00,1,1,0
9/30/2019 6:00,8,8,0
9/30/2019 7:00,24,24,0
9/30/2019 8:00,20,20,0
9/30/2019 9:00,10,9,1
9/30/2019 10:00,10,10,0
9/30/2019 11:00,6,6,0
9/30/2019 12:00,10,6,4
9/30/2019 13:00,3,3,0
9/30/2019 14:00,7,5,2
9/30/2019 15:00,5,2,3
9/30/2019 16:00,10,1,9
9/30/2019 17:00,20,9,11
9/30/2019 18:00,29,24,5
9/30/2019 19:00,20,17,3
9/30/2019 20:00,16,15,1
9/30/2019 21:00,9,8,1
9/30/2019 22:00,5,2,3
9/30/2019 23:00,2,2,0
10/1/2019 0:00,2,1,1
10/1/2019 1:00,1,1,0
10/1/2019 2:00,1,1,0
10/1/2019 3:00,0,0,0
10/1/2019 4:00,0,0,0
10/1/2019 5:00,7,7,0
10/1/2019 6:00,11,11,0
10/1/2019 7:00,26,23,3
10/1/2019 8:00,22,21,1
10/1/2019 9:00,13,9,4
10/1/2019 10:00,6,6,0
10/1/2019 11:00,0,0,0
10/1/2019 12:00,0,0,0
10/1/2019 13:00,0,0,0
10/1/2019 14:00,0,0,0
10/1/2019 15:00,0,0,0
10/1/2019 16:00,0,0,0
10/1/2019 17:00,0,0,0
10/1/2019 18:00,0,0,0
10/1/2019 19:00,0,0,0
10/1/2019 20:00,0,0,0
10/1/2019 21:00,0,0,0
10/1/2019 22:00,0,0,0
10/1/2019 23:00,0,0,0
10/2/2019 0:00,0,0,0
10/2/2019 1:00,0,0,0
10/2/2019 2:00,0,0,0
10/2/2019 3:00,0,0,0
10/2/2019 4:00,0,0,0
10/2/2019 5:00,0,0,0
10/2/2019 6:00,0,0,0
10/2/2019 7:00,0,0,0
10/2/2019 8:00,0,0,0
10/2/2019 9:00,0,0,0
10/2/2019 10:00,0,0,0
10/2/2019 11:00,0,0,0
10/2/2019 12:00,0,0,0
10/2/2019 13:00,0,0,0
10/2/2019 14:00,4,1,3
10/2/2019 15:00,13,3,10
10/2/2019 16:00,25,5,20
10/2/2019 17:00,21,3,18
10/2/2019 18:00,26,5,21
10/2/2019 19:00,20,5,15
10/2/2019 20:00,13,3,10
10/2/2019 21:00,7,4,3
10/2/2019 22:00,4,1,3
10/2/2019 23:00,0,0,0
10/3/2019 0:00,1,1,0
10/3/2019 1:00,0,0,0
10/3/2019 2:00,2,1,1
10/3/2019 3:00,0,0,0
10/3/2019 4:00,0,0,0
10/3/2019 5:00,1,0,1
10/3/2019 6:00,5,3,2
10/3/2019 7:00,9,7,2
10/3/2019 8:00,14,5,9
10/3/2019 9:00,16,9,7
10/3/2019 10:00,10,1,9
10/3/2019 11:00,7,3,4
10/3/2019 12:00,11,6,5
10/3/2019 13:00,13,2,11
10/3/2019 14:00,8,3,5
10/3/2019 15:00,17,11,6
10/3/2019 16:00,12,5,7
10/3/2019 17:00,16,4,12
10/3/2019 18:00,5,1,4
10/3/2019 19:00,13,3,10
10/3/2019 20:00,12,3,9
10/3/2019 21:00,13,2,11
10/3/2019 22:00,3,2,1
10/3/2019 23:00,3,0,3
10/4/2019 0:00,0,0,0
10/4/2019 1:00,0,0,0
10/4/2019 2:00,1,1,0
10/4/2019 3:00,1,0,1
10/4/2019 4:00,0,0,0
10/4/2019 5:00,1,0,1
10/4/2019 6:00,1,0,1
10/4/2019 7:00,9,2,7
10/4/2019 8:00,12,3,9
10/4/2019 9:00,13,3,10
10/4/2019 10:00,6,1,5
10/4/2019 11:00,9,3,6
10/4/2019 12:00,12,2,10
10/4/2019 13:00,11,5,6
10/4/2019 14:00,8,5,3
10/4/2019 15:00,10,3,7
10/4/2019 16:00,7,3,4
10/4/2019 17:00,17,7,10
10/4/2019 18:00,22,3,19
10/4/2019 19:00,12,3,9
10/4/2019 20:00,7,1,6
10/4/2019 21:00,6,0,6
10/4/2019 22:00,3,0,3
10/4/2019 23:00,3,0,3
10/5/2019 0:00,2,0,2
10/5/2019 1:00,4,0,4
10/5/2019 2:00,0,0,0
10/5/2019 3:00,0,0,0
10/5/2019 4:00,0,0,0
10/5/2019 5:00,2,1,1
10/5/2019 6:00,2,1,1
10/5/2019 7:00,3,2,1
10/5/2019 8:00,3,1,2
10/5/2019 9:00,10,4,6
10/5/2019 10:00,4,0,4
10/5/2019 11:00,15,5,10
10/5/2019 12:00,22,10,12
10/5/2019 13:00,10,5,5
10/5/2019 14:00,10,4,6
10/5/2019 15:00,19,5,14
10/5/2019 16:00,33,13,20
10/5/2019 17:00,20,2,18
10/5/2019 18:00,15,4,11
10/5/2019 19:00,16,5,11
10/5/2019 20:00,12,0,12
10/5/2019 21:00,5,0,5
10/5/2019 22:00,3,1,2
10/5/2019 23:00,2,0,2
10/6/2019 0:00,1,0,1
10/6/2019 1:00,1,0,1
10/6/2019 2:00,3,0,3
10/6/2019 3:00,0,0,0
10/6/2019 4:00,2,1,1
10/6/2019 5:00,0,0,0
10/6/2019 6:00,2,2,0
10/6/2019 7:00,2,1,1
10/6/2019 8:00,3,2,1
10/6/2019 9:00,8,2,6
10/6/2019 10:00,18,6,12
10/6/2019 11:00,29,6,23
10/6/2019 12:00,35,11,24
10/6/2019 13:00,40,12,28
10/6/2019 14:00,24,3,21
10/6/2019 15:00,27,8,19
10/6/2019 16:00,21,7,14
10/6/2019 17:00,22,10,12
10/6/2019 18:00,8,4,4
10/6/2019 19:00,7,4,3
10/6/2019 20:00,3,1,2
10/6/2019 21:00,5,2,3
10/6/2019 22:00,3,1,2
10/6/2019 23:00,4,0,4
10/7/2019 0:00,2,0,2
10/7/2019 1:00,0,0,0
10/7/2019 2:00,2,1,1
10/7/2019 3:00,0,0,0
10/7/2019 4:00,3,0,3
10/7/2019 5:00,3,1,2
10/7/2019 6:00,4,1,3
10/7/2019 7:00,7,7,0
10/7/2019 8:00,9,5,4
10/7/2019 9:00,7,1,6
10/7/2019 10:00,8,4,4
10/7/2019 11:00,4,2,2
10/7/2019 12:00,9,2,7
10/7/2019 13:00,21,8,13
10/7/2019 14:00,20,6,14
10/7/2019 15:00,21,3,18
10/7/2019 16:00,23,7,16
10/7/2019 17:00,22,7,15
10/7/2019 18:00,19,7,12
10/7/2019 19:00,8,1,7
10/7/2019 20:00,6,0,6
10/7/2019 21:00,4,2,2
10/7/2019 22:00,5,2,3
10/7/2019 23:00,2,1,1
10/8/2019 0:00,4,0,4
10/8/2019 1:00,1,0,1
10/8/2019 2:00,1,1,0
10/8/2019 3:00,0,0,0
10/8/2019 4:00,1,1,0
10/8/2019 5:00,0,0,0
10/8/2019 6:00,6,2,4
10/8/2019 7:00,15,9,6
10/8/2019 8:00,23,11,12
10/8/2019 9:00,12,3,9
10/8/2019 10:00,4,3,1
10/8/2019 11:00,17,1,16
10/8/2019 12:00,25,0,25
10/8/2019 13:00,15,4,11
10/8/2019 14:00,9,2,7
10/8/2019 15:00,13,2,11
10/8/2019 16:00,15,3,12
10/8/2019 17:00,18,2,16
10/8/2019 18:00,13,1,12
10/8/2019 19:00,21,9,12
10/8/2019 20:00,5,2,3
10/8/2019 21:00,1,0,1
10/8/2019 22:00,2,2,0
10/8/2019 23:00,0,0,0
10/9/2019 0:00,0,0,0
10/9/2019 1:00,1,1,0
10/9/2019 2:00,0,0,0
10/9/2019 3:00,1,0,1
10/9/2019 4:00,1,0,1
10/9/2019 5:00,2,1,1
10/9/2019 6:00,5,2,3
10/9/2019 7:00,12,6,6
10/9/2019 8:00,15,7,8
10/9/2019 9:00,9,6,3
10/9/2019 10:00,8,4,4
10/9/2019 11:00,6,4,2
10/9/2019 12:00,15,3,12
10/9/2019 13:00,11,8,3
10/9/2019 14:00,5,2,3
10/9/2019 15:00,12,4,8
10/9/2019 16:00,7,4,3
10/9/2019 17:00,19,3,16
10/9/2019 18:00,16,4,12
10/9/2019 19:00,12,6,6
10/9/2019 20:00,7,3,4
10/9/2019 21:00,4,0,4
10/9/2019 22:00,1,0,1
10/9/2019 23:00,5,2,3
10/10/2019 0:00,1,0,1
10/10/2019 1:00,0,0,0
10/10/2019 2:00,0,0,0
10/10/2019 3:00,1,0,1
10/10/2019 4:00,0,0,0
10/10/2019 5:00,2,0,2
10/10/2019 6:00,0,0,0
10/10/2019 7:00,12,8,4
10/10/2019 8:00,15,4,11
10/10/2019 9:00,11,4,7
10/10/2019 10:00,6,1,5
10/10/2019 11:00,12,3,9
10/10/2019 12:00,8,5,3
10/10/2019 13:00,3,2,1
10/10/2019 14:00,6,4,2
10/10/2019 15:00,8,3,5
10/10/2019 16:00,12,8,4
10/10/2019 17:00,20,7,13
10/10/2019 18:00,16,5,11
10/10/2019 19:00,12,6,6
10/10/2019 20:00,7,5,2
10/10/2019 21:00,2,0,2
10/10/2019 22:00,7,1,6
10/10/2019 23:00,1,0,1
10/11/2019 0:00,2,1,1
10/11/2019 1:00,2,1,1
10/11/2019 2:00,0,0,0
10/11/2019 3:00,0,0,0
10/11/2019 4:00,0,0,0
10/11/2019 5:00,3,0,3
10/11/2019 6:00,4,1,3
10/11/2019 7:00,6,2,4
10/11/2019 8:00,19,5,14
10/11/2019 9:00,15,3,12
10/11/2019 10:00,20,6,14
10/11/2019 11:00,7,1,6
10/11/2019 12:00,19,1,18
10/11/2019 13:00,20,8,12
10/11/2019 14:00,17,4,13
10/11/2019 15:00,6,4,2
10/11/2019 16:00,13,7,6
10/11/2019 17:00,11,3,8
10/11/2019 18:00,7,4,3
10/11/2019 19:00,3,2,1
10/11/2019 20:00,4,2,2
10/11/2019 21:00,6,2,4
10/11/2019 22:00,5,1,4
10/11/2019 23:00,0,0,0
10/12/2019 0:00,1,0,1
10/12/2019 1:00,1,0,1
10/12/2019 2:00,2,0,2
10/12/2019 3:00,0,0,0
10/12/2019 4:00,0,0,0
10/12/2019 5:00,1,1,0
10/12/2019 6:00,1,0,1
10/12/2019 7:00,1,0,1
10/12/2019 8:00,6,3,3
10/12/2019 9:00,8,3,5
10/12/2019 10:00,7,3,4
10/12/2019 11:00,8,4,4
10/12/2019 12:00,11,3,8
10/12/2019 13:00,12,5,7
10/12/2019 14:00,12,5,7
10/12/2019 15:00,12,6,6
10/12/2019 16:00,6,1,5
10/12/2019 17:00,9,4,5
10/12/2019 18:00,9,5,4
10/12/2019 19:00,3,2,1
10/12/2019 20:00,1,0,1
10/12/2019 21:00,5,3,2
10/12/2019 22:00,0,0,0
10/12/2019 23:00,0,0,0
10/13/2019 0:00,1,0,1
10/13/2019 1:00,0,0,0
10/13/2019 2:00,0,0,0
10/13/2019 3:00,1,0,1
10/13/2019 4:00,1,0,1
10/13/2019 5:00,0,0,0
10/13/2019 6:00,0,0,0
10/13/2019 7:00,2,1,1
10/13/2019 8:00,1,0,1
10/13/2019 9:00,8,2,6
10/13/2019 10:00,6,4,2
10/13/2019 11:00,4,0,4
10/13/2019 12:00,20,10,10
10/13/2019 13:00,8,5,3
10/13/2019 14:00,19,12,7
10/13/2019 15:00,9,0,9
10/13/2019 16:00,12,4,8
10/13/2019 17:00,10,6,4
10/13/2019 18:00,7,5,2
10/13/2019 19:00,4,3,1
10/13/2019 20:00,2,0,2
10/13/2019 21:00,1,0,1
10/13/2019 22:00,1,0,1
10/13/2019 23:00,1,1,0
10/14/2019 0:00,0,0,0
10/14/2019 1:00,1,0,1
10/14/2019 2:00,0,0,0
10/14/2019 3:00,0,0,0
10/14/2019 4:00,0,0,0
10/14/2019 5:00,0,0,0
10/14/2019 6:00,0,0,0
10/14/2019 7:00,9,5,4
10/14/2019 8:00,6,3,3
10/14/2019 9:00,9,6,3
10/14/2019 10:00,5,4,1
10/14/2019 11:00,1,1,0
10/14/2019 12:00,9,2,7
10/14/2019 13:00,4,3,1
10/14/2019 14:00,6,4,2
10/14/2019 15:00,12,4,8
10/14/2019 16:00,9,4,5
10/14/2019 17:00,16,9,7
10/14/2019 18:00,16,10,6
10/14/2019 19:00,6,3,3
10/14/2019 20:00,1,1,0
10/14/2019 21:00,3,2,1
10/14/2019 22:00,1,0,1
10/14/2019 23:00,0,0,0
10/15/2019 0:00,0,0,0
10/15/2019 1:00,0,0,0
10/15/2019 2:00,1,0,1
10/15/2019 3:00,0,0,0
10/15/2019 4:00,0,0,0
10/15/2019 5:00,1,0,1
10/15/2019 6:00,4,3,1
10/15/2019 7:00,7,5,2
10/15/2019 8:00,9,6,3
10/15/2019 9:00,7,4,3
10/15/2019 10:00,3,1,2
10/15/2019 11:00,3,1,2
10/15/2019 12:00,3,2,1
10/15/2019 13:00,2,1,1
10/15/2019 14:00,4,2,2
10/15/2019 15:00,8,5,3
10/15/2019 16:00,8,4,4
10/15/2019 17:00,14,7,7
10/15/2019 18:00,9,5,4
10/15/2019 19:00,11,8,3
10/15/2019 20:00,2,0,2
10/15/2019 21:00,4,3,1
10/15/2019 22:00,3,2,1
10/15/2019 23:00,0,0,0
10/16/2019 0:00,0,0,0
10/16/2019 1:00,1,0,1
10/16/2019 2:00,0,0,0
10/16/2019 3:00,0,0,0
10/16/2019 4:00,0,0,0
10/16/2019 5:00,1,0,1
10/16/2019 6:00,1,1,0
10/16/2019 7:00,3,3,0
10/16/2019 8:00,4,2,2
10/16/2019 9:00,2,1,1
10/16/2019 10:00,1,0,1
10/16/2019 11:00,4,1,3
10/16/2019 12:00,0,0,0
10/16/2019 13:00,6,4,2
10/16/2019 14:00,1,1,0
10/16/2019 15:00,3,2,1
10/16/2019 16:00,5,2,3
10/16/2019 17:00,7,3,4
10/16/2019 18:00,2,0,2
10/16/2019 19:00,3,2,1
10/16/2019 20:00,2,1,1
10/16/2019 21:00,3,1,2
10/16/2019 22:00,2,2,0
10/16/2019 23:00,1,1,0
10/17/2019 0:00,0,0,0
10/17/2019 1:00,0,0,0
10/17/2019 2:00,0,0,0
10/17/2019 3:00,1,0,1
10/17/2019 4:00,0,0,0
10/17/2019 5:00,0,0,0
10/17/2019 6:00,0,0,0
10/17/2019 7:00,7,6,1
10/17/2019 8:00,8,5,3
10/17/2019 9:00,4,3,1
10/17/2019 10:00,5,2,3
10/17/2019 11:00,2,0,2
10/17/2019 12:00,4,2,2
10/17/2019 13:00,3,3,0
10/17/2019 14:00,5,5,0
10/17/2019 15:00,5,1,4
10/17/2019 16:00,6,5,1
10/17/2019 17:00,6,1,5
10/17/2019 18:00,6,5,1
10/17/2019 19:00,2,2,0
10/17/2019 20:00,5,3,2
10/17/2019 21:00,2,2,0
10/17/2019 22:00,0,0,0
10/17/2019 23:00,0,0,0
10/18/2019 0:00,0,0,0
10/18/2019 1:00,0,0,0
10/18/2019 2:00,0,0,0
10/18/2019 3:00,1,0,1
10/18/2019 4:00,0,0,0
10/18/2019 5:00,0,0,0
10/18/2019 6:00,0,0,0
10/18/2019 7:00,6,2,4
10/18/2019 8:00,9,7,2
10/18/2019 9:00,7,3,4
10/18/2019 10:00,4,2,2
10/18/2019 11:00,2,2,0
10/18/2019 12:00,7,2,5
10/18/2019 13:00,4,3,1
10/18/2019 14:00,2,1,1
10/18/2019 15:00,0,0,0
10/18/2019 16:00,9,4,5
10/18/2019 17:00,5,0,5
10/18/2019 18:00,6,4,2
10/18/2019 19:00,4,2,2
10/18/2019 20:00,3,3,0
10/18/2019 21:00,1,1,0
10/18/2019 22:00,1,1,0
10/18/2019 23:00,1,1,0
10/19/2019 0:00,0,0,0
10/19/2019 1:00,0,0,0
10/19/2019 2:00,0,0,0
10/19/2019 3:00,1,1,0
10/19/2019 4:00,1,1,0
10/19/2019 5:00,0,0,0
10/19/2019 6:00,0,0,0
10/19/2019 7:00,0,0,0
10/19/2019 8:00,0,0,0
10/19/2019 9:00,2,0,2
10/19/2019 10:00,6,2,4
10/19/2019 11:00,5,1,4
10/19/2019 12:00,6,4,2
10/19/2019 13:00,4,3,1
10/19/2019 14:00,8,1,7
10/19/2019 15:00,5,5,0
10/19/2019 16:00,8,3,5
10/19/2019 17:00,6,4,2
10/19/2019 18:00,8,5,3
10/19/2019 19:00,1,0,1
10/19/2019 20:00,2,1,1
10/19/2019 21:00,1,0,1
10/19/2019 22:00,2,2,0
10/19/2019 23:00,4,2,2
10/20/2019 0:00,0,0,0
10/20/2019 1:00,0,0,0
10/20/2019 2:00,2,1,1
10/20/2019 3:00,1,1,0
10/20/2019 4:00,2,1,1
10/20/2019 5:00,0,0,0
10/20/2019 6:00,0,0,0
10/20/2019 7:00,2,1,1
10/20/2019 8:00,7,4,3
10/20/2019 9:00,4,1,3
10/20/2019 10:00,7,3,4
10/20/2019 11:00,5,2,3
10/20/2019 12:00,12,6,6
10/20/2019 13:00,11,5,6
10/20/2019 14:00,3,1,2
10/20/2019 15:00,7,1,6
10/20/2019 16:00,4,4,0
10/20/2019 17:00,4,3,1
10/20/2019 18:00,1,0,1
10/20/2019 19:00,3,2,1
10/20/2019 20:00,2,1,1
10/20/2019 21:00,0,0,0
10/20/2019 22:00,0,0,0
10/20/2019 23:00,1,1,0
10/21/2019 0:00,1,0,1
10/21/2019 1:00,0,0,0
10/21/2019 2:00,0,0,0
10/21/2019 3:00,0,0,0
10/21/2019 4:00,0,0,0
10/21/2019 5:00,1,1,0
10/21/2019 6:00,0,0,0
10/21/2019 7:00,5,3,2
10/21/2019 8:00,8,4,4
10/21/2019 9:00,4,3,1
10/21/2019 10:00,2,0,2
10/21/2019 11:00,4,2,2
10/21/2019 12:00,9,4,5
10/21/2019 13:00,2,2,0
10/21/2019 14:00,2,0,2
10/21/2019 15:00,4,3,1
10/21/2019 16:00,1,1,0
10/21/2019 17:00,9,2,7
10/21/2019 18:00,5,1,4
10/21/2019 19:00,6,4,2
10/21/2019 20:00,0,0,0
10/21/2019 21:00,2,2,0
10/21/2019 22:00,0,0,0
10/21/2019 23:00,0,0,0
10/22/2019 0:00,1,0,1
10/22/2019 1:00,0,0,0
10/22/2019 2:00,0,0,0
10/22/2019 3:00,0,0,0
10/22/2019 4:00,0,0,0
10/22/2019 5:00,0,0,0
10/22/2019 6:00,4,2,2
10/22/2019 7:00,2,1,1
10/22/2019 8:00,9,6,3
10/22/2019 9:00,4,3,1
10/22/2019 10:00,4,1,3
10/22/2019 11:00,7,3,4
10/22/2019 12:00,5,1,4
10/22/2019 13:00,5,3,2
10/22/2019 14:00,4,2,2
10/22/2019 15:00,5,3,2
10/22/2019 16:00,9,2,7
10/22/2019 17:00,16,6,10
10/22/2019 18:00,14,7,7
10/22/2019 19:00,4,2,2
10/22/2019 20:00,3,1,2
10/22/2019 21:00,3,1,2
10/22/2019 22:00,4,1,3
10/22/2019 23:00,1,1,0
10/23/2019 0:00,1,0,1
10/23/2019 1:00,1,0,1
10/23/2019 2:00,1,1,0
10/23/2019 3:00,0,0,0
10/23/2019 4:00,2,0,2
10/23/2019 5:00,1,0,1
10/23/2019 6:00,3,2,1
10/23/2019 7:00,9,7,2
10/23/2019 8:00,6,4,2
10/23/2019 9:00,5,4,1
10/23/2019 10:00,4,2,2
10/23/2019 11:00,7,5,2
10/23/2019 12:00,7,3,4
10/23/2019 13:00,7,3,4
10/23/2019 14:00,6,3,3
10/23/2019 15:00,10,4,6
10/23/2019 16:00,11,5,6
10/23/2019 17:00,17,7,10
10/23/2019 18:00,15,6,9
10/23/2019 19:00,7,4,3
10/23/2019 20:00,6,5,1
10/23/2019 21:00,3,2,1
10/23/2019 22:00,1,1,0
10/23/2019 23:00,3,1,2
10/24/2019 0:00,0,0,0
10/24/2019 1:00,0,0,0
10/24/2019 2:00,1,1,0
10/24/2019 3:00,0,0,0
10/24/2019 4:00,1,0,1
10/24/2019 5:00,2,2,0
10/24/2019 6:00,1,1,0
10/24/2019 7:00,5,4,1
10/24/2019 8:00,8,5,3
10/24/2019 9:00,4,4,0
10/24/2019 10:00,4,3,1
10/24/2019 11:00,8,1,7
10/24/2019 12:00,6,4,2
10/24/2019 13:00,10,5,5
10/24/2019 14:00,6,4,2
10/24/2019 15:00,7,3,4
10/24/2019 16:00,8,3,5
10/24/2019 17:00,17,7,10
10/24/2019 18:00,11,5,6
10/24/2019 19:00,8,5,3
10/24/2019 20:00,5,3,2
10/24/2019 21:00,2,2,0
10/24/2019 22:00,1,0,1
10/24/2019 23:00,0,0,0
10/25/2019 0:00,0,0,0
10/25/2019 1:00,0,0,0
10/25/2019 2:00,0,0,0
10/25/2019 3:00,0,0,0
10/25/2019 4:00,0,0,0
10/25/2019 5:00,0,0,0
10/25/2019 6:00,2,2,0
10/25/2019 7:00,3,3,0
10/25/2019 8:00,7,4,3
10/25/2019 9:00,9,7,2
10/25/2019 10:00,4,3,1
10/25/2019 11:00,2,2,0
10/25/2019 12:00,2,1,1
10/25/2019 13:00,5,2,3
10/25/2019 14:00,3,1,2
10/25/2019 15:00,6,1,5
10/25/2019 16:00,7,5,2
10/25/2019 17:00,15,6,9
10/25/2019 18:00,12,7,5
10/25/2019 19:00,5,2,3
10/25/2019 20:00,1,0,1
10/25/2019 21:00,0,0,0
10/25/2019 22:00,1,1,0
10/25/2019 23:00,0,0,0
10/26/2019 0:00,0,0,0
10/26/2019 1:00,1,0,1
10/26/2019 2:00,0,0,0
10/26/2019 3:00,0,0,0
10/26/2019 4:00,0,0,0
10/26/2019 5:00,0,0,0
10/26/2019 6:00,0,0,0
10/26/2019 7:00,2,0,2
10/26/2019 8:00,7,3,4
10/26/2019 9:00,10,7,3
10/26/2019 10:00,4,2,2
10/26/2019 11:00,8,0,8
10/26/2019 12:00,10,5,5
10/26/2019 13:00,6,4,2
10/26/2019 14:00,15,12,3
10/26/2019 15:00,8,4,4
10/26/2019 16:00,7,4,3
10/26/2019 17:00,10,3,7
10/26/2019 18:00,7,6,1
10/26/2019 19:00,1,0,1
10/26/2019 20:00,7,3,4
10/26/2019 21:00,1,1,0
10/26/2019 22:00,1,1,0
10/26/2019 23:00,1,0,1
10/27/2019 0:00,0,0,0
10/27/2019 1:00,2,1,1
10/27/2019 2:00,0,0,0
10/27/2019 3:00,0,0,0
10/27/2019 4:00,0,0,0
10/27/2019 5:00,0,0,0
10/27/2019 6:00,1,1,0
10/27/2019 7:00,2,0,2
10/27/2019 8:00,3,3,0
10/27/2019 9:00,6,2,4
10/27/2019 10:00,5,2,3
10/27/2019 11:00,14,6,8
10/27/2019 12:00,18,6,12
10/27/2019 13:00,22,16,6
10/27/2019 14:00,17,8,9
10/27/2019 15:00,4,2,2
10/27/2019 16:00,14,8,6
10/27/2019 17:00,11,6,5
10/27/2019 18:00,6,2,4
10/27/2019 19:00,5,4,1
10/27/2019 20:00,1,0,1
10/27/2019 21:00,2,2,0
10/27/2019 22:00,0,0,0
10/27/2019 23:00,0,0,0
10/28/2019 0:00,0,0,0
10/28/2019 1:00,0,0,0
10/28/2019 2:00,1,0,1
10/28/2019 3:00,0,0,0
10/28/2019 4:00,0,0,0
10/28/2019 5:00,0,0,0
10/28/2019 6:00,2,1,1
10/28/2019 7:00,7,6,1
10/28/2019 8:00,9,6,3
10/28/2019 9:00,7,3,4
10/28/2019 10:00,2,1,1
10/28/2019 11:00,3,0,3
10/28/2019 12:00,11,6,5
10/28/2019 13:00,6,2,4
10/28/2019 14:00,3,1,2
10/28/2019 15:00,4,2,2
10/28/2019 16:00,10,4,6
10/28/2019 17:00,11,4,7
10/28/2019 18:00,6,2,4
10/28/2019 19:00,5,3,2
10/28/2019 20:00,1,1,0
10/28/2019 21:00,2,2,0
10/28/2019 22:00,1,1,0
10/28/2019 23:00,0,0,0
10/29/2019 0:00,0,0,0
10/29/2019 1:00,0,0,0
10/29/2019 2:00,0,0,0
10/29/2019 3:00,0,0,0
10/29/2019 4:00,0,0,0
10/29/2019 5:00,0,0,0
10/29/2019 6:00,1,0,1
10/29/2019 7:00,6,5,1
10/29/2019 8:00,10,8,2
10/29/2019 9:00,9,4,5
10/29/2019 10:00,2,1,1
10/29/2019 11:00,4,1,3
10/29/2019 12:00,9,5,4
10/29/2019 13:00,9,4,5
10/29/2019 14:00,1,1,0
10/29/2019 15:00,7,3,4
10/29/2019 16:00,9,2,7
10/29/2019 17:00,9,5,4
10/29/2019 18:00,12,8,4
10/29/2019 19:00,6,3,3
10/29/2019 20:00,2,2,0
10/29/2019 21:00,3,2,1
10/29/2019 22:00,0,0,0
10/29/2019 23:00,2,2,0
10/30/2019 0:00,0,0,0
10/30/2019 1:00,0,0,0
10/30/2019 2:00,0,0,0
10/30/2019 3:00,2,1,1
10/30/2019 4:00,0,0,0
10/30/2019 5:00,0,0,0
10/30/2019 6:00,0,0,0
10/30/2019 7:00,7,6,1
10/30/2019 8:00,11,9,2
10/30/2019 9:00,6,4,2
10/30/2019 10:00,4,3,1
10/30/2019 11:00,6,4,2
10/30/2019 12:00,8,3,5
10/30/2019 13:00,7,3,4
10/30/2019 14:00,4,2,2
10/30/2019 15:00,7,3,4
10/30/2019 16:00,8,3,5
10/30/2019 17:00,15,5,10
10/30/2019 18:00,17,11,6
10/30/2019 19:00,3,1,2
10/30/2019 20:00,1,0,1
10/30/2019 21:00,2,2,0
10/30/2019 22:00,1,0,1
10/30/2019 23:00,1,1,0
10/31/2019 0:00,0,0,0
10/31/2019 1:00,0,0,0
10/31/2019 2:00,0,0,0
10/31/2019 3:00,2,1,1
10/31/2019 4:00,0,0,0
10/31/2019 5:00,0,0,0
10/31/2019 6:00,1,1,0
10/31/2019 7:00,7,6,1
10/31/2019 8:00,11,9,2
10/31/2019 9:00,5,2,3
10/31/2019 10:00,5,3,2
10/31/2019 11:00,6,1,5
10/31/2019 12:00,8,5,3
10/31/2019 13:00,8,5,3
10/31/2019 14:00,8,5,3
10/31/2019 15:00,8,6,2
10/31/2019 16:00,9,2,7
10/31/2019 17:00,13,8,5
10/31/2019 18:00,9,5,4
10/31/2019 19:00,2,1,1
10/31/2019 20:00,8,6,2
10/31/2019 21:00,1,0,1
10/31/2019 22:00,0,0,0
10/31/2019 23:00,0,0,0
11/1/2019 0:00,0,0,0
11/1/2019 1:00,1,1,0
11/1/2019 2:00,1,0,1
11/1/2019 3:00,0,0,0
11/1/2019 4:00,0,0,0
11/1/2019 5:00,0,0,0
11/1/2019 6:00,0,0,0
11/1/2019 7:00,4,4,0
11/1/2019 8:00,12,11,1
11/1/2019 9:00,6,3,3
11/1/2019 10:00,2,0,2
11/1/2019 11:00,4,1,3
11/1/2019 12:00,8,3,5
11/1/2019 13:00,6,2,4
11/1/2019 14:00,9,3,6
11/1/2019 15:00,8,4,4
11/1/2019 16:00,15,6,9
11/1/2019 17:00,14,8,6
11/1/2019 18:00,6,3,3
11/1/2019 19:00,5,1,4
11/1/2019 20:00,1,1,0
11/1/2019 21:00,0,0,0
11/1/2019 22:00,2,2,0
11/1/2019 23:00,2,1,1
11/2/2019 0:00,0,0,0
11/2/2019 1:00,0,0,0
11/2/2019 2:00,0,0,0
11/2/2019 3:00,0,0,0
11/2/2019 4:00,0,0,0
11/2/2019 5:00,1,1,0
11/2/2019 6:00,0,0,0
11/2/2019 7:00,0,0,0
11/2/2019 8:00,3,2,1
11/2/2019 9:00,2,0,2
11/2/2019 10:00,6,3,3
11/2/2019 11:00,11,4,7
11/2/2019 12:00,14,7,7
11/2/2019 13:00,8,4,4
11/2/2019 14:00,8,5,3
11/2/2019 15:00,4,4,0
11/2/2019 16:00,4,2,2
11/2/2019 17:00,8,4,4
11/2/2019 18:00,7,2,5
11/2/2019 19:00,8,4,4
11/2/2019 20:00,4,3,1
11/2/2019 21:00,5,1,4
11/2/2019 22:00,6,4,2
11/2/2019 23:00,0,0,0
11/3/2019 0:00,0,0,0
11/3/2019 1:00,4,2,2
11/3/2019 2:00,0,0,0
11/3/2019 3:00,0,0,0
11/3/2019 4:00,0,0,0
11/3/2019 5:00,0,0,0
11/3/2019 6:00,1,0,1
11/3/2019 7:00,1,1,0
11/3/2019 8:00,3,1,2
11/3/2019 9:00,7,6,1
11/3/2019 10:00,7,3,4
11/3/2019 11:00,8,6,2
11/3/2019 12:00,15,9,6
11/3/2019 13:00,12,6,6
11/3/2019 14:00,11,4,7
11/3/2019 15:00,9,5,4
11/3/2019 16:00,11,7,4
11/3/2019 17:00,5,4,1
11/3/2019 18:00,4,4,0
11/3/2019 19:00,1,0,1
11/3/2019 20:00,3,0,3
11/3/2019 21:00,0,0,0
11/3/2019 22:00,0,0,0
11/3/2019 23:00,1,0,1
11/4/2019 0:00,1,1,0
11/4/2019 1:00,0,0,0
11/4/2019 2:00,0,0,0
11/4/2019 3:00,1,0,1
11/4/2019 4:00,0,0,0
11/4/2019 5:00,2,1,1
11/4/2019 6:00,1,1,0
11/4/2019 7:00,4,4,0
11/4/2019 8:00,14,6,8
11/4/2019 9:00,3,1,2
11/4/2019 10:00,3,0,3
11/4/2019 11:00,3,1,2
11/4/2019 12:00,9,3,6
11/4/2019 13:00,4,4,0
11/4/2019 14:00,6,3,3
11/4/2019 15:00,7,4,3
11/4/2019 16:00,12,7,5
11/4/2019 17:00,10,2,8
11/4/2019 18:00,10,5,5
11/4/2019 19:00,8,3,5
11/4/2019 20:00,0,0,0
11/4/2019 21:00,3,2,1
11/4/2019 22:00,1,1,0
11/4/2019 23:00,0,0,0
11/5/2019 0:00,0,0,0
11/5/2019 1:00,0,0,0
11/5/2019 2:00,0,0,0
11/5/2019 3:00,1,1,0
11/5/2019 4:00,1,0,1
11/5/2019 5:00,1,0,1
11/5/2019 6:00,3,1,2
11/5/2019 7:00,16,11,5
11/5/2019 8:00,12,4,8
11/5/2019 9:00,14,6,8
11/5/2019 10:00,10,6,4
11/5/2019 11:00,11,7,4
11/5/2019 12:00,5,3,2
11/5/2019 13:00,8,4,4
11/5/2019 14:00,11,6,5
11/5/2019 15:00,13,6,7
11/5/2019 16:00,17,4,13
11/5/2019 17:00,28,10,18
11/5/2019 18:00,21,12,9
11/5/2019 19:00,10,10,0
11/5/2019 20:00,2,1,1
11/5/2019 21:00,2,2,0
11/5/2019 22:00,0,0,0
11/5/2019 23:00,0,0,0
11/6/2019 0:00,1,1,0
11/6/2019 1:00,0,0,0
11/6/2019 2:00,1,0,1
11/6/2019 3:00,1,1,0
11/6/2019 4:00,0,0,0
11/6/2019 5:00,0,0,0
11/6/2019 6:00,0,0,0
11/6/2019 7:00,8,4,4
11/6/2019 8:00,8,5,3
11/6/2019 9:00,3,1,2
11/6/2019 10:00,4,2,2
11/6/2019 11:00,9,5,4
11/6/2019 12:00,5,4,1
11/6/2019 13:00,6,3,3
11/6/2019 14:00,14,6,8
11/6/2019 15:00,11,5,6
11/6/2019 16:00,5,4,1
11/6/2019 17:00,12,1,11
11/6/2019 18:00,9,6,3
11/6/2019 19:00,9,2,7
11/6/2019 20:00,2,1,1
11/6/2019 21:00,2,1,1
11/6/2019 22:00,1,1,0
11/6/2019 23:00,1,1,0
11/7/2019 0:00,0,0,0
11/7/2019 1:00,1,0,1
11/7/2019 2:00,0,0,0
11/7/2019 3:00,1,1,0
11/7/2019 4:00,0,0,0
11/7/2019 5:00,0,0,0
11/7/2019 6:00,2,1,1
11/7/2019 7:00,4,4,0
11/7/2019 8:00,12,8,4
11/7/2019 9:00,3,2,1
11/7/2019 10:00,4,3,1
11/7/2019 11:00,2,1,1
11/7/2019 12:00,1,1,0
11/7/2019 13:00,6,1,5
11/7/2019 14:00,7,3,4
11/7/2019 15:00,10,6,4
11/7/2019 16:00,12,8,4
11/7/2019 17:00,13,5,8
11/7/2019 18:00,15,9,6
11/7/2019 19:00,6,4,2
11/7/2019 20:00,5,3,2
11/7/2019 21:00,2,2,0
11/7/2019 22:00,1,1,0
11/7/2019 23:00,2,2,0
11/8/2019 0:00,0,0,0
11/8/2019 1:00,0,0,0
11/8/2019 2:00,0,0,0
11/8/2019 3:00,0,0,0
11/8/2019 4:00,0,0,0
11/8/2019 5:00,0,0,0
11/8/2019 6:00,2,2,0
11/8/2019 7:00,6,4,2
11/8/2019 8:00,11,7,4
11/8/2019 9:00,5,3,2
11/8/2019 10:00,2,0,2
11/8/2019 11:00,6,4,2
11/8/2019 12:00,12,4,8
11/8/2019 13:00,4,3,1
11/8/2019 14:00,7,3,4
11/8/2019 15:00,9,6,3
11/8/2019 16:00,12,2,10
11/8/2019 17:00,8,1,7
11/8/2019 18:00,8,3,5
11/8/2019 19:00,4,0,4
11/8/2019 20:00,4,2,2
11/8/2019 21:00,2,1,1
11/8/2019 22:00,1,1,0
11/8/2019 23:00,0,0,0
11/9/2019 0:00,0,0,0
11/9/2019 1:00,1,1,0
11/9/2019 2:00,0,0,0
11/9/2019 3:00,1,1,0
11/9/2019 4:00,0,0,0
11/9/2019 5:00,0,0,0
11/9/2019 6:00,2,2,0
11/9/2019 7:00,3,0,3
11/9/2019 8:00,3,1,2
11/9/2019 9:00,3,2,1
11/9/2019 10:00,3,2,1
11/9/2019 11:00,6,2,4
11/9/2019 12:00,7,2,5
11/9/2019 13:00,6,4,2
11/9/2019 14:00,3,1,2
11/9/2019 15:00,2,1,1
11/9/2019 16:00,2,1,1
11/9/2019 17:00,3,2,1
11/9/2019 18:00,3,3,0
11/9/2019 19:00,0,0,0
11/9/2019 20:00,4,3,1
11/9/2019 21:00,0,0,0
11/9/2019 22:00,1,0,1
11/9/2019 23:00,1,0,1
11/10/2019 0:00,0,0,0
11/10/2019 1:00,0,0,0
11/10/2019 2:00,0,0,0
11/10/2019 3:00,0,0,0
11/10/2019 4:00,1,0,1
11/10/2019 5:00,0,0,0
11/10/2019 6:00,0,0,0
11/10/2019 7:00,0,0,0
11/10/2019 8:00,3,3,0
11/10/2019 9:00,4,1,3
11/10/2019 10:00,3,2,1
11/10/2019 11:00,10,4,6
11/10/2019 12:00,7,6,1
11/10/2019 13:00,8,2,6
11/10/2019 14:00,6,1,5
11/10/2019 15:00,7,2,5
11/10/2019 16:00,9,5,4
11/10/2019 17:00,5,1,4
11/10/2019 18:00,6,2,4
11/10/2019 19:00,1,0,1
11/10/2019 20:00,2,1,1
11/10/2019 21:00,2,0,2
11/10/2019 22:00,2,2,0
11/10/2019 23:00,0,0,0
11/11/2019 0:00,1,0,1
11/11/2019 1:00,0,0,0
11/11/2019 2:00,1,1,0
11/11/2019 3:00,1,0,1
11/11/2019 4:00,0,0,0
11/11/2019 5:00,0,0,0
11/11/2019 6:00,0,0,0
11/11/2019 7:00,3,1,2
11/11/2019 8:00,6,5,1
11/11/2019 9:00,2,1,1
11/11/2019 10:00,2,0,2
11/11/2019 11:00,4,2,2
11/11/2019 12:00,5,3,2
11/11/2019 13:00,10,4,6
11/11/2019 14:00,4,2,2
11/11/2019 15:00,12,6,6
11/11/2019 16:00,12,8,4
11/11/2019 17:00,8,5,3
11/11/2019 18:00,6,2,4
11/11/2019 19:00,9,3,6
11/11/2019 20:00,0,0,0
11/11/2019 21:00,4,3,1
11/11/2019 22:00,0,0,0
11/11/2019 23:00,0,0,0
11/12/2019 0:00,0,0,0
11/12/2019 1:00,1,0,1
11/12/2019 2:00,0,0,0
11/12/2019 3:00,0,0,0
11/12/2019 4:00,0,0,0
11/12/2019 5:00,0,0,0
11/12/2019 6:00,2,1,1
11/12/2019 7:00,4,1,3
11/12/2019 8:00,9,8,1
11/12/2019 9:00,8,4,4
11/12/2019 10:00,4,1,3
11/12/2019 11:00,7,4,3
11/12/2019 12:00,5,4,1
11/12/2019 13:00,2,0,2
11/12/2019 14:00,4,2,2
11/12/2019 15:00,2,2,0
11/12/2019 16:00,2,0,2
11/12/2019 17:00,11,4,7
11/12/2019 18:00,8,6,2
11/12/2019 19:00,5,1,4
11/12/2019 20:00,1,0,1
11/12/2019 21:00,1,1,0
11/12/2019 22:00,0,0,0
11/12/2019 23:00,0,0,0
11/13/2019 0:00,2,0,2
11/13/2019 1:00,0,0,0
11/13/2019 2:00,2,1,1
11/13/2019 3:00,0,0,0
11/13/2019 4:00,1,0,1
11/13/2019 5:00,1,1,0
11/13/2019 6:00,1,1,0
11/13/2019 7:00,3,1,2
11/13/2019 8:00,10,7,3
11/13/2019 9:00,2,1,1
11/13/2019 10:00,1,1,0
11/13/2019 11:00,4,2,2
11/13/2019 12:00,4,1,3
11/13/2019 13:00,11,5,6
11/13/2019 14:00,4,2,2
11/13/2019 15:00,6,4,2
11/13/2019 16:00,7,3,4
11/13/2019 17:00,11,2,9
11/13/2019 18:00,15,8,7
11/13/2019 19:00,5,2,3
11/13/2019 20:00,3,1,2
11/13/2019 21:00,4,3,1
11/13/2019 22:00,1,0,1
11/13/2019 23:00,1,0,1
11/14/2019 0:00,0,0,0
11/14/2019 1:00,0,0,0
11/14/2019 2:00,0,0,0
11/14/2019 3:00,0,0,0
11/14/2019 4:00,0,0,0
11/14/2019 5:00,0,0,0
11/14/2019 6:00,3,2,1
11/14/2019 7:00,5,4,1
11/14/2019 8:00,15,6,9
11/14/2019 9:00,7,2,5
11/14/2019 10:00,7,3,4
11/14/2019 11:00,4,4,0
11/14/2019 12:00,10,3,7
11/14/2019 13:00,6,3,3
11/14/2019 14:00,7,1,6
11/14/2019 15:00,4,2,2
11/14/2019 16:00,5,5,0
11/14/2019 17:00,11,2,9
11/14/2019 18:00,13,7,6
11/14/2019 19:00,5,4,1
11/14/2019 20:00,3,1,2
11/14/2019 21:00,2,2,0
11/14/2019 22:00,1,1,0
11/14/2019 23:00,0,0,0
11/15/2019 0:00,0,0,0
11/15/2019 1:00,0,0,0
11/15/2019 2:00,1,0,1
11/15/2019 3:00,0,0,0
11/15/2019 4:00,1,1,0
11/15/2019 5:00,0,0,0
11/15/2019 6:00,0,0,0
11/15/2019 7:00,4,3,1
11/15/2019 8:00,6,6,0
11/15/2019 9:00,7,5,2
11/15/2019 10:00,1,0,1
11/15/2019 11:00,4,4,0
11/15/2019 12:00,2,0,2
11/15/2019 13:00,3,2,1
11/15/2019 14:00,5,1,4
11/15/2019 15:00,9,3,6
11/15/2019 16:00,9,2,7
11/15/2019 17:00,8,4,4
11/15/2019 18:00,8,3,5
11/15/2019 19:00,8,5,3
11/15/2019 20:00,2,0,2
11/15/2019 21:00,5,1,4
11/15/2019 22:00,2,2,0
11/15/2019 23:00,2,0,2
11/16/2019 0:00,1,1,0
11/16/2019 1:00,1,1,0
11/16/2019 2:00,0,0,0
11/16/2019 3:00,1,1,0
11/16/2019 4:00,0,0,0
11/16/2019 5:00,1,0,1
11/16/2019 6:00,0,0,0
11/16/2019 7:00,4,2,2
11/16/2019 8:00,3,1,2
11/16/2019 9:00,5,3,2
11/16/2019 10:00,6,3,3
11/16/2019 11:00,7,7,0
11/16/2019 12:00,7,4,3
11/16/2019 13:00,8,3,5
11/16/2019 14:00,9,4,5
11/16/2019 15:00,3,2,1
11/16/2019 16:00,3,2,1
11/16/2019 17:00,4,3,1
11/16/2019 18:00,7,6,1
11/16/2019 19:00,2,0,2
11/16/2019 20:00,1,1,0
11/16/2019 21:00,1,0,1
11/16/2019 22:00,1,0,1
11/16/2019 23:00,1,0,1
11/17/2019 0:00,2,1,1
11/17/2019 1:00,0,0,0
11/17/2019 2:00,0,0,0
11/17/2019 3:00,2,1,1
11/17/2019 4:00,0,0,0
11/17/2019 5:00,0,0,0
11/17/2019 6:00,0,0,0
11/17/2019 7:00,2,2,0
11/17/2019 8:00,1,0,1
11/17/2019 9:00,2,2,0
11/17/2019 10:00,2,1,1
11/17/2019 11:00,6,1,5
11/17/2019 12:00,10,7,3
11/17/2019 13:00,6,3,3
11/17/2019 14:00,8,3,5
11/17/2019 15:00,5,2,3
11/17/2019 16:00,2,2,0
11/17/2019 17:00,3,2,1
11/17/2019 18:00,2,2,0
11/17/2019 19:00,0,0,0
11/17/2019 20:00,1,0,1
11/17/2019 21:00,1,1,0
11/17/2019 22:00,1,0,1
11/17/2019 23:00,0,0,0
11/18/2019 0:00,0,0,0
11/18/2019 1:00,0,0,0
11/18/2019 2:00,2,2,0
11/18/2019 3:00,2,1,1
11/18/2019 4:00,1,0,1
11/18/2019 5:00,0,0,0
11/18/2019 6:00,0,0,0
11/18/2019 7:00,4,4,0
11/18/2019 8:00,8,7,1
11/18/2019 9:00,2,2,0
11/18/2019 10:00,2,1,1
11/18/2019 11:00,2,0,2
11/18/2019 12:00,5,2,3
11/18/2019 13:00,6,5,1
11/18/2019 14:00,3,2,1
11/18/2019 15:00,3,3,0
11/18/2019 16:00,5,2,3
11/18/2019 17:00,4,1,3
11/18/2019 18:00,3,0,3
11/18/2019 19:00,7,4,3
11/18/2019 20:00,1,1,0
11/18/2019 21:00,1,0,1
11/18/2019 22:00,1,0,1
11/18/2019 23:00,2,0,2
11/19/2019 0:00,0,0,0
11/19/2019 1:00,0,0,0
11/19/2019 2:00,0,0,0
11/19/2019 3:00,0,0,0
11/19/2019 4:00,0,0,0
11/19/2019 5:00,0,0,0
11/19/2019 6:00,2,0,2
11/19/2019 7:00,5,4,1
11/19/2019 8:00,9,7,2
11/19/2019 9:00,4,2,2
11/19/2019 10:00,1,1,0
11/19/2019 11:00,6,2,4
11/19/2019 12:00,5,2,3
11/19/2019 13:00,6,3,3
11/19/2019 14:00,5,1,4
11/19/2019 15:00,5,4,1
11/19/2019 16:00,12,4,8
11/19/2019 17:00,9,4,5
11/19/2019 18:00,9,4,5
11/19/2019 19:00,5,1,4
11/19/2019 20:00,2,2,0
11/19/2019 21:00,0,0,0
11/19/2019 22:00,3,3,0
11/19/2019 23:00,1,1,0
11/20/2019 0:00,0,0,0
11/20/2019 1:00,1,0,1
11/20/2019 2:00,0,0,0
11/20/2019 3:00,2,0,2
11/20/2019 4:00,0,0,0
11/20/2019 5:00,0,0,0
11/20/2019 6:00,1,1,0
11/20/2019 7:00,10,7,3
11/20/2019 8:00,5,5,0
11/20/2019 9:00,3,3,0
11/20/2019 10:00,2,1,1
11/20/2019 11:00,3,2,1
11/20/2019 12:00,5,2,3
11/20/2019 13:00,6,4,2
11/20/2019 14:00,6,3,3
11/20/2019 15:00,9,4,5
11/20/2019 16:00,6,1,5
11/20/2019 17:00,8,1,7
11/20/2019 18:00,14,6,8
11/20/2019 19:00,5,4,1
11/20/2019 20:00,5,2,3
11/20/2019 21:00,1,1,0
11/20/2019 22:00,1,1,0
11/20/2019 23:00,2,1,1
11/21/2019 0:00,0,0,0
11/21/2019 1:00,1,0,1
11/21/2019 2:00,0,0,0
11/21/2019 3:00,0,0,0
11/21/2019 4:00,0,0,0
11/21/2019 5:00,0,0,0
11/21/2019 6:00,0,0,0
11/21/2019 7:00,8,5,3
11/21/2019 8:00,8,5,3
11/21/2019 9:00,6,3,3
11/21/2019 10:00,7,2,5
11/21/2019 11:00,5,1,4
11/21/2019 12:00,7,4,3
11/21/2019 13:00,6,3,3
11/21/2019 14:00,7,4,3
11/21/2019 15:00,4,2,2
11/21/2019 16:00,7,5,2
11/21/2019 17:00,6,2,4
11/21/2019 18:00,7,4,3
11/21/2019 19:00,6,3,3
11/21/2019 20:00,4,3,1
11/21/2019 21:00,3,1,2
11/21/2019 22:00,1,1,0
11/21/2019 23:00,2,0,2
11/22/2019 0:00,0,0,0
11/22/2019 1:00,0,0,0
11/22/2019 2:00,0,0,0
11/22/2019 3:00,0,0,0
11/22/2019 4:00,0,0,0
11/22/2019 5:00,1,0,1
11/22/2019 6:00,0,0,0
11/22/2019 7:00,6,4,2
11/22/2019 8:00,6,3,3
11/22/2019 9:00,6,3,3
11/22/2019 10:00,4,2,2
11/22/2019 11:00,2,1,1
11/22/2019 12:00,1,0,1
11/22/2019 13:00,9,5,4
11/22/2019 14:00,4,2,2
11/22/2019 15:00,6,3,3
11/22/2019 16:00,5,3,2
11/22/2019 17:00,11,3,8
11/22/2019 18:00,5,2,3
11/22/2019 19:00,0,0,0
11/22/2019 20:00,4,4,0
11/22/2019 21:00,1,0,1
11/22/2019 22:00,2,2,0
11/22/2019 23:00,2,0,2
11/23/2019 0:00,3,2,1
11/23/2019 1:00,0,0,0
11/23/2019 2:00,0,0,0
11/23/2019 3:00,0,0,0
11/23/2019 4:00,0,0,0
11/23/2019 5:00,0,0,0
11/23/2019 6:00,0,0,0
11/23/2019 7:00,0,0,0
11/23/2019 8:00,2,2,0
11/23/2019 9:00,5,1,4
11/23/2019 10:00,4,3,1
11/23/2019 11:00,4,1,3
11/23/2019 12:00,10,5,5
11/23/2019 13:00,2,2,0
11/23/2019 14:00,7,5,2
11/23/2019 15:00,10,6,4
11/23/2019 16:00,8,2,6
11/23/2019 17:00,7,5,2
11/23/2019 18:00,0,0,0
11/23/2019 19:00,2,1,1
11/23/2019 20:00,1,1,0
11/23/2019 21:00,0,0,0
11/23/2019 22:00,0,0,0
11/23/2019 23:00,0,0,0
11/24/2019 0:00,1,0,1
11/24/2019 1:00,0,0,0
11/24/2019 2:00,0,0,0
11/24/2019 3:00,0,0,0
11/24/2019 4:00,0,0,0
11/24/2019 5:00,0,0,0
11/24/2019 6:00,0,0,0
11/24/2019 7:00,1,0,1
11/24/2019 8:00,3,2,1
11/24/2019 9:00,6,4,2
11/24/2019 10:00,7,1,6
11/24/2019 11:00,7,3,4
11/24/2019 12:00,8,1,7
11/24/2019 13:00,8,4,4
11/24/2019 14:00,11,4,7
11/24/2019 15:00,10,7,3
11/24/2019 16:00,12,9,3
11/24/2019 17:00,4,4,0
11/24/2019 18:00,1,1,0
11/24/2019 19:00,1,1,0
11/24/2019 20:00,1,0,1
11/24/2019 21:00,1,1,0
11/24/2019 22:00,1,1,0
11/24/2019 23:00,2,1,1
11/25/2019 0:00,0,0,0
11/25/2019 1:00,0,0,0
11/25/2019 2:00,0,0,0
11/25/2019 3:00,0,0,0
11/25/2019 4:00,1,0,1
11/25/2019 5:00,1,1,0
11/25/2019 6:00,0,0,0
11/25/2019 7:00,8,5,3
11/25/2019 8:00,8,8,0
11/25/2019 9:00,3,2,1
11/25/2019 10:00,0,0,0
11/25/2019 11:00,3,0,3
11/25/2019 12:00,2,1,1
11/25/2019 13:00,1,0,1
11/25/2019 14:00,5,1,4
11/25/2019 15:00,6,3,3
11/25/2019 16:00,5,2,3
11/25/2019 17:00,11,5,6
11/25/2019 18:00,8,5,3
11/25/2019 19:00,3,0,3
11/25/2019 20:00,2,1,1
11/25/2019 21:00,0,0,0
11/25/2019 22:00,0,0,0
11/25/2019 23:00,2,2,0
11/26/2019 0:00,0,0,0
11/26/2019 1:00,0,0,0
11/26/2019 2:00,0,0,0
11/26/2019 3:00,0,0,0
11/26/2019 4:00,0,0,0
11/26/2019 5:00,0,0,0
11/26/2019 6:00,0,0,0
11/26/2019 7:00,7,5,2
11/26/2019 8:00,11,9,2
11/26/2019 9:00,7,4,3
11/26/2019 10:00,1,0,1
11/26/2019 11:00,2,1,1
11/26/2019 12:00,5,2,3
11/26/2019 13:00,0,0,0
11/26/2019 14:00,6,2,4
11/26/2019 15:00,7,2,5
11/26/2019 16:00,8,5,3
11/26/2019 17:00,9,1,8
11/26/2019 18:00,9,6,3
11/26/2019 19:00,5,3,2
11/26/2019 20:00,1,0,1
11/26/2019 21:00,0,0,0
11/26/2019 22:00,1,1,0
11/26/2019 23:00,1,1,0
11/27/2019 0:00,0,0,0
11/27/2019 1:00,0,0,0
11/27/2019 2:00,1,1,0
11/27/2019 3:00,0,0,0
11/27/2019 4:00,0,0,0
11/27/2019 5:00,1,0,1
11/27/2019 6:00,1,0,1
11/27/2019 7:00,3,2,1
11/27/2019 8:00,8,5,3
11/27/2019 9:00,6,4,2
11/27/2019 10:00,2,1,1
11/27/2019 11:00,5,4,1
11/27/2019 12:00,4,0,4
11/27/2019 13:00,6,0,6
11/27/2019 14:00,11,4,7
11/27/2019 15:00,8,3,5
11/27/2019 16:00,7,4,3
11/27/2019 17:00,8,2,6
11/27/2019 18:00,2,2,0
11/27/2019 19:00,0,0,0
11/27/2019 20:00,0,0,0
11/27/2019 21:00,0,0,0
11/27/2019 22:00,0,0,0
11/27/2019 23:00,0,0,0
11/28/2019 0:00,0,0,0
11/28/2019 1:00,0,0,0
11/28/2019 2:00,0,0,0
11/28/2019 3:00,0,0,0
11/28/2019 4:00,0,0,0
11/28/2019 5:00,0,0,0
11/28/2019 6:00,0,0,0
11/28/2019 7:00,0,0,0
11/28/2019 8:00,4,2,2
11/28/2019 9:00,2,1,1
11/28/2019 10:00,4,2,2
11/28/2019 11:00,7,3,4
11/28/2019 12:00,0,0,0
11/28/2019 13:00,4,1,3
11/28/2019 14:00,1,0,1
11/28/2019 15:00,0,0,0
11/28/2019 16:00,2,2,0
11/28/2019 17:00,2,0,2
11/28/2019 18:00,0,0,0
11/28/2019 19:00,0,0,0
11/28/2019 20:00,0,0,0
11/28/2019 21:00,1,0,1
11/28/2019 22:00,0,0,0
11/28/2019 23:00,0,0,0
11/29/2019 0:00,1,1,0
11/29/2019 1:00,0,0,0
11/29/2019 2:00,0,0,0
11/29/2019 3:00,0,0,0
11/29/2019 4:00,0,0,0
11/29/2019 5:00,0,0,0
11/29/2019 6:00,0,0,0
11/29/2019 7:00,2,1,1
11/29/2019 8:00,3,2,1
11/29/2019 9:00,1,1,0
11/29/2019 10:00,7,2,5
11/29/2019 11:00,6,5,1
11/29/2019 12:00,4,4,0
11/29/2019 13:00,5,3,2
11/29/2019 14:00,4,0,4
11/29/2019 15:00,8,5,3
11/29/2019 16:00,2,2,0
11/29/2019 17:00,1,0,1
11/29/2019 18:00,5,1,4
11/29/2019 19:00,0,0,0
11/29/2019 20:00,1,1,0
11/29/2019 21:00,1,1,0
11/29/2019 22:00,1,1,0
11/29/2019 23:00,1,1,0
11/30/2019 0:00,0,0,0
11/30/2019 1:00,1,0,1
11/30/2019 2:00,0,0,0
11/30/2019 3:00,1,0,1
11/30/2019 4:00,0,0,0
11/30/2019 5:00,0,0,0
11/30/2019 6:00,0,0,0
11/30/2019 7:00,1,0,1
11/30/2019 8:00,1,0,1
11/30/2019 9:00,2,0,2
11/30/2019 10:00,1,1,0
11/30/2019 11:00,7,2,5
11/30/2019 12:00,3,0,3
11/30/2019 13:00,7,3,4
11/30/2019 14:00,3,2,1
11/30/2019 15:00,7,5,2
11/30/2019 16:00,7,3,4
11/30/2019 17:00,3,1,2
11/30/2019 18:00,5,2,3
11/30/2019 19:00,2,1,1
11/30/2019 20:00,1,1,0
11/30/2019 21:00,0,0,0
11/30/2019 22:00,0,0,0
11/30/2019 23:00,0,0,0
12/1/2019 0:00,0,0,0
12/1/2019 1:00,0,0,0
12/1/2019 2:00,0,0,0
12/1/2019 3:00,0,0,0
12/1/2019 4:00,0,0,0
12/1/2019 5:00,1,1,0
12/1/2019 6:00,0,0,0
12/1/2019 7:00,0,0,0
12/1/2019 8:00,3,2,1
12/1/2019 9:00,10,4,6
12/1/2019 10:00,4,2,2
12/1/2019 11:00,14,3,11
12/1/2019 12:00,10,5,5
12/1/2019 13:00,3,1,2
12/1/2019 14:00,5,4,1
12/1/2019 15:00,4,3,1
12/1/2019 16:00,4,2,2
12/1/2019 17:00,3,1,2
12/1/2019 18:00,1,1,0
12/1/2019 19:00,0,0,0
12/1/2019 20:00,3,2,1
12/1/2019 21:00,1,0,1
12/1/2019 22:00,0,0,0
12/1/2019 23:00,0,0,0
12/2/2019 0:00,0,0,0
12/2/2019 1:00,0,0,0
12/2/2019 2:00,0,0,0
12/2/2019 3:00,2,1,1
12/2/2019 4:00,1,0,1
12/2/2019 5:00,0,0,0
12/2/2019 6:00,0,0,0
12/2/2019 7:00,9,7,2
12/2/2019 8:00,10,9,1
12/2/2019 9:00,1,1,0
12/2/2019 10:00,3,2,1
12/2/2019 11:00,3,2,1
12/2/2019 12:00,4,2,2
12/2/2019 13:00,4,2,2
12/2/2019 14:00,6,4,2
12/2/2019 15:00,5,3,2
12/2/2019 16:00,8,2,6
12/2/2019 17:00,12,6,6
12/2/2019 18:00,5,4,1
12/2/2019 19:00,6,3,3
12/2/2019 20:00,3,2,1
12/2/2019 21:00,3,3,0
12/2/2019 22:00,2,2,0
12/2/2019 23:00,0,0,0
12/3/2019 0:00,1,0,1
12/3/2019 1:00,2,1,1
12/3/2019 2:00,0,0,0
12/3/2019 3:00,0,0,0
12/3/2019 4:00,0,0,0
12/3/2019 5:00,2,0,2
12/3/2019 6:00,2,1,1
12/3/2019 7:00,8,6,2
12/3/2019 8:00,16,13,3
12/3/2019 9:00,4,2,2
12/3/2019 10:00,5,3,2
12/3/2019 11:00,4,2,2
12/3/2019 12:00,7,3,4
12/3/2019 13:00,6,3,3
12/3/2019 14:00,6,1,5
12/3/2019 15:00,4,3,1
12/3/2019 16:00,2,1,1
12/3/2019 17:00,17,5,12
12/3/2019 18:00,12,3,9
12/3/2019 19:00,6,2,4
12/3/2019 20:00,2,2,0
12/3/2019 21:00,1,0,1
12/3/2019 22:00,1,0,1
12/3/2019 23:00,0,0,0
12/4/2019 0:00,1,0,1
12/4/2019 1:00,0,0,0
12/4/2019 2:00,0,0,0
12/4/2019 3:00,1,1,0
12/4/2019 4:00,0,0,0
12/4/2019 5:00,0,0,0
12/4/2019 6:00,2,1,1
12/4/2019 7:00,5,5,0
12/4/2019 8:00,9,7,2
12/4/2019 9:00,7,4,3
12/4/2019 10:00,1,0,1
12/4/2019 11:00,1,1,0
12/4/2019 12:00,4,1,3
12/4/2019 13:00,5,2,3
12/4/2019 14:00,7,3,4
12/4/2019 15:00,6,5,1
12/4/2019 16:00,1,1,0
12/4/2019 17:00,11,3,8
12/4/2019 18:00,7,4,3
12/4/2019 19:00,8,7,1
12/4/2019 20:00,3,1,2
12/4/2019 21:00,4,1,3
12/4/2019 22:00,1,1,0
12/4/2019 23:00,2,0,2
12/5/2019 0:00,0,0,0
12/5/2019 1:00,0,0,0
12/5/2019 2:00,0,0,0
12/5/2019 3:00,0,0,0
12/5/2019 4:00,0,0,0
12/5/2019 5:00,0,0,0
12/5/2019 6:00,2,2,0
12/5/2019 7:00,13,9,4
12/5/2019 8:00,11,7,4
12/5/2019 9:00,11,6,5
12/5/2019 10:00,6,3,3
12/5/2019 11:00,4,2,2
12/5/2019 12:00,3,2,1
12/5/2019 13:00,3,2,1
12/5/2019 14:00,7,2,5
12/5/2019 15:00,8,4,4
12/5/2019 16:00,6,4,2
12/5/2019 17:00,6,1,5
12/5/2019 18:00,8,4,4
12/5/2019 19:00,4,2,2
12/5/2019 20:00,4,3,1
12/5/2019 21:00,3,3,0
12/5/2019 22:00,1,1,0
12/5/2019 23:00,3,1,2
12/6/2019 0:00,0,0,0
12/6/2019 1:00,0,0,0
12/6/2019 2:00,0,0,0
12/6/2019 3:00,1,0,1
12/6/2019 4:00,0,0,0
12/6/2019 5:00,0,0,0
12/6/2019 6:00,1,1,0
12/6/2019 7:00,4,3,1
12/6/2019 8:00,11,6,5
12/6/2019 9:00,6,3,3
12/6/2019 10:00,2,0,2
12/6/2019 11:00,8,7,1
12/6/2019 12:00,9,7,2
12/6/2019 13:00,1,1,0
12/6/2019 14:00,3,3,0
12/6/2019 15:00,8,6,2
12/6/2019 16:00,4,4,0
12/6/2019 17:00,10,10,0
12/6/2019 18:00,13,13,0
12/6/2019 19:00,11,11,0
12/6/2019 20:00,6,6,0
12/6/2019 21:00,9,9,0
12/6/2019 22:00,6,6,0
12/6/2019 23:00,4,4,0
12/7/2019 0:00,2,2,0
12/7/2019 1:00,3,3,0
12/7/2019 2:00,3,3,0
12/7/2019 3:00,1,1,0
12/7/2019 4:00,0,0,0
12/7/2019 5:00,1,1,0
12/7/2019 6:00,2,2,0
12/7/2019 7:00,0,0,0
12/7/2019 8:00,7,7,0
12/7/2019 9:00,7,7,0
12/7/2019 10:00,2,2,0
12/7/2019 11:00,0,0,0
12/7/2019 12:00,3,3,0
12/7/2019 13:00,3,3,0
12/7/2019 14:00,6,6,0
12/7/2019 15:00,7,7,0
12/7/2019 16:00,0,0,0
12/7/2019 17:00,0,0,0
12/7/2019 18:00,1,1,0
12/7/2019 19:00,3,3,0
12/7/2019 20:00,5,5,0
12/7/2019 21:00,2,2,0
12/7/2019 22:00,2,2,0
12/7/2019 23:00,2,2,0
12/8/2019 0:00,1,1,0
12/8/2019 1:00,0,0,0
12/8/2019 2:00,0,0,0
12/8/2019 3:00,1,1,0
12/8/2019 4:00,0,0,0
12/8/2019 5:00,0,0,0
12/8/2019 6:00,2,2,0
12/8/2019 7:00,2,2,0
12/8/2019 8:00,5,5,0
12/8/2019 9:00,4,4,0
12/8/2019 10:00,7,7,0
12/8/2019 11:00,14,13,1
12/8/2019 12:00,3,3,0
12/8/2019 13:00,6,3,3
12/8/2019 14:00,8,4,4
12/8/2019 15:00,6,4,2
12/8/2019 16:00,6,4,2
12/8/2019 17:00,3,2,1
12/8/2019 18:00,1,1,0
12/8/2019 19:00,0,0,0
12/8/2019 20:00,2,1,1
12/8/2019 21:00,1,1,0
12/8/2019 22:00,0,0,0
12/8/2019 23:00,0,0,0
12/9/2019 0:00,0,0,0
12/9/2019 1:00,0,0,0
12/9/2019 2:00,1,1,0
12/9/2019 3:00,2,1,1
12/9/2019 4:00,1,0,1
12/9/2019 5:00,0,0,0
12/9/2019 6:00,0,0,0
12/9/2019 7:00,7,5,2
12/9/2019 8:00,9,8,1
12/9/2019 9:00,2,2,0
12/9/2019 10:00,2,1,1
12/9/2019 11:00,3,1,2
12/9/2019 12:00,4,2,2
12/9/2019 13:00,3,2,1
12/9/2019 14:00,4,2,2
12/9/2019 15:00,5,3,2
12/9/2019 16:00,6,2,4
12/9/2019 17:00,9,4,5
12/9/2019 18:00,5,3,2
12/9/2019 19:00,5,2,3
12/9/2019 20:00,2,1,1
12/9/2019 21:00,1,1,0
12/9/2019 22:00,1,1,0
12/9/2019 23:00,2,1,1
12/10/2019 0:00,0,0,0
12/10/2019 1:00,0,0,0
12/10/2019 2:00,0,0,0
12/10/2019 3:00,0,0,0
12/10/2019 4:00,0,0,0
12/10/2019 5:00,1,0,1
12/10/2019 6:00,1,0,1
12/10/2019 7:00,7,5,2
12/10/2019 8:00,12,10,2
12/10/2019 9:00,5,3,2
12/10/2019 10:00,2,1,1
12/10/2019 11:00,4,2,2
12/10/2019 12:00,5,2,3
12/10/2019 13:00,4,2,2
12/10/2019 14:00,5,1,4
12/10/2019 15:00,5,3,2
12/10/2019 16:00,7,3,4
12/10/2019 17:00,11,3,8
12/10/2019 18:00,10,4,6
12/10/2019 19:00,5,2,3
12/10/2019 20:00,1,1,0
12/10/2019 21:00,0,0,0
12/10/2019 22:00,1,1,0
12/10/2019 23:00,1,1,0
12/11/2019 0:00,0,0,0
12/11/2019 1:00,0,0,0
12/11/2019 2:00,0,0,0
12/11/2019 3:00,1,0,1
12/11/2019 4:00,0,0,0
12/11/2019 5:00,0,0,0
12/11/2019 6:00,2,1,1
12/11/2019 7:00,6,5,1
12/11/2019 8:00,8,6,2
12/11/2019 9:00,6,4,2
12/11/2019 10:00,2,1,1
12/11/2019 11:00,3,2,1
12/11/2019 12:00,4,1,3
12/11/2019 13:00,6,2,4
12/11/2019 14:00,8,3,5
12/11/2019 15:00,8,4,4
12/11/2019 16:00,5,2,3
12/11/2019 17:00,9,2,7
12/11/2019 18:00,8,4,4
12/11/2019 19:00,5,4,1
12/11/2019 20:00,3,1,2
12/11/2019 21:00,2,1,1
12/11/2019 22:00,1,1,0
12/11/2019 23:00,1,0,1
12/12/2019 0:00,0,0,0
12/12/2019 1:00,0,0,0
12/12/2019 2:00,0,0,0
12/12/2019 3:00,0,0,0
12/12/2019 4:00,0,0,0
12/12/2019 5:00,0,0,0
12/12/2019 6:00,1,1,0
12/12/2019 7:00,7,5,2
12/12/2019 8:00,8,5,3
12/12/2019 9:00,6,3,3
12/12/2019 10:00,5,2,3
12/12/2019 11:00,5,2,3
12/12/2019 12:00,3,2,1
12/12/2019 13:00,4,2,2
12/12/2019 14:00,5,2,3
12/12/2019 15:00,4,2,2
12/12/2019 16:00,5,4,1
12/12/2019 17:00,5,1,4
12/12/2019 18:00,5,3,2
12/12/2019 19:00,4,2,2
12/12/2019 20:00,3,2,1
12/12/2019 21:00,2,1,1
12/12/2019 22:00,1,1,0
12/12/2019 23:00,1,0,1
12/13/2019 0:00,0,0,0
12/13/2019 1:00,0,0,0
12/13/2019 2:00,0,0,0
12/13/2019 3:00,0,0,0
12/13/2019 4:00,0,0,0
12/13/2019 5:00,0,0,0
12/13/2019 6:00,0,0,0
12/13/2019 7:00,4,3,1
12/13/2019 8:00,7,4,3
12/13/2019 9:00,4,2,2
12/13/2019 10:00,4,1,3
12/13/2019 11:00,5,4,1
12/13/2019 12:00,5,4,1
12/13/2019 13:00,5,3,2
12/13/2019 14:00,4,2,2
12/13/2019 15:00,8,5,3
12/13/2019 16:00,4,3,1
12/13/2019 17:00,7,4,3
12/13/2019 18:00,7,5,2
12/13/2019 19:00,4,4,0
12/13/2019 20:00,4,4,0
12/13/2019 21:00,3,3,0
12/13/2019 22:00,3,3,0
12/13/2019 23:00,3,2,1
12/14/2019 0:00,1,1,0
12/14/2019 1:00,1,1,0
12/14/2019 2:00,1,1,0
12/14/2019 3:00,0,0,0
12/14/2019 4:00,0,0,0
12/14/2019 5:00,0,0,0
12/14/2019 6:00,1,1,0
12/14/2019 7:00,0,0,0
12/14/2019 8:00,3,3,0
12/14/2019 9:00,5,3,2
12/14/2019 10:00,2,2,0
12/14/2019 11:00,4,1,3
12/14/2019 12:00,6,3,3
12/14/2019 13:00,4,3,1
12/14/2019 14:00,5,4,1
12/14/2019 15:00,8,6,2
12/14/2019 16:00,5,2,3
12/14/2019 17:00,3,2,1
12/14/2019 18:00,2,1,1
12/14/2019 19:00,3,2,1
12/14/2019 20:00,2,2,0
12/14/2019 21:00,1,1,0
12/14/2019 22:00,1,1,0
12/14/2019 23:00,1,1,0
12/15/2019 0:00,0,0,0
12/15/2019 1:00,0,0,0
12/15/2019 2:00,0,0,0
12/15/2019 3:00,0,0,0
12/15/2019 4:00,0,0,0
12/15/2019 5:00,0,0,0
12/15/2019 6:00,1,1,0
12/15/2019 7:00,1,1,0
12/15/2019 8:00,4,3,1
12/15/2019 9:00,7,4,3
12/15/2019 10:00,6,3,3
12/15/2019 11:00,11,6,5
12/15/2019 12:00,7,3,4
12/15/2019 13:00,6,3,3
12/15/2019 14:00,8,4,4
12/15/2019 15:00,7,5,2
12/15/2019 16:00,7,5,2
12/15/2019 17:00,3,2,1
12/15/2019 18:00,1,1,0
12/15/2019 19:00,0,0,0
12/15/2019 20:00,2,1,1
12/15/2019 21:00,1,1,0
12/15/2019 22:00,0,0,0
12/15/2019 23:00,0,0,0
12/16/2019 0:00,0,0,0
12/16/2019 1:00,0,0,0
12/16/2019 2:00,0,0,0
12/16/2019 3:00,2,1,1
12/16/2019 4:00,1,0,1
12/16/2019 5:00,0,0,0
12/16/2019 6:00,1,1,0
12/16/2019 7:00,2,2,0
12/16/2019 8:00,6,4,2
12/16/2019 9:00,1,1,0
12/16/2019 10:00,1,0,1
12/16/2019 11:00,1,1,0
12/16/2019 12:00,0,0,0
12/16/2019 13:00,2,1,1
12/16/2019 14:00,3,3,0
12/16/2019 15:00,6,3,3
12/16/2019 16:00,6,5,1
12/16/2019 17:00,5,5,0
12/16/2019 18:00,11,8,3
12/16/2019 19:00,8,7,1
12/16/2019 20:00,6,3,3
12/16/2019 21:00,1,0,1
12/16/2019 22:00,2,1,1
12/16/2019 23:00,0,0,0
12/17/2019 0:00,1,0,1
12/17/2019 1:00,0,0,0
12/17/2019 2:00,0,0,0
12/17/2019 3:00,0,0,0
12/17/2019 4:00,1,1,0
12/17/2019 5:00,1,1,0
12/17/2019 6:00,1,1,0
12/17/2019 7:00,5,4,1
12/17/2019 8:00,7,6,1
12/17/2019 9:00,7,5,2
12/17/2019 10:00,4,3,1
12/17/2019 11:00,10,6,4
12/17/2019 12:00,11,5,6
12/17/2019 13:00,10,9,1
12/17/2019 14:00,10,5,5
12/17/2019 15:00,10,8,2
12/17/2019 16:00,12,11,1
12/17/2019 17:00,13,9,4
12/17/2019 18:00,14,11,3
12/17/2019 19:00,9,5,4
12/17/2019 20:00,7,3,4
12/17/2019 21:00,4,3,1
12/17/2019 22:00,2,1,1
12/17/2019 23:00,3,1,2
12/18/2019 0:00,1,1,0
12/18/2019 1:00,0,0,0
12/18/2019 2:00,1,1,0
12/18/2019 3:00,0,0,0
12/18/2019 4:00,0,0,0
12/18/2019 5:00,1,1,0
12/18/2019 6:00,3,1,2
12/18/2019 7:00,0,0,0
12/18/2019 8:00,7,4,3
12/18/2019 9:00,2,2,0
12/18/2019 10:00,1,1,0
12/18/2019 11:00,3,2,1
12/18/2019 12:00,1,0,1
12/18/2019 13:00,2,1,1
12/18/2019 14:00,2,1,1
12/18/2019 15:00,1,0,1
12/18/2019 16:00,3,3,0
12/18/2019 17:00,3,3,0
12/18/2019 18:00,7,4,3
12/18/2019 19:00,5,5,0
12/18/2019 20:00,2,2,0
12/18/2019 21:00,0,0,0
12/18/2019 22:00,0,0,0
12/18/2019 23:00,0,0,0
12/19/2019 0:00,1,1,0
12/19/2019 1:00,0,0,0
12/19/2019 2:00,1,1,0
12/19/2019 3:00,0,0,0
12/19/2019 4:00,0,0,0
12/19/2019 5:00,1,1,0
12/19/2019 6:00,1,1,0
12/19/2019 7:00,2,2,0
12/19/2019 8:00,10,4,6
12/19/2019 9:00,6,2,4
12/19/2019 10:00,4,2,2
12/19/2019 11:00,7,5,2
12/19/2019 12:00,4,2,2
12/19/2019 13:00,2,1,1
12/19/2019 14:00,1,1,0
12/19/2019 15:00,4,1,3
12/19/2019 16:00,8,2,6
12/19/2019 17:00,7,2,5
12/19/2019 18:00,8,3,5
12/19/2019 19:00,5,2,3
12/19/2019 20:00,0,0,0
12/19/2019 21:00,0,0,0
12/19/2019 22:00,1,0,1
12/19/2019 23:00,1,1,0
12/20/2019 0:00,0,0,0
12/20/2019 1:00,0,0,0
12/20/2019 2:00,0,0,0
12/20/2019 3:00,0,0,0
12/20/2019 4:00,0,0,0
12/20/2019 5:00,0,0,0
12/20/2019 6:00,0,0,0
12/20/2019 7:00,0,0,0
12/20/2019 8:00,5,5,0
12/20/2019 9:00,0,0,0
12/20/2019 10:00,0,0,0
12/20/2019 11:00,1,1,0
12/20/2019 12:00,1,1,0
12/20/2019 13:00,0,0,0
12/20/2019 14:00,0,0,0
12/20/2019 15:00,0,0,0
12/20/2019 16:00,1,1,0
12/20/2019 17:00,1,1,0
12/20/2019 18:00,0,0,0
12/20/2019 19:00,0,0,0
12/20/2019 20:00,0,0,0
12/20/2019 21:00,0,0,0
12/20/2019 22:00,0,0,0
12/20/2019 23:00,0,0,0
12/21/2019 0:00,0,0,0
12/21/2019 1:00,0,0,0
12/21/2019 2:00,0,0,0
12/21/2019 3:00,0,0,0
12/21/2019 4:00,0,0,0
12/21/2019 5:00,0,0,0
12/21/2019 6:00,0,0,0
12/21/2019 7:00,0,0,0
12/21/2019 8:00,0,0,0
12/21/2019 9:00,0,0,0
12/21/2019 10:00,0,0,0
12/21/2019 11:00,0,0,0
12/21/2019 12:00,0,0,0
12/21/2019 13:00,5,4,1
12/21/2019 14:00,13,6,7
12/21/2019 15:00,1,1,0
12/21/2019 16:00,5,4,1
12/21/2019 17:00,12,11,1
12/21/2019 18:00,11,10,1
12/21/2019 19:00,6,3,3
12/21/2019 20:00,4,3,1
12/21/2019 21:00,1,1,0
12/21/2019 22:00,1,1,0
12/21/2019 23:00,3,3,0
12/22/2019 0:00,2,2,0
12/22/2019 1:00,3,3,0
12/22/2019 2:00,4,4,0
12/22/2019 3:00,0,0,0
12/22/2019 4:00,0,0,0
12/22/2019 5:00,0,0,0
12/22/2019 6:00,1,1,0
12/22/2019 7:00,0,0,0
12/22/2019 8:00,1,1,0
12/22/2019 9:00,0,0,0
12/22/2019 10:00,9,8,1
12/22/2019 11:00,16,14,2
12/22/2019 12:00,10,10,0
12/22/2019 13:00,10,10,0
12/22/2019 14:00,14,11,3
12/22/2019 15:00,11,5,6
12/22/2019 16:00,15,5,10
12/22/2019 17:00,1,1,0
12/22/2019 18:00,1,0,1
12/22/2019 19:00,1,0,1
12/22/2019 20:00,2,0,2
12/22/2019 21:00,2,1,1
12/22/2019 22:00,1,1,0
12/22/2019 23:00,0,0,0
12/23/2019 0:00,1,1,0
12/23/2019 1:00,0,0,0
12/23/2019 2:00,0,0,0
12/23/2019 3:00,1,1,0
12/23/2019 4:00,0,0,0
12/23/2019 5:00,1,1,0
12/23/2019 6:00,1,1,0
12/23/2019 7:00,1,1,0
12/23/2019 8:00,2,1,1
12/23/2019 9:00,4,2,2
12/23/2019 10:00,7,5,2
12/23/2019 11:00,3,3,0
12/23/2019 12:00,0,0,0
12/23/2019 13:00,0,0,0
12/23/2019 14:00,1,1,0
12/23/2019 15:00,2,1,1
12/23/2019 16:00,1,0,1
12/23/2019 17:00,0,0,0
12/23/2019 18:00,0,0,0
12/23/2019 19:00,0,0,0
12/23/2019 20:00,0,0,0
12/23/2019 21:00,0,0,0
12/23/2019 22:00,1,1,0
12/23/2019 23:00,0,0,0
12/24/2019 0:00,0,0,0
12/24/2019 1:00,1,1,0
12/24/2019 2:00,0,0,0
12/24/2019 3:00,0,0,0
12/24/2019 4:00,1,0,1
12/24/2019 5:00,0,0,0
12/24/2019 6:00,0,0,0
12/24/2019 7:00,1,1,0
12/24/2019 8:00,1,0,1
12/24/2019 9:00,2,0,2
12/24/2019 10:00,6,0,6
12/24/2019 11:00,3,1,2
12/24/2019 12:00,7,0,7
12/24/2019 13:00,10,1,9
12/24/2019 14:00,6,0,6
12/24/2019 15:00,8,2,6
12/24/2019 16:00,9,0,9
12/24/2019 17:00,6,2,4
12/24/2019 18:00,0,0,0
12/24/2019 19:00,4,0,4
12/24/2019 20:00,1,0,1
12/24/2019 21:00,3,0,3
12/24/2019 22:00,1,0,1
12/24/2019 23:00,2,0,2
12/25/2019 0:00,1,0,1
12/25/2019 1:00,0,0,0
12/25/2019 2:00,0,0,0
12/25/2019 3:00,1,0,1
12/25/2019 4:00,1,1,0
12/25/2019 5:00,0,0,0
12/25/2019 6:00,1,1,0
12/25/2019 7:00,2,0,2
12/25/2019 8:00,0,0,0
12/25/2019 9:00,0,0,0
12/25/2019 10:00,0,0,0
12/25/2019 11:00,0,0,0
12/25/2019 12:00,0,0,0
12/25/2019 13:00,0,0,0
12/25/2019 14:00,0,0,0
12/25/2019 15:00,1,1,0
12/25/2019 16:00,0,0,0
12/25/2019 17:00,0,0,0
12/25/2019 18:00,0,0,0
12/25/2019 19:00,0,0,0
12/25/2019 20:00,0,0,0
12/25/2019 21:00,1,1,0
12/25/2019 22:00,0,0,0
12/25/2019 23:00,0,0,0
12/26/2019 0:00,0,0,0
12/26/2019 1:00,0,0,0
12/26/2019 2:00,0,0,0
12/26/2019 3:00,0,0,0
12/26/2019 4:00,0,0,0
12/26/2019 5:00,0,0,0
12/26/2019 6:00,1,1,0
12/26/2019 7:00,7,5,2
12/26/2019 8:00,9,5,4
12/26/2019 9:00,8,4,4
12/26/2019 10:00,5,2,3
12/26/2019 11:00,5,3,2
12/26/2019 12:00,3,2,1
12/26/2019 13:00,3,2,1
12/26/2019 14:00,5,2,3
12/26/2019 15:00,5,2,3
12/26/2019 16:00,6,3,3
12/26/2019 17:00,6,1,5
12/26/2019 18:00,7,3,4
12/26/2019 19:00,4,2,2
12/26/2019 20:00,3,2,1
12/26/2019 21:00,1,1,0
12/26/2019 22:00,1,1,0
12/26/2019 23:00,2,1,1
12/27/2019 0:00,0,0,0
12/27/2019 1:00,0,0,0
12/27/2019 2:00,0,0,0
12/27/2019 3:00,0,0,0
12/27/2019 4:00,0,0,0
12/27/2019 5:00,0,0,0
12/27/2019 6:00,0,0,0
12/27/2019 7:00,3,2,1
12/27/2019 8:00,8,5,3
12/27/2019 9:00,4,2,2
12/27/2019 10:00,2,0,2
12/27/2019 11:00,5,4,1
12/27/2019 12:00,5,4,1
12/27/2019 13:00,2,1,1
12/27/2019 14:00,3,2,1
12/27/2019 15:00,6,4,2
12/27/2019 16:00,3,3,0
12/27/2019 17:00,6,5,1
12/27/2019 18:00,7,6,1
12/27/2019 19:00,5,5,0
12/27/2019 20:00,3,3,0
12/27/2019 21:00,4,4,0
12/27/2019 22:00,3,3,0
12/27/2019 23:00,2,2,0
12/28/2019 0:00,1,1,0
12/28/2019 1:00,1,1,0
12/28/2019 2:00,1,1,0
12/28/2019 3:00,0,0,0
12/28/2019 4:00,0,0,0
12/28/2019 5:00,0,0,0
12/28/2019 6:00,1,1,0
12/28/2019 7:00,0,0,0
12/28/2019 8:00,3,3,0
12/28/2019 9:00,4,3,1
12/28/2019 10:00,1,1,0
12/28/2019 11:00,1,0,1
12/28/2019 12:00,3,2,1
12/28/2019 13:00,4,3,1
12/28/2019 14:00,8,5,3
12/28/2019 15:00,6,5,1
12/28/2019 16:00,3,2,1
12/28/2019 17:00,5,4,1
12/28/2019 18:00,5,4,1
12/28/2019 19:00,4,3,1
12/28/2019 20:00,3,3,0
12/28/2019 21:00,1,1,0
12/28/2019 22:00,1,1,0
12/28/2019 23:00,2,2,0
12/29/2019 0:00,1,1,0
12/29/2019 1:00,1,1,0
12/29/2019 2:00,1,1,0
12/29/2019 3:00,0,0,0
12/29/2019 4:00,0,0,0
12/29/2019 5:00,0,0,0
12/29/2019 6:00,1,1,0
12/29/2019 7:00,1,1,0
12/29/2019 8:00,3,3,0
12/29/2019 9:00,4,3,1
12/29/2019 10:00,7,6,1
12/29/2019 11:00,14,11,3
12/29/2019 12:00,6,5,1
12/29/2019 13:00,7,5,2
12/29/2019 14:00,10,6,4
12/29/2019 15:00,8,5,3
12/29/2019 16:00,10,5,5
12/29/2019 17:00,3,2,1
12/29/2019 18:00,1,1,0
12/29/2019 19:00,0,0,0
12/29/2019 20:00,2,1,1
12/29/2019 21:00,2,1,1
12/29/2019 22:00,1,1,0
12/29/2019 23:00,0,0,0
12/30/2019 0:00,0,0,0
12/30/2019 1:00,0,0,0
12/30/2019 2:00,0,0,0
12/30/2019 3:00,1,1,0
12/30/2019 4:00,1,0,1
12/30/2019 5:00,1,1,0
12/30/2019 6:00,1,1,0
12/30/2019 7:00,4,3,1
12/30/2019 8:00,5,4,1
12/30/2019 9:00,3,2,1
12/30/2019 10:00,3,2,1
12/30/2019 11:00,3,2,1
12/30/2019 12:00,2,1,1
12/30/2019 13:00,2,1,1
12/30/2019 14:00,3,2,1
12/30/2019 15:00,4,2,2
12/30/2019 16:00,4,2,2
12/30/2019 17:00,5,3,2
12/30/2019 18:00,6,4,2
12/30/2019 19:00,4,3,1
12/30/2019 20:00,2,1,1
12/30/2019 21:00,0,0,0
12/30/2019 22:00,1,1,0
12/30/2019 23:00,0,0,0
12/31/2019 0:00,0,0,0
12/31/2019 1:00,0,0,0
12/31/2019 2:00,0,0,0
12/31/2019 3:00,0,0,0
12/31/2019 4:00,0,0,0
12/31/2019 5:00,0,0,0
12/31/2019 6:00,0,0,0
12/31/2019 7:00,4,3,1
12/31/2019 8:00,6,5,1
12/31/2019 9:00,5,3,2
12/31/2019 10:00,4,1,3
12/31/2019 11:00,6,3,3
12/31/2019 12:00,7,2,5
12/31/2019 13:00,8,4,4
12/31/2019 14:00,7,2,5
12/31/2019 15:00,7,4,3
12/31/2019 16:00,10,5,5
12/31/2019 17:00,10,5,5
12/31/2019 18:00,8,5,3
12/31/2019 19:00,6,2,4
12/31/2019 20:00,3,1,2
12/31/2019 21:00,2,1,1
12/31/2019 22:00,2,1,1
12/31/2019 23:00,2,1,1
1/1/2020 0:00,0,0,0
1/1/2020 1:00,0,0,0
1/1/2020 2:00,0,0,0
1/1/2020 3:00,1,0,1
1/1/2020 4:00,0,0,0
1/1/2020 5:00,0,0,0
1/1/2020 6:00,2,1,1
1/1/2020 7:00,3,2,1
1/1/2020 8:00,5,3,2
1/1/2020 9:00,3,2,1
1/1/2020 10:00,1,1,0
1/1/2020 11:00,2,1,1
1/1/2020 12:00,1,0,1
1/1/2020 13:00,3,1,2
1/1/2020 14:00,3,1,2
1/1/2020 15:00,4,2,2
1/1/2020 16:00,3,2,1
1/1/2020 17:00,4,2,2
1/1/2020 18:00,5,3,2
1/1/2020 19:00,3,3,0
1/1/2020 20:00,2,1,1
1/1/2020 21:00,1,1,0
1/1/2020 22:00,0,0,0
1/1/2020 23:00,0,0,0
1/2/2020 0:00,0,0,0
1/2/2020 1:00,0,0,0
1/2/2020 2:00,0,0,0
1/2/2020 3:00,0,0,0
1/2/2020 4:00,0,0,0
1/2/2020 5:00,0,0,0
1/2/2020 6:00,1,1,0
1/2/2020 7:00,5,4,1
1/2/2020 8:00,9,5,4
1/2/2020 9:00,7,3,4
1/2/2020 10:00,5,2,3
1/2/2020 11:00,6,3,3
1/2/2020 12:00,4,2,2
1/2/2020 13:00,4,2,2
1/2/2020 14:00,4,2,2
1/2/2020 15:00,5,2,3
1/2/2020 16:00,6,3,3
1/2/2020 17:00,5,1,4
1/2/2020 18:00,7,3,4
1/2/2020 19:00,4,2,2
1/2/2020 20:00,1,1,0
1/2/2020 21:00,1,1,0
1/2/2020 22:00,0,0,0
1/2/2020 23:00,2,1,1
1/3/2020 0:00,0,0,0
1/3/2020 1:00,0,0,0
1/3/2020 2:00,0,0,0
1/3/2020 3:00,0,0,0
1/3/2020 4:00,0,0,0
1/3/2020 5:00,0,0,0
1/3/2020 6:00,0,0,0
1/3/2020 7:00,3,2,1
1/3/2020 8:00,7,5,2
1/3/2020 9:00,2,1,1
1/3/2020 10:00,3,1,2
1/3/2020 11:00,4,3,1
1/3/2020 12:00,4,3,1
1/3/2020 13:00,2,1,1
1/3/2020 14:00,2,1,1
1/3/2020 15:00,4,3,1
1/3/2020 16:00,2,2,0
1/3/2020 17:00,4,3,1
1/3/2020 18:00,5,4,1
1/3/2020 19:00,3,3,0
1/3/2020 20:00,2,2,0
1/3/2020 21:00,2,2,0
1/3/2020 22:00,2,2,0
1/3/2020 23:00,1,1,0
1/4/2020 0:00,1,1,0
1/4/2020 1:00,1,1,0
1/4/2020 2:00,1,1,0
1/4/2020 3:00,0,0,0
1/4/2020 4:00,0,0,0
1/4/2020 5:00,0,0,0
1/4/2020 6:00,1,1,0
1/4/2020 7:00,0,0,0
1/4/2020 8:00,2,2,0
1/4/2020 9:00,3,2,1
1/4/2020 10:00,1,1,0
1/4/2020 11:00,1,0,1
1/4/2020 12:00,3,2,1
1/4/2020 13:00,4,3,1
1/4/2020 14:00,9,5,4
1/4/2020 15:00,5,4,1
1/4/2020 16:00,5,3,2
1/4/2020 17:00,7,6,1
1/4/2020 18:00,6,5,1
1/4/2020 19:00,4,2,2
1/4/2020 20:00,3,3,0
1/4/2020 21:00,1,1,0
1/4/2020 22:00,1,1,0
1/4/2020 23:00,2,2,0
1/5/2020 0:00,1,1,0
1/5/2020 1:00,1,1,0
1/5/2020 2:00,2,2,0
1/5/2020 3:00,0,0,0
1/5/2020 4:00,0,0,0
1/5/2020 5:00,0,0,0
1/5/2020 6:00,1,1,0
1/5/2020 7:00,1,1,0
1/5/2020 8:00,2,2,0
1/5/2020 9:00,3,2,1
1/5/2020 10:00,8,6,2
1/5/2020 11:00,13,10,3
1/5/2020 12:00,8,6,2
1/5/2020 13:00,8,6,2
1/5/2020 14:00,11,7,4
1/5/2020 15:00,9,5,4
1/5/2020 16:00,11,5,6
1/5/2020 17:00,3,2,1
1/5/2020 18:00,1,1,0
1/5/2020 19:00,0,0,0
1/5/2020 20:00,1,0,1
1/5/2020 21:00,2,1,1
1/5/2020 22:00,1,1,0
1/5/2020 23:00,0,0,0
1/6/2020 0:00,0,0,0
1/6/2020 1:00,0,0,0
1/6/2020 2:00,0,0,0
1/6/2020 3:00,1,1,0
1/6/2020 4:00,1,0,1
1/6/2020 5:00,1,1,0
1/6/2020 6:00,1,1,0
1/6/2020 7:00,2,2,0
1/6/2020 8:00,4,3,1
1/6/2020 9:00,3,2,1
1/6/2020 10:00,3,2,1
1/6/2020 11:00,2,2,0
1/6/2020 12:00,0,0,0
1/6/2020 13:00,2,1,1
1/6/2020 14:00,2,2,0
1/6/2020 15:00,4,2,2
1/6/2020 16:00,3,2,1
1/6/2020 17:00,4,3,1
1/6/2020 18:00,6,4,2
1/6/2020 19:00,4,3,1
1/6/2020 20:00,2,1,1
1/6/2020 21:00,0,0,0
1/6/2020 22:00,1,1,0
1/6/2020 23:00,0,0,0
1/7/2020 0:00,0,0,0
1/7/2020 1:00,0,0,0
1/7/2020 2:00,0,0,0
1/7/2020 3:00,0,0,0
1/7/2020 4:00,0,0,0
1/7/2020 5:00,0,0,0
1/7/2020 6:00,0,0,0
1/7/2020 7:00,4,3,1
1/7/2020 8:00,5,4,1
1/7/2020 9:00,5,3,2
1/7/2020 10:00,4,1,3
1/7/2020 11:00,0,0,0
1/7/2020 12:00,0,0,0
1/7/2020 13:00,0,0,0
1/7/2020 14:00,0,0,0
1/7/2020 15:00,0,0,0
1/7/2020 16:00,0,0,0
1/7/2020 17:00,0,0,0
1/7/2020 18:00,0,0,0
1/7/2020 19:00,0,0,0
1/7/2020 20:00,0,0,0
1/7/2020 21:00,0,0,0
1/7/2020 22:00,0,0,0
1/7/2020 23:00,0,0,0
1/8/2020 0:00,0,0,0
1/8/2020 1:00,0,0,0
1/8/2020 2:00,0,0,0
1/8/2020 3:00,0,0,0
1/8/2020 4:00,0,0,0
1/8/2020 5:00,0,0,0
1/8/2020 6:00,0,0,0
1/8/2020 7:00,0,0,0
1/8/2020 8:00,0,0,0
1/8/2020 9:00,0,0,0
1/8/2020 10:00,0,0,0
1/8/2020 11:00,0,0,0
1/8/2020 12:00,0,0,0
1/8/2020 13:00,0,0,0
1/8/2020 14:00,0,0,0
1/8/2020 15:00,0,0,0
1/8/2020 16:00,0,0,0
1/8/2020 17:00,0,0,0
1/8/2020 18:00,0,0,0
1/8/2020 19:00,0,0,0
1/8/2020 20:00,0,0,0
1/8/2020 21:00,0,0,0
1/8/2020 22:00,0,0,0
1/8/2020 23:00,0,0,0
1/9/2020 0:00,0,0,0
1/9/2020 1:00,0,0,0
1/9/2020 2:00,0,0,0
1/9/2020 3:00,0,0,0
1/9/2020 4:00,0,0,0
1/9/2020 5:00,0,0,0
1/9/2020 6:00,0,0,0
1/9/2020 7:00,0,0,0
1/9/2020 8:00,0,0,0
1/9/2020 9:00,0,0,0
1/9/2020 10:00,0,0,0
1/9/2020 11:00,0,0,0
1/9/2020 12:00,0,0,0
1/9/2020 13:00,0,0,0
1/9/2020 14:00,0,0,0
1/9/2020 15:00,0,0,0
1/9/2020 16:00,0,0,0
1/9/2020 17:00,0,0,0
1/9/2020 18:00,0,0,0
1/9/2020 19:00,0,0,0
1/9/2020 20:00,0,0,0
1/9/2020 21:00,3,2,1
1/9/2020 22:00,0,0,0
1/9/2020 23:00,2,1,1
1/10/2020 0:00,1,1,0
1/10/2020 1:00,0,0,0
1/10/2020 2:00,0,0,0
1/10/2020 3:00,1,1,0
1/10/2020 4:00,0,0,0
1/10/2020 5:00,0,0,0
1/10/2020 6:00,1,0,1
1/10/2020 7:00,2,1,1
1/10/2020 8:00,5,4,1
1/10/2020 9:00,1,1,0
1/10/2020 10:00,1,1,0
1/10/2020 11:00,2,0,2
1/10/2020 12:00,3,2,1
1/10/2020 13:00,1,1,0
1/10/2020 14:00,0,0,0
1/10/2020 15:00,3,1,2
1/10/2020 16:00,4,3,1
1/10/2020 17:00,4,2,2
1/10/2020 18:00,3,1,2
1/10/2020 19:00,4,4,0
1/10/2020 20:00,0,0,0
1/10/2020 21:00,0,0,0
1/10/2020 22:00,1,0,1
1/10/2020 23:00,1,0,1
1/11/2020 0:00,2,0,2
1/11/2020 1:00,0,0,0
1/11/2020 2:00,0,0,0
1/11/2020 3:00,0,0,0
1/11/2020 4:00,2,0,2
1/11/2020 5:00,1,0,1
1/11/2020 6:00,0,0,0
1/11/2020 7:00,1,1,0
1/11/2020 8:00,1,0,1
1/11/2020 9:00,0,0,0
1/11/2020 10:00,1,0,1
1/11/2020 11:00,2,1,1
1/11/2020 12:00,4,1,3
1/11/2020 13:00,4,1,3
1/11/2020 14:00,8,4,4
1/11/2020 15:00,9,4,5
1/11/2020 16:00,1,1,0
1/11/2020 17:00,3,2,1
1/11/2020 18:00,3,1,2
1/11/2020 19:00,2,1,1
1/11/2020 20:00,2,2,0
1/11/2020 21:00,1,1,0
1/11/2020 22:00,2,0,2
1/11/2020 23:00,1,1,0
1/12/2020 0:00,1,0,1
1/12/2020 1:00,0,0,0
1/12/2020 2:00,0,0,0
1/12/2020 3:00,0,0,0
1/12/2020 4:00,0,0,0
1/12/2020 5:00,1,0,1
1/12/2020 6:00,0,0,0
1/12/2020 7:00,2,0,2
1/12/2020 8:00,4,2,2
1/12/2020 9:00,3,2,1
1/12/2020 10:00,2,0,2
1/12/2020 11:00,4,2,2
1/12/2020 12:00,5,3,2
1/12/2020 13:00,4,1,3
1/12/2020 14:00,9,5,4
1/12/2020 15:00,7,3,4
1/12/2020 16:00,5,2,3
1/12/2020 17:00,3,3,0
1/12/2020 18:00,2,1,1
1/12/2020 19:00,3,2,1
1/12/2020 20:00,1,1,0
1/12/2020 21:00,1,0,1
1/12/2020 22:00,0,0,0
1/12/2020 23:00,0,0,0
1/13/2020 0:00,0,0,0
1/13/2020 1:00,0,0,0
1/13/2020 2:00,0,0,0
1/13/2020 3:00,1,0,1
1/13/2020 4:00,0,0,0
1/13/2020 5:00,0,0,0
1/13/2020 6:00,1,1,0
1/13/2020 7:00,1,1,0
1/13/2020 8:00,3,3,0
1/13/2020 9:00,2,1,1
1/13/2020 10:00,3,2,1
1/13/2020 11:00,0,0,0
1/13/2020 12:00,3,1,2
1/13/2020 13:00,3,2,1
1/13/2020 14:00,2,0,2
1/13/2020 15:00,1,1,0
1/13/2020 16:00,3,3,0
1/13/2020 17:00,2,0,2
1/13/2020 18:00,3,1,2
1/13/2020 19:00,0,0,0
1/13/2020 20:00,1,0,1
1/13/2020 21:00,0,0,0
1/13/2020 22:00,2,1,1
1/13/2020 23:00,0,0,0
1/14/2020 0:00,0,0,0
1/14/2020 1:00,0,0,0
1/14/2020 2:00,0,0,0
1/14/2020 3:00,0,0,0
1/14/2020 4:00,0,0,0
1/14/2020 5:00,0,0,0
1/14/2020 6:00,0,0,0
1/14/2020 7:00,0,0,0
1/14/2020 8:00,2,2,0
1/14/2020 9:00,3,2,1
1/14/2020 10:00,1,1,0
1/14/2020 11:00,0,0,0
1/14/2020 12:00,2,1,1
1/14/2020 13:00,1,1,0
1/14/2020 14:00,2,1,1
1/14/2020 15:00,1,1,0
1/14/2020 16:00,2,0,2
1/14/2020 17:00,2,0,2
1/14/2020 18:00,3,3,0
1/14/2020 19:00,2,1,1
1/14/2020 20:00,1,0,1
1/14/2020 21:00,0,0,0
1/14/2020 22:00,0,0,0
1/14/2020 23:00,0,0,0
1/15/2020 0:00,1,0,1
1/15/2020 1:00,0,0,0
1/15/2020 2:00,0,0,0
1/15/2020 3:00,0,0,0
1/15/2020 4:00,0,0,0
1/15/2020 5:00,0,0,0
1/15/2020 6:00,0,0,0
1/15/2020 7:00,2,2,0
1/15/2020 8:00,2,2,0
1/15/2020 9:00,0,0,0
1/15/2020 10:00,2,1,1
1/15/2020 11:00,0,0,0
1/15/2020 12:00,1,0,1
1/15/2020 13:00,2,0,2
1/15/2020 14:00,2,1,1
1/15/2020 15:00,0,0,0
1/15/2020 16:00,1,0,1
1/15/2020 17:00,3,0,3
1/15/2020 18:00,3,1,2
1/15/2020 19:00,0,0,0
1/15/2020 20:00,3,2,1
1/15/2020 21:00,1,1,0
1/15/2020 22:00,0,0,0
1/15/2020 23:00,0,0,0
1/16/2020 0:00,0,0,0
1/16/2020 1:00,0,0,0
1/16/2020 2:00,0,0,0
1/16/2020 3:00,0,0,0
1/16/2020 4:00,0,0,0
1/16/2020 5:00,0,0,0
1/16/2020 6:00,1,1,0
1/16/2020 7:00,4,3,1
1/16/2020 8:00,8,5,3
1/16/2020 9:00,1,1,0
1/16/2020 10:00,2,1,1
1/16/2020 11:00,3,2,1
1/16/2020 12:00,8,5,3
1/16/2020 13:00,9,3,6
1/16/2020 14:00,3,2,1
1/16/2020 15:00,7,3,4
1/16/2020 16:00,3,1,2
1/16/2020 17:00,5,0,5
1/16/2020 18:00,5,3,2
1/16/2020 19:00,3,2,1
1/16/2020 20:00,4,2,2
1/16/2020 21:00,2,1,1
1/16/2020 22:00,1,0,1
1/16/2020 23:00,1,0,1
1/17/2020 0:00,1,0,1
1/17/2020 1:00,0,0,0
1/17/2020 2:00,0,0,0
1/17/2020 3:00,0,0,0
1/17/2020 4:00,1,0,1
1/17/2020 5:00,0,0,0
1/17/2020 6:00,0,0,0
1/17/2020 7:00,6,4,2
1/17/2020 8:00,11,7,4
1/17/2020 9:00,3,1,2
1/17/2020 10:00,2,0,2
1/17/2020 11:00,3,1,2
1/17/2020 12:00,2,2,0
1/17/2020 13:00,2,2,0
1/17/2020 14:00,3,2,1
1/17/2020 15:00,0,0,0
1/17/2020 16:00,2,1,1
1/17/2020 17:00,0,0,0
1/17/2020 18:00,0,0,0
1/17/2020 19:00,0,0,0
1/17/2020 20:00,0,0,0
1/17/2020 21:00,0,0,0
1/17/2020 22:00,0,0,0
1/17/2020 23:00,1,0,1
1/18/2020 0:00,1,0,1
1/18/2020 1:00,0,0,0
1/18/2020 2:00,0,0,0
1/18/2020 3:00,0,0,0
1/18/2020 4:00,0,0,0
1/18/2020 5:00,0,0,0
1/18/2020 6:00,0,0,0
1/18/2020 7:00,0,0,0
1/18/2020 8:00,0,0,0
1/18/2020 9:00,2,1,1
1/18/2020 10:00,3,2,1
1/18/2020 11:00,1,0,1
1/18/2020 12:00,4,1,3
1/18/2020 13:00,4,2,2
1/18/2020 14:00,2,1,1
1/18/2020 15:00,4,2,2
1/18/2020 16:00,9,4,5
1/18/2020 17:00,4,3,1
1/18/2020 18:00,1,1,0
1/18/2020 19:00,2,1,1
1/18/2020 20:00,2,2,0
1/18/2020 21:00,4,3,1
1/18/2020 22:00,0,0,0
1/18/2020 23:00,0,0,0
1/19/2020 0:00,0,0,0
1/19/2020 1:00,2,2,0
1/19/2020 2:00,0,0,0
1/19/2020 3:00,0,0,0
1/19/2020 4:00,1,1,0
1/19/2020 5:00,0,0,0
1/19/2020 6:00,0,0,0
1/19/2020 7:00,1,1,0
1/19/2020 8:00,0,0,0
1/19/2020 9:00,2,0,2
1/19/2020 10:00,3,0,3
1/19/2020 11:00,3,1,2
1/19/2020 12:00,7,3,4
1/19/2020 13:00,3,2,1
1/19/2020 14:00,4,1,3
1/19/2020 15:00,4,1,3
1/19/2020 16:00,7,6,1
1/19/2020 17:00,5,4,1
1/19/2020 18:00,0,0,0
1/19/2020 19:00,1,0,1
1/19/2020 20:00,3,1,2
1/19/2020 21:00,0,0,0
1/19/2020 22:00,0,0,0
1/19/2020 23:00,0,0,0
1/20/2020 0:00,0,0,0
1/20/2020 1:00,0,0,0
1/20/2020 2:00,0,0,0
1/20/2020 3:00,1,1,0
1/20/2020 4:00,0,0,0
1/20/2020 5:00,0,0,0
1/20/2020 6:00,1,1,0
1/20/2020 7:00,2,2,0
1/20/2020 8:00,5,3,2
1/20/2020 9:00,2,0,2
1/20/2020 10:00,3,1,2
1/20/2020 11:00,2,2,0
1/20/2020 12:00,5,1,4
1/20/2020 13:00,5,3,2
1/20/2020 14:00,4,2,2
1/20/2020 15:00,4,2,2
1/20/2020 16:00,8,4,4
1/20/2020 17:00,8,6,2
1/20/2020 18:00,4,2,2
1/20/2020 19:00,7,5,2
1/20/2020 20:00,1,1,0
1/20/2020 21:00,2,2,0
1/20/2020 22:00,2,2,0
1/20/2020 23:00,0,0,0
1/21/2020 0:00,0,0,0
1/21/2020 1:00,0,0,0
1/21/2020 2:00,0,0,0
1/21/2020 3:00,0,0,0
1/21/2020 4:00,0,0,0
1/21/2020 5:00,0,0,0
1/21/2020 6:00,2,1,1
1/21/2020 7:00,1,1,0
1/21/2020 8:00,6,6,0
1/21/2020 9:00,8,3,5
1/21/2020 10:00,5,4,1
1/21/2020 11:00,1,1,0
1/21/2020 12:00,5,3,2
1/21/2020 13:00,3,3,0
1/21/2020 14:00,2,1,1
1/21/2020 15:00,3,2,1
1/21/2020 16:00,3,1,2
1/21/2020 17:00,9,3,6
1/21/2020 18:00,6,4,2
1/21/2020 19:00,3,2,1
1/21/2020 20:00,1,1,0
1/21/2020 21:00,1,1,0
1/21/2020 22:00,2,1,1
1/21/2020 23:00,0,0,0
1/22/2020 0:00,0,0,0
1/22/2020 1:00,0,0,0
1/22/2020 2:00,0,0,0
1/22/2020 3:00,1,0,1
1/22/2020 4:00,0,0,0
1/22/2020 5:00,0,0,0
1/22/2020 6:00,0,0,0
1/22/2020 7:00,2,1,1
1/22/2020 8:00,2,2,0
1/22/2020 9:00,4,3,1
1/22/2020 10:00,2,1,1
1/22/2020 11:00,0,0,0
1/22/2020 12:00,5,2,3
1/22/2020 13:00,7,5,2
1/22/2020 14:00,2,2,0
1/22/2020 15:00,5,4,1
1/22/2020 16:00,2,0,2
1/22/2020 17:00,4,1,3
1/22/2020 18:00,3,1,2
1/22/2020 19:00,3,3,0
1/22/2020 20:00,1,1,0
1/22/2020 21:00,2,1,1
1/22/2020 22:00,0,0,0
1/22/2020 23:00,0,0,0
1/23/2020 0:00,0,0,0
1/23/2020 1:00,0,0,0
1/23/2020 2:00,0,0,0
1/23/2020 3:00,0,0,0
1/23/2020 4:00,2,2,0
1/23/2020 5:00,0,0,0
1/23/2020 6:00,1,0,1
1/23/2020 7:00,2,2,0
1/23/2020 8:00,5,4,1
1/23/2020 9:00,3,2,1
1/23/2020 10:00,4,2,2
1/23/2020 11:00,3,0,3
1/23/2020 12:00,3,3,0
1/23/2020 13:00,0,0,0
1/23/2020 14:00,1,1,0
1/23/2020 15:00,2,1,1
1/23/2020 16:00,4,1,3
1/23/2020 17:00,9,3,6
1/23/2020 18:00,4,3,1
1/23/2020 19:00,5,3,2
1/23/2020 20:00,3,1,2
1/23/2020 21:00,2,1,1
1/23/2020 22:00,2,1,1
1/23/2020 23:00,0,0,0
1/24/2020 0:00,0,0,0
1/24/2020 1:00,0,0,0
1/24/2020 2:00,0,0,0
1/24/2020 3:00,0,0,0
1/24/2020 4:00,0,0,0
1/24/2020 5:00,0,0,0
1/24/2020 6:00,0,0,0
1/24/2020 7:00,3,2,1
1/24/2020 8:00,6,5,1
1/24/2020 9:00,3,2,1
1/24/2020 10:00,6,2,4
1/24/2020 11:00,4,3,1
1/24/2020 12:00,2,2,0
1/24/2020 13:00,2,2,0
1/24/2020 14:00,10,7,3
1/24/2020 15:00,5,1,4
1/24/2020 16:00,3,1,2
1/24/2020 17:00,6,0,6
1/24/2020 18:00,1,0,1
1/24/2020 19:00,2,1,1
1/24/2020 20:00,3,3,0
1/24/2020 21:00,0,0,0
1/24/2020 22:00,0,0,0
1/24/2020 23:00,0,0,0
1/25/2020 0:00,2,0,2
1/25/2020 1:00,0,0,0
1/25/2020 2:00,0,0,0
1/25/2020 3:00,0,0,0
1/25/2020 4:00,0,0,0
1/25/2020 5:00,0,0,0
1/25/2020 6:00,0,0,0
1/25/2020 7:00,1,1,0
1/25/2020 8:00,1,1,0
1/25/2020 9:00,1,1,0
1/25/2020 10:00,8,3,5
1/25/2020 11:00,9,2,7
1/25/2020 12:00,4,1,3
1/25/2020 13:00,7,3,4
1/25/2020 14:00,6,3,3
1/25/2020 15:00,3,1,2
1/25/2020 16:00,5,4,1
1/25/2020 17:00,5,3,2
1/25/2020 18:00,0,0,0
1/25/2020 19:00,0,0,0
1/25/2020 20:00,1,1,0
1/25/2020 21:00,0,0,0
1/25/2020 22:00,0,0,0
1/25/2020 23:00,2,2,0
1/26/2020 0:00,1,0,1
1/26/2020 1:00,0,0,0
1/26/2020 2:00,0,0,0
1/26/2020 3:00,0,0,0
1/26/2020 4:00,0,0,0
1/26/2020 5:00,0,0,0
1/26/2020 6:00,1,0,1
1/26/2020 7:00,1,1,0
1/26/2020 8:00,0,0,0
1/26/2020 9:00,4,1,3
1/26/2020 10:00,7,3,4
1/26/2020 11:00,13,6,7
1/26/2020 12:00,6,3,3
1/26/2020 13:00,10,7,3
1/26/2020 14:00,9,4,5
1/26/2020 15:00,15,10,5
1/26/2020 16:00,9,4,5
1/26/2020 17:00,2,2,0
1/26/2020 18:00,3,2,1
1/26/2020 19:00,1,0,1
1/26/2020 20:00,0,0,0
1/26/2020 21:00,1,0,1
1/26/2020 22:00,0,0,0
1/26/2020 23:00,0,0,0
1/27/2020 0:00,0,0,0
1/27/2020 1:00,0,0,0
1/27/2020 2:00,0,0,0
1/27/2020 3:00,0,0,0
1/27/2020 4:00,1,0,1
1/27/2020 5:00,1,0,1
1/27/2020 6:00,0,0,0
1/27/2020 7:00,3,2,1
1/27/2020 8:00,7,4,3
1/27/2020 9:00,5,1,4
1/27/2020 10:00,4,1,3
1/27/2020 11:00,3,0,3
1/27/2020 12:00,4,3,1
1/27/2020 13:00,3,3,0
1/27/2020 14:00,2,1,1
1/27/2020 15:00,4,1,3
1/27/2020 16:00,2,1,1
1/27/2020 17:00,5,1,4
1/27/2020 18:00,7,3,4
1/27/2020 19:00,2,2,0
1/27/2020 20:00,0,0,0
1/27/2020 21:00,1,0,1
1/27/2020 22:00,0,0,0
1/27/2020 23:00,0,0,0
1/28/2020 0:00,0,0,0
1/28/2020 1:00,2,1,1
1/28/2020 2:00,0,0,0
1/28/2020 3:00,0,0,0
1/28/2020 4:00,0,0,0
1/28/2020 5:00,1,0,1
1/28/2020 6:00,0,0,0
1/28/2020 7:00,3,2,1
1/28/2020 8:00,9,5,4
1/28/2020 9:00,5,2,3
1/28/2020 10:00,1,0,1
1/28/2020 11:00,5,2,3
1/28/2020 12:00,1,0,1
1/28/2020 13:00,3,2,1
1/28/2020 14:00,2,1,1
1/28/2020 15:00,7,5,2
1/28/2020 16:00,6,1,5
1/28/2020 17:00,9,4,5
1/28/2020 18:00,5,1,4
1/28/2020 19:00,3,3,0
1/28/2020 20:00,5,2,3
1/28/2020 21:00,2,2,0
1/28/2020 22:00,1,0,1
1/28/2020 23:00,1,1,0
1/29/2020 0:00,1,0,1
1/29/2020 1:00,0,0,0
1/29/2020 2:00,0,0,0
1/29/2020 3:00,1,0,1
1/29/2020 4:00,0,0,0
1/29/2020 5:00,0,0,0
1/29/2020 6:00,0,0,0
1/29/2020 7:00,4,3,1
1/29/2020 8:00,3,3,0
1/29/2020 9:00,4,2,2
1/29/2020 10:00,4,3,1
1/29/2020 11:00,2,0,2
1/29/2020 12:00,6,3,3
1/29/2020 13:00,2,1,1
1/29/2020 14:00,1,0,1
1/29/2020 15:00,4,1,3
1/29/2020 16:00,5,2,3
1/29/2020 17:00,8,3,5
1/29/2020 18:00,4,2,2
1/29/2020 19:00,4,3,1
1/29/2020 20:00,2,0,2
1/29/2020 21:00,4,3,1
1/29/2020 22:00,1,0,1
1/29/2020 23:00,0,0,0
1/30/2020 0:00,2,1,1
1/30/2020 1:00,0,0,0
1/30/2020 2:00,0,0,0
1/30/2020 3:00,0,0,0
1/30/2020 4:00,0,0,0
1/30/2020 5:00,0,0,0
1/30/2020 6:00,0,0,0
1/30/2020 7:00,7,5,2
1/30/2020 8:00,4,3,1
1/30/2020 9:00,5,1,4
1/30/2020 10:00,8,5,3
1/30/2020 11:00,6,2,4
1/30/2020 12:00,4,2,2
1/30/2020 13:00,8,2,6
1/30/2020 14:00,9,1,8
1/30/2020 15:00,11,10,1
1/30/2020 16:00,3,1,2
1/30/2020 17:00,7,3,4
1/30/2020 18:00,6,3,3
1/30/2020 19:00,4,2,2
1/30/2020 20:00,3,2,1
1/30/2020 21:00,4,2,2
1/30/2020 22:00,1,0,1
1/30/2020 23:00,0,0,0
1/31/2020 0:00,0,0,0
1/31/2020 1:00,0,0,0
1/31/2020 2:00,0,0,0
1/31/2020 3:00,0,0,0
1/31/2020 4:00,0,0,0
1/31/2020 5:00,0,0,0
1/31/2020 6:00,0,0,0
1/31/2020 7:00,3,2,1
1/31/2020 8:00,9,6,3
1/31/2020 9:00,2,1,1
1/31/2020 10:00,3,2,1
1/31/2020 11:00,5,1,4
1/31/2020 12:00,2,2,0
1/31/2020 13:00,2,0,2
1/31/2020 14:00,0,0,0
1/31/2020 15:00,1,0,1
1/31/2020 16:00,3,2,1
1/31/2020 17:00,4,3,1
1/31/2020 18:00,3,1,2
1/31/2020 19:00,2,2,0
1/31/2020 20:00,2,1,1
1/31/2020 21:00,0,0,0
1/31/2020 22:00,1,0,1
1/31/2020 23:00,1,0,1
2/1/2020 0:00,0,0,0
2/1/2020 1:00,0,0,0
2/1/2020 2:00,0,0,0
2/1/2020 3:00,0,0,0
2/1/2020 4:00,0,0,0
2/1/2020 5:00,0,0,0
2/1/2020 6:00,0,0,0
2/1/2020 7:00,0,0,0
2/1/2020 8:00,1,0,1
2/1/2020 9:00,4,1,3
2/1/2020 10:00,2,1,1
2/1/2020 11:00,2,1,1
2/1/2020 12:00,6,4,2
2/1/2020 13:00,3,3,0
2/1/2020 14:00,5,2,3
2/1/2020 15:00,1,0,1
2/1/2020 16:00,4,1,3
2/1/2020 17:00,4,3,1
2/1/2020 18:00,1,1,0
2/1/2020 19:00,1,1,0
2/1/2020 20:00,2,0,2
2/1/2020 21:00,1,1,0
2/1/2020 22:00,1,1,0
2/1/2020 23:00,0,0,0
2/2/2020 0:00,0,0,0
2/2/2020 1:00,0,0,0
2/2/2020 2:00,0,0,0
2/2/2020 3:00,1,0,1
2/2/2020 4:00,0,0,0
2/2/2020 5:00,1,0,1
2/2/2020 6:00,3,1,2
2/2/2020 7:00,1,1,0
2/2/2020 8:00,2,1,1
2/2/2020 9:00,3,0,3
2/2/2020 10:00,3,0,3
2/2/2020 11:00,7,1,6
2/2/2020 12:00,11,3,8
2/2/2020 13:00,9,3,6
2/2/2020 14:00,5,5,0
2/2/2020 15:00,7,4,3
2/2/2020 16:00,10,5,5
2/2/2020 17:00,2,1,1
2/2/2020 18:00,6,4,2
2/2/2020 19:00,2,1,1
2/2/2020 20:00,0,0,0
2/2/2020 21:00,1,1,0
2/2/2020 22:00,0,0,0
2/2/2020 23:00,0,0,0
2/3/2020 0:00,0,0,0
2/3/2020 1:00,0,0,0
2/3/2020 2:00,1,0,1
2/3/2020 3:00,2,0,2
2/3/2020 4:00,0,0,0
2/3/2020 5:00,0,0,0
2/3/2020 6:00,0,0,0
2/3/2020 7:00,9,8,1
2/3/2020 8:00,9,5,4
2/3/2020 9:00,2,1,1
2/3/2020 10:00,5,3,2
2/3/2020 11:00,1,1,0
2/3/2020 12:00,4,2,2
2/3/2020 13:00,4,4,0
2/3/2020 14:00,7,5,2
2/3/2020 15:00,6,0,6
2/3/2020 16:00,6,4,2
2/3/2020 17:00,11,4,7
2/3/2020 18:00,2,0,2
2/3/2020 19:00,1,0,1
2/3/2020 20:00,4,1,3
2/3/2020 21:00,3,3,0
2/3/2020 22:00,1,0,1
2/3/2020 23:00,0,0,0
2/4/2020 0:00,1,0,1
2/4/2020 1:00,0,0,0
2/4/2020 2:00,0,0,0
2/4/2020 3:00,0,0,0
2/4/2020 4:00,0,0,0
2/4/2020 5:00,0,0,0
2/4/2020 6:00,0,0,0
2/4/2020 7:00,3,3,0
2/4/2020 8:00,4,3,1
2/4/2020 9:00,4,1,3
2/4/2020 10:00,3,2,1
2/4/2020 11:00,4,3,1
2/4/2020 12:00,0,0,0
2/4/2020 13:00,2,1,1
2/4/2020 14:00,4,3,1
2/4/2020 15:00,4,4,0
2/4/2020 16:00,3,0,3
2/4/2020 17:00,10,3,7
2/4/2020 18:00,9,3,6
2/4/2020 19:00,2,1,1
2/4/2020 20:00,1,1,0
2/4/2020 21:00,3,2,1
2/4/2020 22:00,0,0,0
2/4/2020 23:00,1,0,1
2/5/2020 0:00,1,1,0
2/5/2020 1:00,0,0,0
2/5/2020 2:00,0,0,0
2/5/2020 3:00,0,0,0
2/5/2020 4:00,0,0,0
2/5/2020 5:00,0,0,0
2/5/2020 6:00,0,0,0
2/5/2020 7:00,2,2,0
2/5/2020 8:00,5,4,1
2/5/2020 9:00,2,1,1
2/5/2020 10:00,1,1,0
2/5/2020 11:00,0,0,0
2/5/2020 12:00,1,0,1
2/5/2020 13:00,1,0,1
2/5/2020 14:00,0,0,0
2/5/2020 15:00,1,1,0
2/5/2020 16:00,2,0,2
2/5/2020 17:00,3,1,2
2/5/2020 18:00,3,0,3
2/5/2020 19:00,2,1,1
2/5/2020 20:00,2,1,1
2/5/2020 21:00,3,2,1
2/5/2020 22:00,0,0,0
2/5/2020 23:00,3,2,1
2/6/2020 0:00,0,0,0
2/6/2020 1:00,1,1,0
2/6/2020 2:00,0,0,0
2/6/2020 3:00,1,0,1
2/6/2020 4:00,0,0,0
2/6/2020 5:00,0,0,0
2/6/2020 6:00,1,0,1
2/6/2020 7:00,2,2,0
2/6/2020 8:00,6,4,2
2/6/2020 9:00,4,1,3
2/6/2020 10:00,2,2,0
2/6/2020 11:00,2,0,2
2/6/2020 12:00,0,0,0
2/6/2020 13:00,1,1,0
2/6/2020 14:00,2,0,2
2/6/2020 15:00,3,2,1
2/6/2020 16:00,1,1,0
2/6/2020 17:00,6,2,4
2/6/2020 18:00,3,1,2
2/6/2020 19:00,4,2,2
2/6/2020 20:00,2,0,2
2/6/2020 21:00,1,1,0
2/6/2020 22:00,2,1,1
2/6/2020 23:00,0,0,0
2/7/2020 0:00,0,0,0
2/7/2020 1:00,1,0,1
2/7/2020 2:00,1,0,1
2/7/2020 3:00,0,0,0
2/7/2020 4:00,0,0,0
2/7/2020 5:00,0,0,0
2/7/2020 6:00,0,0,0
2/7/2020 7:00,5,3,2
2/7/2020 8:00,4,4,0
2/7/2020 9:00,2,2,0
2/7/2020 10:00,2,1,1
2/7/2020 11:00,2,0,2
2/7/2020 12:00,3,1,2
2/7/2020 13:00,1,0,1
2/7/2020 14:00,3,3,0
2/7/2020 15:00,0,0,0
2/7/2020 16:00,4,1,3
2/7/2020 17:00,6,2,4
2/7/2020 18:00,4,2,2
2/7/2020 19:00,4,1,3
2/7/2020 20:00,1,0,1
2/7/2020 21:00,1,1,0
2/7/2020 22:00,0,0,0
2/7/2020 23:00,0,0,0
2/8/2020 0:00,1,1,0
2/8/2020 1:00,1,0,1
2/8/2020 2:00,0,0,0
2/8/2020 3:00,0,0,0
2/8/2020 4:00,0,0,0
2/8/2020 5:00,0,0,0
2/8/2020 6:00,0,0,0
2/8/2020 7:00,2,2,0
2/8/2020 8:00,1,0,1
2/8/2020 9:00,2,1,1
2/8/2020 10:00,5,2,3
2/8/2020 11:00,13,8,5
2/8/2020 12:00,9,4,5
2/8/2020 13:00,4,4,0
2/8/2020 14:00,3,2,1
2/8/2020 15:00,4,3,1
2/8/2020 16:00,3,3,0
2/8/2020 17:00,7,1,6
2/8/2020 18:00,2,0,2
2/8/2020 19:00,3,2,1
2/8/2020 20:00,2,1,1
2/8/2020 21:00,0,0,0
2/8/2020 22:00,1,1,0
2/8/2020 23:00,2,1,1
2/9/2020 0:00,0,0,0
2/9/2020 1:00,0,0,0
2/9/2020 2:00,0,0,0
2/9/2020 3:00,0,0,0
2/9/2020 4:00,0,0,0
2/9/2020 5:00,0,0,0
2/9/2020 6:00,0,0,0
2/9/2020 7:00,3,1,2
2/9/2020 8:00,1,1,0
2/9/2020 9:00,1,0,1
2/9/2020 10:00,3,1,2
2/9/2020 11:00,11,3,8
2/9/2020 12:00,2,1,1
2/9/2020 13:00,15,6,9
2/9/2020 14:00,14,7,7
2/9/2020 15:00,6,3,3
2/9/2020 16:00,21,9,12
2/9/2020 17:00,9,6,3
2/9/2020 18:00,6,5,1
2/9/2020 19:00,3,3,0
2/9/2020 20:00,2,0,2
2/9/2020 21:00,0,0,0
2/9/2020 22:00,2,1,1
2/9/2020 23:00,0,0,0
2/10/2020 0:00,0,0,0
2/10/2020 1:00,0,0,0
2/10/2020 2:00,1,1,0
2/10/2020 3:00,1,0,1
2/10/2020 4:00,0,0,0
2/10/2020 5:00,0,0,0
2/10/2020 6:00,1,1,0
2/10/2020 7:00,4,4,0
2/10/2020 8:00,5,3,2
2/10/2020 9:00,3,1,2
2/10/2020 10:00,3,1,2
2/10/2020 11:00,5,2,3
2/10/2020 12:00,2,1,1
2/10/2020 13:00,7,1,6
2/10/2020 14:00,9,5,4
2/10/2020 15:00,8,4,4
2/10/2020 16:00,11,6,5
2/10/2020 17:00,12,1,11
2/10/2020 18:00,11,6,5
2/10/2020 19:00,2,1,1
2/10/2020 20:00,0,0,0
2/10/2020 21:00,1,0,1
2/10/2020 22:00,1,0,1
2/10/2020 23:00,0,0,0
2/11/2020 0:00,0,0,0
2/11/2020 1:00,2,0,2
2/11/2020 2:00,0,0,0
2/11/2020 3:00,0,0,0
2/11/2020 4:00,0,0,0
2/11/2020 5:00,0,0,0
2/11/2020 6:00,0,0,0
2/11/2020 7:00,3,3,0
2/11/2020 8:00,6,5,1
2/11/2020 9:00,5,2,3
2/11/2020 10:00,5,4,1
2/11/2020 11:00,5,3,2
2/11/2020 12:00,3,2,1
2/11/2020 13:00,2,1,1
2/11/2020 14:00,9,4,5
2/11/2020 15:00,1,1,0
2/11/2020 16:00,6,3,3
2/11/2020 17:00,5,1,4
2/11/2020 18:00,13,3,10
2/11/2020 19:00,5,1,4
2/11/2020 20:00,6,2,4
2/11/2020 21:00,6,4,2
2/11/2020 22:00,1,1,0
2/11/2020 23:00,1,1,0
2/12/2020 0:00,0,0,0
2/12/2020 1:00,0,0,0
2/12/2020 2:00,0,0,0
2/12/2020 3:00,1,0,1
2/12/2020 4:00,0,0,0
2/12/2020 5:00,1,0,1
2/12/2020 6:00,0,0,0
2/12/2020 7:00,10,10,0
2/12/2020 8:00,6,4,2
2/12/2020 9:00,5,0,5
2/12/2020 10:00,4,3,1
2/12/2020 11:00,2,0,2
2/12/2020 12:00,4,3,1
2/12/2020 13:00,5,2,3
2/12/2020 14:00,3,2,1
2/12/2020 15:00,9,2,7
2/12/2020 16:00,7,5,2
2/12/2020 17:00,11,3,8
2/12/2020 18:00,8,2,6
2/12/2020 19:00,6,1,5
2/12/2020 20:00,1,1,0
2/12/2020 21:00,1,1,0
2/12/2020 22:00,0,0,0
2/12/2020 23:00,0,0,0
2/13/2020 0:00,0,0,0
2/13/2020 1:00,0,0,0
2/13/2020 2:00,0,0,0
2/13/2020 3:00,0,0,0
2/13/2020 4:00,0,0,0
2/13/2020 5:00,0,0,0
2/13/2020 6:00,2,2,0
2/13/2020 7:00,6,5,1
2/13/2020 8:00,4,2,2
2/13/2020 9:00,4,3,1
2/13/2020 10:00,3,2,1
2/13/2020 11:00,5,2,3
2/13/2020 12:00,2,0,2
2/13/2020 13:00,3,1,2
2/13/2020 14:00,2,1,1
2/13/2020 15:00,4,2,2
2/13/2020 16:00,4,0,4
2/13/2020 17:00,2,0,2
2/13/2020 18:00,6,0,6
2/13/2020 19:00,5,4,1
2/13/2020 20:00,5,2,3
2/13/2020 21:00,1,0,1
2/13/2020 22:00,1,0,1
2/13/2020 23:00,1,0,1
2/14/2020 0:00,0,0,0
2/14/2020 1:00,0,0,0
2/14/2020 2:00,0,0,0
2/14/2020 3:00,0,0,0
2/14/2020 4:00,0,0,0
2/14/2020 5:00,0,0,0
2/14/2020 6:00,1,0,1
2/14/2020 7:00,7,5,2
2/14/2020 8:00,8,6,2
2/14/2020 9:00,5,3,2
2/14/2020 10:00,3,2,1
2/14/2020 11:00,5,3,2
2/14/2020 12:00,4,0,4
2/14/2020 13:00,8,4,4
2/14/2020 14:00,7,6,1
2/14/2020 15:00,10,5,5
2/14/2020 16:00,8,3,5
2/14/2020 17:00,7,4,3
2/14/2020 18:00,6,4,2
2/14/2020 19:00,6,5,1
2/14/2020 20:00,2,1,1
2/14/2020 21:00,0,0,0
2/14/2020 22:00,0,0,0
2/14/2020 23:00,1,0,1
2/15/2020 0:00,0,0,0
2/15/2020 1:00,1,0,1
2/15/2020 2:00,0,0,0
2/15/2020 3:00,0,0,0
2/15/2020 4:00,0,0,0
2/15/2020 5:00,1,0,1
2/15/2020 6:00,0,0,0
2/15/2020 7:00,1,1,0
2/15/2020 8:00,1,1,0
2/15/2020 9:00,4,1,3
2/15/2020 10:00,2,1,1
2/15/2020 11:00,2,1,1
2/15/2020 12:00,3,1,2
2/15/2020 13:00,5,2,3
2/15/2020 14:00,6,3,3
2/15/2020 15:00,11,5,6
2/15/2020 16:00,1,1,0
2/15/2020 17:00,2,0,2
2/15/2020 18:00,3,3,0
2/15/2020 19:00,4,2,2
2/15/2020 20:00,0,0,0
2/15/2020 21:00,0,0,0
2/15/2020 22:00,0,0,0
2/15/2020 23:00,1,0,1
2/16/2020 0:00,0,0,0
2/16/2020 1:00,0,0,0
2/16/2020 2:00,0,0,0
2/16/2020 3:00,0,0,0
2/16/2020 4:00,0,0,0
2/16/2020 5:00,0,0,0
2/16/2020 6:00,0,0,0
2/16/2020 7:00,1,1,0
2/16/2020 8:00,1,1,0
2/16/2020 9:00,3,3,0
2/16/2020 10:00,4,2,2
2/16/2020 11:00,1,0,1
2/16/2020 12:00,12,2,10
2/16/2020 13:00,8,5,3
2/16/2020 14:00,4,3,1
2/16/2020 15:00,6,4,2
2/16/2020 16:00,5,1,4
2/16/2020 17:00,4,2,2
2/16/2020 18:00,2,2,0
2/16/2020 19:00,1,1,0
2/16/2020 20:00,0,0,0
2/16/2020 21:00,0,0,0
2/16/2020 22:00,1,0,1
2/16/2020 23:00,0,0,0
2/17/2020 0:00,0,0,0
2/17/2020 1:00,0,0,0
2/17/2020 2:00,0,0,0
2/17/2020 3:00,1,0,1
2/17/2020 4:00,0,0,0
2/17/2020 5:00,0,0,0
2/17/2020 6:00,3,2,1
2/17/2020 7:00,6,6,0
2/17/2020 8:00,2,1,1
2/17/2020 9:00,4,1,3
2/17/2020 10:00,5,3,2
2/17/2020 11:00,4,2,2
2/17/2020 12:00,7,3,4
2/17/2020 13:00,8,4,4
2/17/2020 14:00,6,4,2
2/17/2020 15:00,13,3,10
2/17/2020 16:00,12,6,6
2/17/2020 17:00,7,1,6
2/17/2020 18:00,6,4,2
2/17/2020 19:00,5,3,2
2/17/2020 20:00,1,0,1
2/17/2020 21:00,0,0,0
2/17/2020 22:00,2,1,1
2/17/2020 23:00,0,0,0
2/18/2020 0:00,0,0,0
2/18/2020 1:00,0,0,0
2/18/2020 2:00,0,0,0
2/18/2020 3:00,0,0,0
2/18/2020 4:00,0,0,0
2/18/2020 5:00,0,0,0
2/18/2020 6:00,0,0,0
2/18/2020 7:00,3,1,2
2/18/2020 8:00,6,4,2
2/18/2020 9:00,3,1,2
2/18/2020 10:00,2,1,1
2/18/2020 11:00,2,1,1
2/18/2020 12:00,4,4,0
2/18/2020 13:00,3,1,2
2/18/2020 14:00,10,5,5
2/18/2020 15:00,6,3,3
2/18/2020 16:00,4,2,2
2/18/2020 17:00,10,3,7
2/18/2020 18:00,11,6,5
2/18/2020 19:00,5,3,2
2/18/2020 20:00,1,1,0
2/18/2020 21:00,0,0,0
2/18/2020 22:00,3,1,2
2/18/2020 23:00,2,1,1
2/19/2020 0:00,0,0,0
2/19/2020 1:00,0,0,0
2/19/2020 2:00,0,0,0
2/19/2020 3:00,0,0,0
2/19/2020 4:00,0,0,0
2/19/2020 5:00,1,1,0
2/19/2020 6:00,1,1,0
2/19/2020 7:00,5,5,0
2/19/2020 8:00,5,4,1
2/19/2020 9:00,6,2,4
2/19/2020 10:00,1,0,1
2/19/2020 11:00,1,0,1
2/19/2020 12:00,5,2,3
2/19/2020 13:00,8,4,4
2/19/2020 14:00,7,3,4
2/19/2020 15:00,8,4,4
2/19/2020 16:00,6,3,3
2/19/2020 17:00,13,3,10
2/19/2020 18:00,7,2,5
2/19/2020 19:00,7,6,1
2/19/2020 20:00,3,2,1
2/19/2020 21:00,1,1,0
2/19/2020 22:00,1,0,1
2/19/2020 23:00,0,0,0
2/20/2020 0:00,0,0,0
2/20/2020 1:00,0,0,0
2/20/2020 2:00,0,0,0
2/20/2020 3:00,1,0,1
2/20/2020 4:00,0,0,0
2/20/2020 5:00,0,0,0
2/20/2020 6:00,1,0,1
2/20/2020 7:00,4,4,0
2/20/2020 8:00,9,6,3
2/20/2020 9:00,9,2,7
2/20/2020 10:00,2,1,1
2/20/2020 11:00,5,3,2
2/20/2020 12:00,4,2,2
2/20/2020 13:00,8,2,6
2/20/2020 14:00,3,0,3
2/20/2020 15:00,5,3,2
2/20/2020 16:00,10,6,4
2/20/2020 17:00,10,4,6
2/20/2020 18:00,7,6,1
2/20/2020 19:00,4,1,3
2/20/2020 20:00,2,1,1
2/20/2020 21:00,1,0,1
2/20/2020 22:00,0,0,0
2/20/2020 23:00,0,0,0
2/21/2020 0:00,0,0,0
2/21/2020 1:00,0,0,0
2/21/2020 2:00,0,0,0
2/21/2020 3:00,0,0,0
2/21/2020 4:00,0,0,0
2/21/2020 5:00,0,0,0
2/21/2020 6:00,0,0,0
2/21/2020 7:00,4,3,1
2/21/2020 8:00,4,1,3
2/21/2020 9:00,4,1,3
2/21/2020 10:00,5,1,4
2/21/2020 11:00,1,0,1
2/21/2020 12:00,6,0,6
2/21/2020 13:00,5,3,2
2/21/2020 14:00,6,2,4
2/21/2020 15:00,9,2,7
2/21/2020 16:00,13,7,6
2/21/2020 17:00,8,5,3
2/21/2020 18:00,3,2,1
2/21/2020 19:00,3,2,1
2/21/2020 20:00,2,2,0
2/21/2020 21:00,3,1,2
2/21/2020 22:00,1,1,0
2/21/2020 23:00,1,1,0
2/22/2020 0:00,1,1,0
2/22/2020 1:00,0,0,0
2/22/2020 2:00,0,0,0
2/22/2020 3:00,0,0,0
2/22/2020 4:00,0,0,0
2/22/2020 5:00,1,0,1
2/22/2020 6:00,0,0,0
2/22/2020 7:00,0,0,0
2/22/2020 8:00,0,0,0
2/22/2020 9:00,1,0,1
2/22/2020 10:00,3,0,3
2/22/2020 11:00,5,3,2
2/22/2020 12:00,2,0,2
2/22/2020 13:00,10,4,6
2/22/2020 14:00,13,10,3
2/22/2020 15:00,11,6,5
2/22/2020 16:00,7,1,6
2/22/2020 17:00,5,1,4
2/22/2020 18:00,4,0,4
2/22/2020 19:00,3,1,2
2/22/2020 20:00,2,1,1
2/22/2020 21:00,1,1,0
2/22/2020 22:00,1,1,0
2/22/2020 23:00,0,0,0
2/23/2020 0:00,0,0,0
2/23/2020 1:00,0,0,0
2/23/2020 2:00,0,0,0
2/23/2020 3:00,0,0,0
2/23/2020 4:00,1,0,1
2/23/2020 5:00,0,0,0
2/23/2020 6:00,1,0,1
2/23/2020 7:00,5,4,1
2/23/2020 8:00,4,1,3
2/23/2020 9:00,1,0,1
2/23/2020 10:00,1,0,1
2/23/2020 11:00,4,0,4
2/23/2020 12:00,10,5,5
2/23/2020 13:00,11,7,4
2/23/2020 14:00,6,4,2
2/23/2020 15:00,5,4,1
2/23/2020 16:00,10,2,8
2/23/2020 17:00,12,8,4
2/23/2020 18:00,3,2,1
2/23/2020 19:00,0,0,0
2/23/2020 20:00,1,0,1
2/23/2020 21:00,0,0,0
2/23/2020 22:00,0,0,0
2/23/2020 23:00,0,0,0
2/24/2020 0:00,1,0,1
2/24/2020 1:00,0,0,0
2/24/2020 2:00,0,0,0
2/24/2020 3:00,1,0,1
2/24/2020 4:00,0,0,0
2/24/2020 5:00,1,0,1
2/24/2020 6:00,0,0,0
2/24/2020 7:00,6,6,0
2/24/2020 8:00,4,2,2
2/24/2020 9:00,3,1,2
2/24/2020 10:00,3,1,2
2/24/2020 11:00,3,2,1
2/24/2020 12:00,5,2,3
2/24/2020 13:00,4,2,2
2/24/2020 14:00,8,4,4
2/24/2020 15:00,2,1,1
2/24/2020 16:00,4,2,2
2/24/2020 17:00,6,2,4
2/24/2020 18:00,7,2,5
2/24/2020 19:00,3,1,2
2/24/2020 20:00,1,0,1
2/24/2020 21:00,1,1,0
2/24/2020 22:00,0,0,0
2/24/2020 23:00,0,0,0
2/25/2020 0:00,0,0,0
2/25/2020 1:00,0,0,0
2/25/2020 2:00,0,0,0
2/25/2020 3:00,0,0,0
2/25/2020 4:00,0,0,0
2/25/2020 5:00,0,0,0
2/25/2020 6:00,3,2,1
2/25/2020 7:00,4,4,0
2/25/2020 8:00,11,8,3
2/25/2020 9:00,6,1,5
2/25/2020 10:00,4,1,3
2/25/2020 11:00,1,1,0
2/25/2020 12:00,2,2,0
2/25/2020 13:00,1,0,1
2/25/2020 14:00,4,2,2
2/25/2020 15:00,10,4,6
2/25/2020 16:00,6,2,4
2/25/2020 17:00,8,4,4
2/25/2020 18:00,11,4,7
2/25/2020 19:00,4,0,4
2/25/2020 20:00,3,2,1
2/25/2020 21:00,2,1,1
2/25/2020 22:00,2,2,0
2/25/2020 23:00,0,0,0
2/26/2020 0:00,1,0,1
2/26/2020 1:00,0,0,0
2/26/2020 2:00,1,1,0
2/26/2020 3:00,0,0,0
2/26/2020 4:00,1,0,1
2/26/2020 5:00,1,1,0
2/26/2020 6:00,1,1,0
2/26/2020 7:00,9,8,1
2/26/2020 8:00,5,4,1
2/26/2020 9:00,5,2,3
2/26/2020 10:00,4,2,2
2/26/2020 11:00,3,0,3
2/26/2020 12:00,6,1,5
2/26/2020 13:00,8,5,3
2/26/2020 14:00,4,2,2
2/26/2020 15:00,11,4,7
2/26/2020 16:00,9,4,5
2/26/2020 17:00,14,6,8
2/26/2020 18:00,8,2,6
2/26/2020 19:00,5,2,3
2/26/2020 20:00,2,1,1
2/26/2020 21:00,3,0,3
2/26/2020 22:00,3,1,2
2/26/2020 23:00,3,2,1
2/27/2020 0:00,0,0,0
2/27/2020 1:00,1,1,0
2/27/2020 2:00,1,0,1
2/27/2020 3:00,0,0,0
2/27/2020 4:00,1,1,0
2/27/2020 5:00,0,0,0
2/27/2020 6:00,4,2,2
2/27/2020 7:00,5,3,2
2/27/2020 8:00,5,3,2
2/27/2020 9:00,6,5,1
2/27/2020 10:00,5,3,2
2/27/2020 11:00,5,1,4
2/27/2020 12:00,5,1,4
2/27/2020 13:00,5,3,2
2/27/2020 14:00,5,3,2
2/27/2020 15:00,8,4,4
2/27/2020 16:00,7,4,3
2/27/2020 17:00,20,7,13
2/27/2020 18:00,11,6,5
2/27/2020 19:00,6,4,2
2/27/2020 20:00,5,4,1
2/27/2020 21:00,3,1,2
2/27/2020 22:00,1,1,0
2/27/2020 23:00,0,0,0
2/28/2020 0:00,0,0,0
2/28/2020 1:00,0,0,0
2/28/2020 2:00,1,1,0
2/28/2020 3:00,0,0,0
2/28/2020 4:00,0,0,0
2/28/2020 5:00,1,0,1
2/28/2020 6:00,0,0,0
2/28/2020 7:00,5,3,2
2/28/2020 8:00,5,3,2
2/28/2020 9:00,6,3,3
2/28/2020 10:00,0,0,0
2/28/2020 11:00,2,0,2
2/28/2020 12:00,5,2,3
2/28/2020 13:00,5,4,1
2/28/2020 14:00,7,4,3
2/28/2020 15:00,3,1,2
2/28/2020 16:00,6,0,6
2/28/2020 17:00,5,4,1
2/28/2020 18:00,5,3,2
2/28/2020 19:00,2,0,2
2/28/2020 20:00,4,1,3
2/28/2020 21:00,1,1,0
2/28/2020 22:00,0,0,0
2/28/2020 23:00,0,0,0
2/29/2020 0:00,0,0,0
2/29/2020 1:00,0,0,0
2/29/2020 2:00,0,0,0
2/29/2020 3:00,0,0,0
2/29/2020 4:00,0,0,0
2/29/2020 5:00,0,0,0
2/29/2020 6:00,0,0,0
2/29/2020 7:00,2,1,1
2/29/2020 8:00,0,0,0
2/29/2020 9:00,0,0,0
2/29/2020 10:00,4,2,2
2/29/2020 11:00,12,2,10
2/29/2020 12:00,3,1,2
2/29/2020 13:00,9,4,5
2/29/2020 14:00,12,6,6
2/29/2020 15:00,16,5,11
2/29/2020 16:00,8,4,4
2/29/2020 17:00,8,5,3
2/29/2020 18:00,3,3,0
2/29/2020 19:00,1,0,1
2/29/2020 20:00,1,0,1
2/29/2020 21:00,1,1,0
2/29/2020 22:00,0,0,0
2/29/2020 23:00,0,0,0
3/1/2020 0:00,0,0,0
3/1/2020 1:00,1,1,0
3/1/2020 2:00,0,0,0
3/1/2020 3:00,0,0,0
3/1/2020 4:00,0,0,0
3/1/2020 5:00,0,0,0
3/1/2020 6:00,0,0,0
3/1/2020 7:00,3,3,0
3/1/2020 8:00,2,1,1
3/1/2020 9:00,5,1,4
3/1/2020 10:00,6,4,2
3/1/2020 11:00,9,6,3
3/1/2020 12:00,7,1,6
3/1/2020 13:00,12,7,5
3/1/2020 14:00,12,7,5
3/1/2020 15:00,6,2,4
3/1/2020 16:00,9,4,5
3/1/2020 17:00,2,0,2
3/1/2020 18:00,5,4,1
3/1/2020 19:00,2,1,1
3/1/2020 20:00,3,2,1
3/1/2020 21:00,0,0,0
3/1/2020 22:00,0,0,0
3/1/2020 23:00,1,1,0
3/2/2020 0:00,1,1,0
3/2/2020 1:00,0,0,0
3/2/2020 2:00,0,0,0
3/2/2020 3:00,1,0,1
3/2/2020 4:00,0,0,0
3/2/2020 5:00,1,0,1
3/2/2020 6:00,1,1,0
3/2/2020 7:00,4,4,0
3/2/2020 8:00,6,2,4
3/2/2020 9:00,3,1,2
3/2/2020 10:00,1,1,0
3/2/2020 11:00,2,1,1
3/2/2020 12:00,1,0,1
3/2/2020 13:00,2,1,1
3/2/2020 14:00,4,2,2
3/2/2020 15:00,2,2,0
3/2/2020 16:00,5,0,5
3/2/2020 17:00,7,3,4
3/2/2020 18:00,4,1,3
3/2/2020 19:00,5,3,2
3/2/2020 20:00,3,2,1
3/2/2020 21:00,0,0,0
3/2/2020 22:00,0,0,0
3/2/2020 23:00,1,1,0
3/3/2020 0:00,0,0,0
3/3/2020 1:00,0,0,0
3/3/2020 2:00,0,0,0
3/3/2020 3:00,1,0,1
3/3/2020 4:00,0,0,0
3/3/2020 5:00,0,0,0
3/3/2020 6:00,1,1,0
3/3/2020 7:00,4,2,2
3/3/2020 8:00,10,7,3
3/3/2020 9:00,6,3,3
3/3/2020 10:00,3,3,0
3/3/2020 11:00,4,1,3
3/3/2020 12:00,7,2,5
3/3/2020 13:00,2,1,1
3/3/2020 14:00,6,2,4
3/3/2020 15:00,8,6,2
3/3/2020 16:00,8,4,4
3/3/2020 17:00,13,7,6
3/3/2020 18:00,4,1,3
3/3/2020 19:00,7,1,6
3/3/2020 20:00,3,1,2
3/3/2020 21:00,3,2,1
3/3/2020 22:00,0,0,0
3/3/2020 23:00,0,0,0
3/4/2020 0:00,0,0,0
3/4/2020 1:00,0,0,0
3/4/2020 2:00,0,0,0
3/4/2020 3:00,0,0,0
3/4/2020 4:00,0,0,0
3/4/2020 5:00,0,0,0
3/4/2020 6:00,0,0,0
3/4/2020 7:00,5,4,1
3/4/2020 8:00,3,3,0
3/4/2020 9:00,7,1,6
3/4/2020 10:00,6,4,2
3/4/2020 11:00,5,2,3
3/4/2020 12:00,15,6,9
3/4/2020 13:00,7,6,1
3/4/2020 14:00,13,1,12
3/4/2020 15:00,5,2,3
3/4/2020 16:00,4,2,2
3/4/2020 17:00,12,4,8
3/4/2020 18:00,8,1,7
3/4/2020 19:00,4,4,0
3/4/2020 20:00,1,0,1
3/4/2020 21:00,1,0,1
3/4/2020 22:00,1,1,0
3/4/2020 23:00,1,0,1
3/5/2020 0:00,0,0,0
3/5/2020 1:00,0,0,0
3/5/2020 2:00,0,0,0
3/5/2020 3:00,0,0,0
3/5/2020 4:00,1,1,0
3/5/2020 5:00,0,0,0
3/5/2020 6:00,0,0,0
3/5/2020 7:00,5,3,2
3/5/2020 8:00,4,2,2
3/5/2020 9:00,3,3,0
3/5/2020 10:00,8,3,5
3/5/2020 11:00,3,0,3
3/5/2020 12:00,5,0,5
3/5/2020 13:00,12,6,6
3/5/2020 14:00,8,4,4
3/5/2020 15:00,4,2,2
3/5/2020 16:00,6,1,5
3/5/2020 17:00,4,1,3
3/5/2020 18:00,6,3,3
3/5/2020 19:00,3,0,3
3/5/2020 20:00,1,1,0
3/5/2020 21:00,1,0,1
3/5/2020 22:00,1,0,1
3/5/2020 23:00,1,0,1
3/6/2020 0:00,0,0,0
3/6/2020 1:00,0,0,0
3/6/2020 2:00,0,0,0
3/6/2020 3:00,0,0,0
3/6/2020 4:00,0,0,0
3/6/2020 5:00,0,0,0
3/6/2020 6:00,1,1,0
3/6/2020 7:00,1,0,1
3/6/2020 8:00,3,2,1
3/6/2020 9:00,3,1,2
3/6/2020 10:00,7,2,5
3/6/2020 11:00,3,1,2
3/6/2020 12:00,2,1,1
3/6/2020 13:00,4,2,2
3/6/2020 14:00,5,3,2
3/6/2020 15:00,5,1,4
3/6/2020 16:00,9,3,6
3/6/2020 17:00,6,4,2
3/6/2020 18:00,1,0,1
3/6/2020 19:00,8,5,3
3/6/2020 20:00,2,0,2
3/6/2020 21:00,0,0,0
3/6/2020 22:00,1,1,0
3/6/2020 23:00,2,1,1
3/7/2020 0:00,0,0,0
3/7/2020 1:00,0,0,0
3/7/2020 2:00,3,2,1
3/7/2020 3:00,0,0,0
3/7/2020 4:00,0,0,0
3/7/2020 5:00,1,1,0
3/7/2020 6:00,0,0,0
3/7/2020 7:00,1,0,1
3/7/2020 8:00,0,0,0
3/7/2020 9:00,5,1,4
3/7/2020 10:00,10,6,4
3/7/2020 11:00,12,4,8
3/7/2020 12:00,2,0,2
3/7/2020 13:00,6,3,3
3/7/2020 14:00,6,6,0
3/7/2020 15:00,7,0,7
3/7/2020 16:00,5,4,1
3/7/2020 17:00,14,6,8
3/7/2020 18:00,4,3,1
3/7/2020 19:00,0,0,0
3/7/2020 20:00,1,1,0
3/7/2020 21:00,1,1,0
3/7/2020 22:00,0,0,0
3/7/2020 23:00,0,0,0
3/8/2020 0:00,2,2,0
3/8/2020 1:00,1,0,1
3/8/2020 2:00,0,0,0
3/8/2020 3:00,0,0,0
3/8/2020 4:00,1,0,1
3/8/2020 5:00,0,0,0
3/8/2020 6:00,0,0,0
3/8/2020 7:00,1,0,1
3/8/2020 8:00,1,0,1
3/8/2020 9:00,2,1,1
3/8/2020 10:00,7,1,6
3/8/2020 11:00,4,1,3
3/8/2020 12:00,10,2,8
3/8/2020 13:00,10,6,4
3/8/2020 14:00,7,0,7
3/8/2020 15:00,7,3,4
3/8/2020 16:00,11,6,5
3/8/2020 17:00,7,4,3
3/8/2020 18:00,6,5,1
3/8/2020 19:00,1,0,1
3/8/2020 20:00,1,1,0
3/8/2020 21:00,4,4,0
3/8/2020 22:00,1,1,0
3/8/2020 23:00,1,0,1
3/9/2020 0:00,0,0,0
3/9/2020 1:00,1,0,1
3/9/2020 2:00,0,0,0
3/9/2020 3:00,1,0,1
3/9/2020 4:00,0,0,0
3/9/2020 5:00,0,0,0
3/9/2020 6:00,0,0,0
3/9/2020 7:00,1,0,1
3/9/2020 8:00,2,2,0
3/9/2020 9:00,6,2,4
3/9/2020 10:00,2,1,1
3/9/2020 11:00,3,2,1
3/9/2020 12:00,7,1,6
3/9/2020 13:00,8,4,4
3/9/2020 14:00,9,6,3
3/9/2020 15:00,9,5,4
3/9/2020 16:00,12,4,8
3/9/2020 17:00,11,5,6
3/9/2020 18:00,13,6,7
3/9/2020 19:00,5,3,2
3/9/2020 20:00,1,1,0
3/9/2020 21:00,2,0,2
3/9/2020 22:00,1,0,1
3/9/2020 23:00,1,1,0
3/10/2020 0:00,0,0,0
3/10/2020 1:00,0,0,0
3/10/2020 2:00,0,0,0
3/10/2020 3:00,0,0,0
3/10/2020 4:00,0,0,0
3/10/2020 5:00,0,0,0
3/10/2020 6:00,0,0,0
3/10/2020 7:00,4,3,1
3/10/2020 8:00,6,2,4
3/10/2020 9:00,2,0,2
3/10/2020 10:00,2,2,0
3/10/2020 11:00,6,4,2
3/10/2020 12:00,11,3,8
3/10/2020 13:00,5,3,2
3/10/2020 14:00,10,4,6
3/10/2020 15:00,3,2,1
3/10/2020 16:00,10,4,6
3/10/2020 17:00,21,11,10
3/10/2020 18:00,20,10,10
3/10/2020 19:00,9,6,3
3/10/2020 20:00,3,2,1
3/10/2020 21:00,1,1,0
3/10/2020 22:00,2,1,1
3/10/2020 23:00,0,0,0
3/11/2020 0:00,0,0,0
3/11/2020 1:00,0,0,0
3/11/2020 2:00,0,0,0
3/11/2020 3:00,0,0,0
3/11/2020 4:00,1,0,1
3/11/2020 5:00,1,0,1
3/11/2020 6:00,0,0,0
3/11/2020 7:00,4,2,2
3/11/2020 8:00,3,2,1
3/11/2020 9:00,3,1,2
3/11/2020 10:00,6,3,3
3/11/2020 11:00,10,2,8
3/11/2020 12:00,12,6,6
3/11/2020 13:00,4,2,2
3/11/2020 14:00,6,4,2
3/11/2020 15:00,11,4,7
3/11/2020 16:00,13,6,7
3/11/2020 17:00,8,2,6
3/11/2020 18:00,12,2,10
3/11/2020 19:00,6,4,2
3/11/2020 20:00,1,0,1
3/11/2020 21:00,4,1,3
3/11/2020 22:00,2,1,1
3/11/2020 23:00,0,0,0
3/12/2020 0:00,0,0,0
3/12/2020 1:00,0,0,0
3/12/2020 2:00,0,0,0
3/12/2020 3:00,0,0,0
3/12/2020 4:00,0,0,0
3/12/2020 5:00,0,0,0
3/12/2020 6:00,0,0,0
3/12/2020 7:00,1,1,0
3/12/2020 8:00,1,1,0
3/12/2020 9:00,2,1,1
3/12/2020 10:00,1,1,0
3/12/2020 11:00,2,2,0
3/12/2020 12:00,3,2,1
3/12/2020 13:00,2,1,1
3/12/2020 14:00,10,2,8
3/12/2020 15:00,4,2,2
3/12/2020 16:00,17,9,8
3/12/2020 17:00,16,7,9
3/12/2020 18:00,7,4,3
3/12/2020 19:00,5,5,0
3/12/2020 20:00,2,1,1
3/12/2020 21:00,0,0,0
3/12/2020 22:00,3,0,3
3/12/2020 23:00,1,0,1
3/13/2020 0:00,2,1,1
3/13/2020 1:00,0,0,0
3/13/2020 2:00,0,0,0
3/13/2020 3:00,0,0,0
3/13/2020 4:00,0,0,0
3/13/2020 5:00,1,0,1
3/13/2020 6:00,0,0,0
3/13/2020 7:00,3,1,2
3/13/2020 8:00,1,1,0
3/13/2020 9:00,2,0,2
3/13/2020 10:00,2,1,1
3/13/2020 11:00,2,1,1
3/13/2020 12:00,4,1,3
3/13/2020 13:00,4,3,1
3/13/2020 14:00,1,0,1
3/13/2020 15:00,2,0,2
3/13/2020 16:00,2,1,1
3/13/2020 17:00,7,1,6
3/13/2020 18:00,5,2,3
3/13/2020 19:00,0,0,0
3/13/2020 20:00,0,0,0
3/13/2020 21:00,0,0,0
3/13/2020 22:00,1,1,0
3/13/2020 23:00,0,0,0
3/14/2020 0:00,1,0,1
3/14/2020 1:00,0,0,0
3/14/2020 2:00,0,0,0
3/14/2020 3:00,0,0,0
3/14/2020 4:00,1,0,1
3/14/2020 5:00,0,0,0
3/14/2020 6:00,0,0,0
3/14/2020 7:00,0,0,0
3/14/2020 8:00,0,0,0
3/14/2020 9:00,1,1,0
3/14/2020 10:00,2,1,1
3/14/2020 11:00,2,1,1
3/14/2020 12:00,2,1,1
3/14/2020 13:00,11,4,7
3/14/2020 14:00,12,6,6
3/14/2020 15:00,11,5,6
3/14/2020 16:00,7,5,2
3/14/2020 17:00,6,2,4
3/14/2020 18:00,4,2,2
3/14/2020 19:00,1,0,1
3/14/2020 20:00,3,1,2
3/14/2020 21:00,1,1,0
3/14/2020 22:00,0,0,0
3/14/2020 23:00,2,0,2
3/15/2020 0:00,1,0,1
3/15/2020 1:00,0,0,0
3/15/2020 2:00,0,0,0
3/15/2020 3:00,0,0,0
3/15/2020 4:00,0,0,0
3/15/2020 5:00,1,0,1
3/15/2020 6:00,0,0,0
3/15/2020 7:00,1,1,0
3/15/2020 8:00,1,1,0
3/15/2020 9:00,4,0,4
3/15/2020 10:00,4,3,1
3/15/2020 11:00,6,3,3
3/15/2020 12:00,1,0,1
3/15/2020 13:00,9,4,5
3/15/2020 14:00,5,3,2
3/15/2020 15:00,12,8,4
3/15/2020 16:00,22,13,9
3/15/2020 17:00,13,3,10
3/15/2020 18:00,3,1,2
3/15/2020 19:00,4,2,2
3/15/2020 20:00,1,0,1
3/15/2020 21:00,0,0,0
3/15/2020 22:00,0,0,0
3/15/2020 23:00,0,0,0
3/16/2020 0:00,0,0,0
3/16/2020 1:00,0,0,0
3/16/2020 2:00,0,0,0
3/16/2020 3:00,0,0,0
3/16/2020 4:00,0,0,0
3/16/2020 5:00,0,0,0
3/16/2020 6:00,0,0,0
3/16/2020 7:00,1,0,1
3/16/2020 8:00,7,4,3
3/16/2020 9:00,6,1,5
3/16/2020 10:00,4,2,2
3/16/2020 11:00,2,1,1
3/16/2020 12:00,6,3,3
3/16/2020 13:00,9,5,4
3/16/2020 14:00,5,0,5
3/16/2020 15:00,7,4,3
3/16/2020 16:00,15,4,11
3/16/2020 17:00,13,6,7
3/16/2020 18:00,12,4,8
3/16/2020 19:00,2,0,2
3/16/2020 20:00,3,2,1
3/16/2020 21:00,2,2,0
3/16/2020 22:00,0,0,0
3/16/2020 23:00,1,0,1
3/17/2020 0:00,0,0,0
3/17/2020 1:00,0,0,0
3/17/2020 2:00,0,0,0
3/17/2020 3:00,0,0,0
3/17/2020 4:00,0,0,0
3/17/2020 5:00,1,0,1
3/17/2020 6:00,1,0,1
3/17/2020 7:00,4,1,3
3/17/2020 8:00,2,2,0
3/17/2020 9:00,1,0,1
3/17/2020 10:00,2,0,2
3/17/2020 11:00,4,1,3
3/17/2020 12:00,3,3,0
3/17/2020 13:00,5,2,3
3/17/2020 14:00,9,4,5
3/17/2020 15:00,3,2,1
3/17/2020 16:00,6,2,4
3/17/2020 17:00,10,4,6
3/17/2020 18:00,8,3,5
3/17/2020 19:00,4,3,1
3/17/2020 20:00,1,1,0
3/17/2020 21:00,0,0,0
3/17/2020 22:00,0,0,0
3/17/2020 23:00,0,0,0
3/18/2020 0:00,0,0,0
3/18/2020 1:00,1,0,1
3/18/2020 2:00,1,1,0
3/18/2020 3:00,0,0,0
3/18/2020 4:00,1,0,1
3/18/2020 5:00,0,0,0
3/18/2020 6:00,1,1,0
3/18/2020 7:00,3,2,1
3/18/2020 8:00,1,1,0
3/18/2020 9:00,1,1,0
3/18/2020 10:00,4,1,3
3/18/2020 11:00,6,2,4
3/18/2020 12:00,7,4,3
3/18/2020 13:00,11,3,8
3/18/2020 14:00,5,2,3
3/18/2020 15:00,9,4,5
3/18/2020 16:00,17,7,10
3/18/2020 17:00,20,8,12
3/18/2020 18:00,18,11,7
3/18/2020 19:00,4,1,3
3/18/2020 20:00,5,4,1
3/18/2020 21:00,1,0,1
3/18/2020 22:00,0,0,0
3/18/2020 23:00,2,1,1
3/19/2020 0:00,0,0,0
3/19/2020 1:00,0,0,0
3/19/2020 2:00,0,0,0
3/19/2020 3:00,0,0,0
3/19/2020 4:00,0,0,0
3/19/2020 5:00,0,0,0
3/19/2020 6:00,0,0,0
3/19/2020 7:00,4,2,2
3/19/2020 8:00,0,0,0
3/19/2020 9:00,2,1,1
3/19/2020 10:00,5,1,4
3/19/2020 11:00,9,4,5
3/19/2020 12:00,6,4,2
3/19/2020 13:00,8,6,2
3/19/2020 14:00,7,3,4
3/19/2020 15:00,9,5,4
3/19/2020 16:00,13,5,8
3/19/2020 17:00,18,4,14
3/19/2020 18:00,8,6,2
3/19/2020 19:00,6,2,4
3/19/2020 20:00,4,1,3
3/19/2020 21:00,0,0,0
3/19/2020 22:00,0,0,0
3/19/2020 23:00,0,0,0
3/20/2020 0:00,0,0,0
3/20/2020 1:00,2,0,2
3/20/2020 2:00,0,0,0
3/20/2020 3:00,0,0,0
3/20/2020 4:00,0,0,0
3/20/2020 5:00,1,0,1
3/20/2020 6:00,1,1,0
3/20/2020 7:00,7,3,4
3/20/2020 8:00,3,2,1
3/20/2020 9:00,3,1,2
3/20/2020 10:00,4,1,3
3/20/2020 11:00,7,2,5
3/20/2020 12:00,9,2,7
3/20/2020 13:00,7,4,3
3/20/2020 14:00,5,1,4
3/20/2020 15:00,8,5,3
3/20/2020 16:00,9,2,7
3/20/2020 17:00,12,2,10
3/20/2020 18:00,13,4,9
3/20/2020 19:00,9,5,4
3/20/2020 20:00,2,1,1
3/20/2020 21:00,2,0,2
3/20/2020 22:00,0,0,0
3/20/2020 23:00,1,0,1
3/21/2020 0:00,0,0,0
3/21/2020 1:00,0,0,0
3/21/2020 2:00,0,0,0
3/21/2020 3:00,0,0,0
3/21/2020 4:00,0,0,0
3/21/2020 5:00,1,0,1
3/21/2020 6:00,1,1,0
3/21/2020 7:00,3,2,1
3/21/2020 8:00,0,0,0
3/21/2020 9:00,3,2,1
3/21/2020 10:00,1,0,1
3/21/2020 11:00,4,3,1
3/21/2020 12:00,8,4,4
3/21/2020 13:00,12,5,7
3/21/2020 14:00,23,7,16
3/21/2020 15:00,24,11,13
3/21/2020 16:00,31,17,14
3/21/2020 17:00,21,8,13
3/21/2020 18:00,12,8,4
3/21/2020 19:00,5,3,2
3/21/2020 20:00,2,2,0
3/21/2020 21:00,3,2,1
3/21/2020 22:00,0,0,0
3/21/2020 23:00,0,0,0
3/22/2020 0:00,1,0,1
3/22/2020 1:00,0,0,0
3/22/2020 2:00,0,0,0
3/22/2020 3:00,0,0,0
3/22/2020 4:00,0,0,0
3/22/2020 5:00,2,0,2
3/22/2020 6:00,3,1,2
3/22/2020 7:00,1,1,0
3/22/2020 8:00,3,2,1
3/22/2020 9:00,1,1,0
3/22/2020 10:00,3,1,2
3/22/2020 11:00,9,5,4
3/22/2020 12:00,12,1,11
3/22/2020 13:00,20,11,9
3/22/2020 14:00,20,11,9
3/22/2020 15:00,15,9,6
3/22/2020 16:00,15,10,5
3/22/2020 17:00,4,4,0
3/22/2020 18:00,3,2,1
3/22/2020 19:00,4,2,2
3/22/2020 20:00,2,2,0
3/22/2020 21:00,2,1,1
3/22/2020 22:00,1,0,1
3/22/2020 23:00,0,0,0
3/23/2020 0:00,0,0,0
3/23/2020 1:00,0,0,0
3/23/2020 2:00,1,1,0
3/23/2020 3:00,1,0,1
3/23/2020 4:00,0,0,0
3/23/2020 5:00,1,0,1
3/23/2020 6:00,0,0,0
3/23/2020 7:00,2,1,1
3/23/2020 8:00,2,2,0
3/23/2020 9:00,2,0,2
3/23/2020 10:00,6,1,5
3/23/2020 11:00,3,1,2
3/23/2020 12:00,2,0,2
3/23/2020 13:00,2,0,2
3/23/2020 14:00,1,0,1
3/23/2020 15:00,18,5,13
3/23/2020 16:00,11,7,4
3/23/2020 17:00,6,2,4
3/23/2020 18:00,7,5,2
3/23/2020 19:00,6,4,2
3/23/2020 20:00,0,0,0
3/23/2020 21:00,0,0,0
3/23/2020 22:00,0,0,0
3/23/2020 23:00,1,0,1
3/24/2020 0:00,0,0,0
3/24/2020 1:00,0,0,0
3/24/2020 2:00,0,0,0
3/24/2020 3:00,0,0,0
3/24/2020 4:00,0,0,0
3/24/2020 5:00,0,0,0
3/24/2020 6:00,0,0,0
3/24/2020 7:00,2,1,1
3/24/2020 8:00,2,2,0
3/24/2020 9:00,1,0,1
3/24/2020 10:00,1,0,1
3/24/2020 11:00,0,0,0
3/24/2020 12:00,6,2,4
3/24/2020 13:00,5,2,3
3/24/2020 14:00,5,3,2
3/24/2020 15:00,8,7,1
3/24/2020 16:00,3,2,1
3/24/2020 17:00,8,1,7
3/24/2020 18:00,12,8,4
3/24/2020 19:00,2,1,1
3/24/2020 20:00,0,0,0
3/24/2020 21:00,0,0,0
3/24/2020 22:00,0,0,0
3/24/2020 23:00,0,0,0
3/25/2020 0:00,0,0,0
3/25/2020 1:00,0,0,0
3/25/2020 2:00,0,0,0
3/25/2020 3:00,0,0,0
3/25/2020 4:00,0,0,0
3/25/2020 5:00,0,0,0
3/25/2020 6:00,2,2,0
3/25/2020 7:00,1,1,0
3/25/2020 8:00,2,1,1
3/25/2020 9:00,1,0,1
3/25/2020 10:00,4,1,3
3/25/2020 11:00,3,1,2
3/25/2020 12:00,5,2,3
3/25/2020 13:00,1,1,0
3/25/2020 14:00,3,1,2
3/25/2020 15:00,10,3,7
3/25/2020 16:00,14,4,10
3/25/2020 17:00,16,7,9
3/25/2020 18:00,4,3,1
3/25/2020 19:00,4,4,0
3/25/2020 20:00,2,1,1
3/25/2020 21:00,1,0,1
3/25/2020 22:00,0,0,0
3/25/2020 23:00,1,0,1
3/26/2020 0:00,0,0,0
3/26/2020 1:00,0,0,0
3/26/2020 2:00,0,0,0
3/26/2020 3:00,0,0,0
3/26/2020 4:00,0,0,0
3/26/2020 5:00,0,0,0
3/26/2020 6:00,1,1,0
3/26/2020 7:00,2,1,1
3/26/2020 8:00,2,1,1
3/26/2020 9:00,1,0,1
3/26/2020 10:00,2,1,1
3/26/2020 11:00,5,0,5
3/26/2020 12:00,3,1,2
3/26/2020 13:00,4,2,2
3/26/2020 14:00,1,1,0
3/26/2020 15:00,2,1,1
3/26/2020 16:00,8,5,3
3/26/2020 17:00,12,5,7
3/26/2020 18:00,4,1,3
3/26/2020 19:00,2,0,2
3/26/2020 20:00,1,1,0
3/26/2020 21:00,1,1,0
3/26/2020 22:00,1,1,0
3/26/2020 23:00,0,0,0
3/27/2020 0:00,1,1,0
3/27/2020 1:00,0,0,0
3/27/2020 2:00,0,0,0
3/27/2020 3:00,0,0,0
3/27/2020 4:00,0,0,0
3/27/2020 5:00,0,0,0
3/27/2020 6:00,1,1,0
3/27/2020 7:00,1,1,0
3/27/2020 8:00,2,2,0
3/27/2020 9:00,1,0,1
3/27/2020 10:00,1,1,0
3/27/2020 11:00,3,2,1
3/27/2020 12:00,3,0,3
3/27/2020 13:00,6,2,4
3/27/2020 14:00,8,5,3
3/27/2020 15:00,11,7,4
3/27/2020 16:00,10,3,7
3/27/2020 17:00,8,4,4
3/27/2020 18:00,7,5,2
3/27/2020 19:00,6,2,4
3/27/2020 20:00,2,2,0
3/27/2020 21:00,0,0,0
3/27/2020 22:00,1,0,1
3/27/2020 23:00,0,0,0
3/28/2020 0:00,0,0,0
3/28/2020 1:00,0,0,0
3/28/2020 2:00,0,0,0
3/28/2020 3:00,1,0,1
3/28/2020 4:00,0,0,0
3/28/2020 5:00,0,0,0
3/28/2020 6:00,0,0,0
3/28/2020 7:00,2,0,2
3/28/2020 8:00,0,0,0
3/28/2020 9:00,7,1,6
3/28/2020 10:00,6,4,2
3/28/2020 11:00,13,6,7
3/28/2020 12:00,10,2,8
3/28/2020 13:00,9,3,6
3/28/2020 14:00,20,11,9
3/28/2020 15:00,8,5,3
3/28/2020 16:00,5,2,3
3/28/2020 17:00,4,2,2
3/28/2020 18:00,3,2,1
3/28/2020 19:00,0,0,0
3/28/2020 20:00,1,1,0
3/28/2020 21:00,0,0,0
3/28/2020 22:00,1,1,0
3/28/2020 23:00,0,0,0
3/29/2020 0:00,0,0,0
3/29/2020 1:00,0,0,0
3/29/2020 2:00,0,0,0
3/29/2020 3:00,1,1,0
3/29/2020 4:00,0,0,0
3/29/2020 5:00,0,0,0
3/29/2020 6:00,0,0,0
3/29/2020 7:00,1,1,0
3/29/2020 8:00,4,3,1
3/29/2020 9:00,1,1,0
3/29/2020 10:00,7,3,4
3/29/2020 11:00,14,4,10
3/29/2020 12:00,16,13,3
3/29/2020 13:00,19,15,4
3/29/2020 14:00,26,13,13
3/29/2020 15:00,27,15,12
3/29/2020 16:00,18,7,11
3/29/2020 17:00,10,7,3
3/29/2020 18:00,9,5,4
3/29/2020 19:00,0,0,0
3/29/2020 20:00,0,0,0
3/29/2020 21:00,0,0,0
3/29/2020 22:00,0,0,0
3/29/2020 23:00,0,0,0
3/30/2020 0:00,1,1,0
3/30/2020 1:00,0,0,0
3/30/2020 2:00,0,0,0
3/30/2020 3:00,0,0,0
3/30/2020 4:00,0,0,0
3/30/2020 5:00,0,0,0
3/30/2020 6:00,0,0,0
3/30/2020 7:00,4,2,2
3/30/2020 8:00,0,0,0
3/30/2020 9:00,1,0,1
3/30/2020 10:00,3,3,0
3/30/2020 11:00,8,4,4
3/30/2020 12:00,0,0,0
3/30/2020 13:00,1,1,0
3/30/2020 14:00,1,0,1
3/30/2020 15:00,6,4,2
3/30/2020 16:00,1,0,1
3/30/2020 17:00,3,1,2
3/30/2020 18:00,6,2,4
3/30/2020 19:00,3,2,1
3/30/2020 20:00,1,1,0
3/30/2020 21:00,0,0,0
3/30/2020 22:00,0,0,0
3/30/2020 23:00,0,0,0
3/31/2020 0:00,0,0,0
3/31/2020 1:00,0,0,0
3/31/2020 2:00,1,1,0
3/31/2020 3:00,0,0,0
3/31/2020 4:00,0,0,0
3/31/2020 5:00,0,0,0
3/31/2020 6:00,1,1,0
3/31/2020 7:00,4,0,4
3/31/2020 8:00,3,1,2
3/31/2020 9:00,2,0,2
3/31/2020 10:00,2,0,2
3/31/2020 11:00,10,4,6
3/31/2020 12:00,8,7,1
3/31/2020 13:00,5,1,4
3/31/2020 14:00,16,10,6
3/31/2020 15:00,9,7,2
3/31/2020 16:00,1,1,0
3/31/2020 17:00,5,1,4
3/31/2020 18:00,0,0,0
3/31/2020 19:00,1,0,1
3/31/2020 20:00,2,1,1
3/31/2020 21:00,0,0,0
3/31/2020 22:00,0,0,0
3/31/2020 23:00,1,0,1
4/1/2020 0:00,0,0,0
4/1/2020 1:00,0,0,0
4/1/2020 2:00,0,0,0
4/1/2020 3:00,0,0,0
4/1/2020 4:00,0,0,0
4/1/2020 5:00,0,0,0
4/1/2020 6:00,0,0,0
4/1/2020 7:00,6,3,3
4/1/2020 8:00,1,1,0
4/1/2020 9:00,0,0,0
4/1/2020 10:00,3,2,1
4/1/2020 11:00,4,1,3
4/1/2020 12:00,5,4,1
4/1/2020 13:00,9,3,6
4/1/2020 14:00,13,7,6
4/1/2020 15:00,29,13,16
4/1/2020 16:00,16,8,8
4/1/2020 17:00,14,6,8
4/1/2020 18:00,10,8,2
4/1/2020 19:00,11,4,7
4/1/2020 20:00,3,1,2
4/1/2020 21:00,0,0,0
4/1/2020 22:00,0,0,0
4/1/2020 23:00,0,0,0
4/2/2020 0:00,0,0,0
4/2/2020 1:00,0,0,0
4/2/2020 2:00,0,0,0
4/2/2020 3:00,0,0,0
4/2/2020 4:00,0,0,0
4/2/2020 5:00,0,0,0
4/2/2020 6:00,1,1,0
4/2/2020 7:00,2,1,1
4/2/2020 8:00,7,4,3
4/2/2020 9:00,2,1,1
4/2/2020 10:00,1,0,1
4/2/2020 11:00,6,2,4
4/2/2020 12:00,11,6,5
4/2/2020 13:00,7,3,4
4/2/2020 14:00,8,4,4
4/2/2020 15:00,7,4,3
4/2/2020 16:00,14,4,10
4/2/2020 17:00,14,4,10
4/2/2020 18:00,8,6,2
4/2/2020 19:00,3,3,0
4/2/2020 20:00,2,2,0
4/2/2020 21:00,0,0,0
4/2/2020 22:00,0,0,0
4/2/2020 23:00,0,0,0
4/3/2020 0:00,0,0,0
4/3/2020 1:00,0,0,0
4/3/2020 2:00,0,0,0
4/3/2020 3:00,0,0,0
4/3/2020 4:00,0,0,0
4/3/2020 5:00,0,0,0
4/3/2020 6:00,0,0,0
4/3/2020 7:00,4,2,2
4/3/2020 8:00,2,0,2
4/3/2020 9:00,0,0,0
4/3/2020 10:00,5,2,3
4/3/2020 11:00,4,1,3
4/3/2020 12:00,7,3,4
4/3/2020 13:00,5,4,1
4/3/2020 14:00,2,0,2
4/3/2020 15:00,6,4,2
4/3/2020 16:00,2,1,1
4/3/2020 17:00,5,1,4
4/3/2020 18:00,8,4,4
4/3/2020 19:00,2,1,1
4/3/2020 20:00,3,1,2
4/3/2020 21:00,1,1,0
4/3/2020 22:00,1,1,0
4/3/2020 23:00,1,0,1
4/4/2020 0:00,0,0,0
4/4/2020 1:00,1,0,1
4/4/2020 2:00,0,0,0
4/4/2020 3:00,0,0,0
4/4/2020 4:00,0,0,0
4/4/2020 5:00,0,0,0
4/4/2020 6:00,0,0,0
4/4/2020 7:00,0,0,0
4/4/2020 8:00,2,1,1
4/4/2020 9:00,2,1,1
4/4/2020 10:00,1,0,1
4/4/2020 11:00,10,5,5
4/4/2020 12:00,20,6,14
4/4/2020 13:00,20,9,11
4/4/2020 14:00,31,15,16
4/4/2020 15:00,35,20,15
4/4/2020 16:00,12,7,5
4/4/2020 17:00,11,4,7
4/4/2020 18:00,14,11,3
4/4/2020 19:00,6,5,1
4/4/2020 20:00,0,0,0
4/4/2020 21:00,1,0,1
4/4/2020 22:00,0,0,0
4/4/2020 23:00,0,0,0
4/5/2020 0:00,0,0,0
4/5/2020 1:00,0,0,0
4/5/2020 2:00,0,0,0
4/5/2020 3:00,0,0,0
4/5/2020 4:00,0,0,0
4/5/2020 5:00,0,0,0
4/5/2020 6:00,0,0,0
4/5/2020 7:00,2,2,0
4/5/2020 8:00,0,0,0
4/5/2020 9:00,2,1,1
4/5/2020 10:00,6,1,5
4/5/2020 11:00,17,7,10
4/5/2020 12:00,13,7,6
4/5/2020 13:00,9,3,6
4/5/2020 14:00,25,16,9
4/5/2020 15:00,23,10,13
4/5/2020 16:00,23,9,14
4/5/2020 17:00,7,4,3
4/5/2020 18:00,4,2,2
4/5/2020 19:00,2,1,1
4/5/2020 20:00,3,1,2
4/5/2020 21:00,0,0,0
4/5/2020 22:00,1,0,1
4/5/2020 23:00,0,0,0
4/6/2020 0:00,2,1,1
4/6/2020 1:00,0,0,0
4/6/2020 2:00,0,0,0
4/6/2020 3:00,0,0,0
4/6/2020 4:00,0,0,0
4/6/2020 5:00,0,0,0
4/6/2020 6:00,1,0,1
4/6/2020 7:00,2,1,1
4/6/2020 8:00,3,1,2
4/6/2020 9:00,1,1,0
4/6/2020 10:00,6,3,3
4/6/2020 11:00,8,5,3
4/6/2020 12:00,4,3,1
4/6/2020 13:00,8,2,6
4/6/2020 14:00,12,6,6
4/6/2020 15:00,17,9,8
4/6/2020 16:00,12,5,7
4/6/2020 17:00,23,12,11
4/6/2020 18:00,23,13,10
4/6/2020 19:00,18,12,6
4/6/2020 20:00,2,1,1
4/6/2020 21:00,0,0,0
4/6/2020 22:00,0,0,0
4/6/2020 23:00,0,0,0
4/7/2020 0:00,2,1,1
4/7/2020 1:00,0,0,0
4/7/2020 2:00,0,0,0
4/7/2020 3:00,0,0,0
4/7/2020 4:00,0,0,0
4/7/2020 5:00,0,0,0
4/7/2020 6:00,1,0,1
4/7/2020 7:00,4,2,2
4/7/2020 8:00,3,1,2
4/7/2020 9:00,3,1,2
4/7/2020 10:00,2,0,2
4/7/2020 11:00,9,4,5
4/7/2020 12:00,4,1,3
4/7/2020 13:00,9,2,7
4/7/2020 14:00,10,5,5
4/7/2020 15:00,15,8,7
4/7/2020 16:00,22,10,12
4/7/2020 17:00,24,11,13
4/7/2020 18:00,16,10,6
4/7/2020 19:00,10,5,5
4/7/2020 20:00,3,1,2
4/7/2020 21:00,2,1,1
4/7/2020 22:00,0,0,0
4/7/2020 23:00,0,0,0
4/8/2020 0:00,0,0,0
4/8/2020 1:00,0,0,0
4/8/2020 2:00,0,0,0
4/8/2020 3:00,0,0,0
4/8/2020 4:00,0,0,0
4/8/2020 5:00,0,0,0
4/8/2020 6:00,0,0,0
4/8/2020 7:00,4,2,2
4/8/2020 8:00,1,0,1
4/8/2020 9:00,2,1,1
4/8/2020 10:00,3,2,1
4/8/2020 11:00,9,3,6
4/8/2020 12:00,7,0,7
4/8/2020 13:00,8,2,6
4/8/2020 14:00,4,1,3
4/8/2020 15:00,3,2,1
4/8/2020 16:00,32,17,15
4/8/2020 17:00,16,11,5
4/8/2020 18:00,25,13,12
4/8/2020 19:00,7,4,3
4/8/2020 20:00,5,5,0
4/8/2020 21:00,0,0,0
4/8/2020 22:00,0,0,0
4/8/2020 23:00,0,0,0
4/9/2020 0:00,0,0,0
4/9/2020 1:00,0,0,0
4/9/2020 2:00,0,0,0
4/9/2020 3:00,0,0,0
4/9/2020 4:00,0,0,0
4/9/2020 5:00,0,0,0
4/9/2020 6:00,2,2,0
4/9/2020 7:00,2,1,1
4/9/2020 8:00,2,0,2
4/9/2020 9:00,2,1,1
4/9/2020 10:00,5,2,3
4/9/2020 11:00,5,1,4
4/9/2020 12:00,7,0,7
4/9/2020 13:00,5,2,3
4/9/2020 14:00,6,0,6
4/9/2020 15:00,1,1,0
4/9/2020 16:00,0,0,0
4/9/2020 17:00,1,0,1
4/9/2020 18:00,0,0,0
4/9/2020 19:00,5,3,2
4/9/2020 20:00,4,2,2
4/9/2020 21:00,1,1,0
4/9/2020 22:00,2,1,1
4/9/2020 23:00,0,0,0
4/10/2020 0:00,0,0,0
4/10/2020 1:00,0,0,0
4/10/2020 2:00,0,0,0
4/10/2020 3:00,0,0,0
4/10/2020 4:00,0,0,0
4/10/2020 5:00,0,0,0
4/10/2020 6:00,0,0,0
4/10/2020 7:00,1,1,0
4/10/2020 8:00,4,3,1
4/10/2020 9:00,1,0,1
4/10/2020 10:00,5,2,3
4/10/2020 11:00,6,3,3
4/10/2020 12:00,6,5,1
4/10/2020 13:00,18,10,8
4/10/2020 14:00,8,4,4
4/10/2020 15:00,24,8,16
4/10/2020 16:00,22,8,14
4/10/2020 17:00,38,25,13
4/10/2020 18:00,18,11,7
4/10/2020 19:00,5,2,3
4/10/2020 20:00,4,1,3
4/10/2020 21:00,1,1,0
4/10/2020 22:00,1,0,1
4/10/2020 23:00,0,0,0
4/11/2020 0:00,0,0,0
4/11/2020 1:00,1,1,0
4/11/2020 2:00,0,0,0
4/11/2020 3:00,0,0,0
4/11/2020 4:00,0,0,0
4/11/2020 5:00,0,0,0
4/11/2020 6:00,2,1,1
4/11/2020 7:00,2,1,1
4/11/2020 8:00,2,0,2
4/11/2020 9:00,3,2,1
4/11/2020 10:00,9,2,7
4/11/2020 11:00,7,4,3
4/11/2020 12:00,14,8,6
4/11/2020 13:00,10,4,6
4/11/2020 14:00,25,12,13
4/11/2020 15:00,20,10,10
4/11/2020 16:00,35,14,21
4/11/2020 17:00,14,9,5
4/11/2020 18:00,18,6,12
4/11/2020 19:00,7,4,3
4/11/2020 20:00,2,0,2
4/11/2020 21:00,1,1,0
4/11/2020 22:00,0,0,0
4/11/2020 23:00,1,1,0
4/12/2020 0:00,0,0,0
4/12/2020 1:00,0,0,0
4/12/2020 2:00,1,1,0
4/12/2020 3:00,2,1,1
4/12/2020 4:00,0,0,0
4/12/2020 5:00,0,0,0
4/12/2020 6:00,0,0,0
4/12/2020 7:00,2,2,0
4/12/2020 8:00,2,0,2
4/12/2020 9:00,6,4,2
4/12/2020 10:00,11,4,7
4/12/2020 11:00,8,1,7
4/12/2020 12:00,18,4,14
4/12/2020 13:00,23,10,13
4/12/2020 14:00,22,8,14
4/12/2020 15:00,37,21,16
4/12/2020 16:00,27,6,21
4/12/2020 17:00,9,5,4
4/12/2020 18:00,11,8,3
4/12/2020 19:00,12,5,7
4/12/2020 20:00,4,3,1
4/12/2020 21:00,0,0,0
4/12/2020 22:00,1,0,1
4/12/2020 23:00,1,0,1
4/13/2020 0:00,1,1,0
4/13/2020 1:00,0,0,0
4/13/2020 2:00,0,0,0
4/13/2020 3:00,0,0,0
4/13/2020 4:00,0,0,0
4/13/2020 5:00,0,0,0
4/13/2020 6:00,1,0,1
4/13/2020 7:00,2,1,1
4/13/2020 8:00,10,3,7
4/13/2020 9:00,3,0,3
4/13/2020 10:00,7,6,1
4/13/2020 11:00,6,2,4
4/13/2020 12:00,11,5,6
4/13/2020 13:00,7,5,2
4/13/2020 14:00,7,5,2
4/13/2020 15:00,9,5,4
4/13/2020 16:00,15,5,10
4/13/2020 17:00,16,7,9
4/13/2020 18:00,20,8,12
4/13/2020 19:00,9,6,3
4/13/2020 20:00,2,2,0
4/13/2020 21:00,2,2,0
4/13/2020 22:00,0,0,0
4/13/2020 23:00,0,0,0
4/14/2020 0:00,0,0,0
4/14/2020 1:00,0,0,0
4/14/2020 2:00,0,0,0
4/14/2020 3:00,1,0,1
4/14/2020 4:00,0,0,0
4/14/2020 5:00,0,0,0
4/14/2020 6:00,0,0,0
4/14/2020 7:00,6,2,4
4/14/2020 8:00,3,2,1
4/14/2020 9:00,3,1,2
4/14/2020 10:00,6,2,4
4/14/2020 11:00,13,7,6
4/14/2020 12:00,19,9,10
4/14/2020 13:00,12,10,2
4/14/2020 14:00,16,7,9
4/14/2020 15:00,17,6,11
4/14/2020 16:00,18,7,11
4/14/2020 17:00,14,8,6
4/14/2020 18:00,19,13,6
4/14/2020 19:00,11,9,2
4/14/2020 20:00,1,1,0
4/14/2020 21:00,3,0,3
4/14/2020 22:00,1,0,1
4/14/2020 23:00,1,0,1
4/15/2020 0:00,0,0,0
4/15/2020 1:00,0,0,0
4/15/2020 2:00,0,0,0
4/15/2020 3:00,0,0,0
4/15/2020 4:00,0,0,0
4/15/2020 5:00,0,0,0
4/15/2020 6:00,7,3,4
4/15/2020 7:00,5,1,4
4/15/2020 8:00,4,3,1
4/15/2020 9:00,3,2,1
4/15/2020 10:00,6,3,3
4/15/2020 11:00,4,3,1
4/15/2020 12:00,5,1,4
4/15/2020 13:00,4,1,3
4/15/2020 14:00,17,8,9
4/15/2020 15:00,9,2,7
4/15/2020 16:00,16,9,7
4/15/2020 17:00,22,11,11
4/15/2020 18:00,16,9,7
4/15/2020 19:00,12,8,4
4/15/2020 20:00,5,5,0
4/15/2020 21:00,1,0,1
4/15/2020 22:00,0,0,0
4/15/2020 23:00,1,0,1
4/16/2020 0:00,0,0,0
4/16/2020 1:00,0,0,0
4/16/2020 2:00,0,0,0
4/16/2020 3:00,0,0,0
4/16/2020 4:00,0,0,0
4/16/2020 5:00,0,0,0
4/16/2020 6:00,0,0,0
4/16/2020 7:00,7,5,2
4/16/2020 8:00,5,0,5
4/16/2020 9:00,3,2,1
4/16/2020 10:00,5,0,5
4/16/2020 11:00,9,5,4
4/16/2020 12:00,9,5,4
4/16/2020 13:00,11,4,7
4/16/2020 14:00,15,5,10
4/16/2020 15:00,17,10,7
4/16/2020 16:00,18,6,12
4/16/2020 17:00,18,13,5
4/16/2020 18:00,30,14,16
4/16/2020 19:00,8,3,5
4/16/2020 20:00,4,3,1
4/16/2020 21:00,1,0,1
4/16/2020 22:00,0,0,0
4/16/2020 23:00,1,0,1
4/17/2020 0:00,0,0,0
4/17/2020 1:00,0,0,0
4/17/2020 2:00,0,0,0
4/17/2020 3:00,0,0,0
4/17/2020 4:00,0,0,0
4/17/2020 5:00,1,1,0
4/17/2020 6:00,3,2,1
4/17/2020 7:00,2,0,2
4/17/2020 8:00,4,3,1
4/17/2020 9:00,5,1,4
4/17/2020 10:00,1,0,1
4/17/2020 11:00,7,2,5
4/17/2020 12:00,9,2,7
4/17/2020 13:00,10,7,3
4/17/2020 14:00,7,4,3
4/17/2020 15:00,18,11,7
4/17/2020 16:00,10,4,6
4/17/2020 17:00,10,2,8
4/17/2020 18:00,10,5,5
4/17/2020 19:00,9,6,3
4/17/2020 20:00,1,1,0
4/17/2020 21:00,0,0,0
4/17/2020 22:00,0,0,0
4/17/2020 23:00,1,0,1
4/18/2020 0:00,0,0,0
4/18/2020 1:00,0,0,0
4/18/2020 2:00,1,1,0
4/18/2020 3:00,0,0,0
4/18/2020 4:00,0,0,0
4/18/2020 5:00,0,0,0
4/18/2020 6:00,1,1,0
4/18/2020 7:00,2,2,0
4/18/2020 8:00,0,0,0
4/18/2020 9:00,0,0,0
4/18/2020 10:00,2,1,1
4/18/2020 11:00,1,0,1
4/18/2020 12:00,10,5,5
4/18/2020 13:00,18,8,10
4/18/2020 14:00,11,4,7
4/18/2020 15:00,18,12,6
4/18/2020 16:00,20,7,13
4/18/2020 17:00,17,8,9
4/18/2020 18:00,18,13,5
4/18/2020 19:00,14,6,8
4/18/2020 20:00,4,3,1
4/18/2020 21:00,0,0,0
4/18/2020 22:00,0,0,0
4/18/2020 23:00,0,0,0
4/19/2020 0:00,0,0,0
4/19/2020 1:00,1,0,1
4/19/2020 2:00,0,0,0
4/19/2020 3:00,0,0,0
4/19/2020 4:00,0,0,0
4/19/2020 5:00,0,0,0
4/19/2020 6:00,0,0,0
4/19/2020 7:00,0,0,0
4/19/2020 8:00,1,0,1
4/19/2020 9:00,5,0,5
4/19/2020 10:00,11,3,8
4/19/2020 11:00,26,11,15
4/19/2020 12:00,27,15,12
4/19/2020 13:00,43,21,22
4/19/2020 14:00,31,18,13
4/19/2020 15:00,45,24,21
4/19/2020 16:00,35,14,21
4/19/2020 17:00,33,22,11
4/19/2020 18:00,22,11,11
4/19/2020 19:00,5,4,1
4/19/2020 20:00,1,1,0
4/19/2020 21:00,0,0,0
4/19/2020 22:00,0,0,0
4/19/2020 23:00,0,0,0
4/20/2020 0:00,0,0,0
4/20/2020 1:00,0,0,0
4/20/2020 2:00,0,0,0
4/20/2020 3:00,0,0,0
4/20/2020 4:00,0,0,0
4/20/2020 5:00,0,0,0
4/20/2020 6:00,7,4,3
4/20/2020 7:00,8,2,6
4/20/2020 8:00,5,4,1
4/20/2020 9:00,2,1,1
4/20/2020 10:00,2,1,1
4/20/2020 11:00,0,0,0
4/20/2020 12:00,1,0,1
4/20/2020 13:00,0,0,0
4/20/2020 14:00,0,0,0
4/20/2020 15:00,0,0,0
4/20/2020 16:00,0,0,0
4/20/2020 17:00,0,0,0
4/20/2020 18:00,0,0,0
4/20/2020 19:00,0,0,0
4/20/2020 20:00,0,0,0
4/20/2020 21:00,0,0,0
4/20/2020 22:00,0,0,0
4/20/2020 23:00,0,0,0
4/21/2020 0:00,0,0,0
4/21/2020 1:00,0,0,0
4/21/2020 2:00,0,0,0
4/21/2020 3:00,0,0,0
4/21/2020 4:00,0,0,0
4/21/2020 5:00,0,0,0
4/21/2020 6:00,0,0,0
4/21/2020 7:00,0,0,0
4/21/2020 8:00,0,0,0
4/21/2020 9:00,1,1,0
4/21/2020 10:00,0,0,0
4/21/2020 11:00,0,0,0
4/21/2020 12:00,0,0,0
4/21/2020 13:00,0,0,0
4/21/2020 14:00,0,0,0
4/21/2020 15:00,0,0,0
4/21/2020 16:00,0,0,0
4/21/2020 17:00,0,0,0
4/21/2020 18:00,0,0,0
4/21/2020 19:00,0,0,0
4/21/2020 20:00,0,0,0
4/21/2020 21:00,0,0,0
4/21/2020 22:00,0,0,0
4/21/2020 23:00,0,0,0
4/22/2020 0:00,0,0,0
4/22/2020 1:00,0,0,0
4/22/2020 2:00,0,0,0
4/22/2020 3:00,0,0,0
4/22/2020 4:00,0,0,0
4/22/2020 5:00,0,0,0
4/22/2020 6:00,0,0,0
4/22/2020 7:00,0,0,0
4/22/2020 8:00,0,0,0
4/22/2020 9:00,0,0,0
4/22/2020 10:00,0,0,0
4/22/2020 11:00,0,0,0
4/22/2020 12:00,0,0,0
4/22/2020 13:00,0,0,0
4/22/2020 14:00,0,0,0
4/22/2020 15:00,0,0,0
4/22/2020 16:00,0,0,0
4/22/2020 17:00,0,0,0
4/22/2020 18:00,0,0,0
4/22/2020 19:00,0,0,0
4/22/2020 20:00,0,0,0
4/22/2020 21:00,0,0,0
4/22/2020 22:00,0,0,0
4/22/2020 23:00,0,0,0
4/23/2020 0:00,0,0,0
4/23/2020 1:00,0,0,0
4/23/2020 2:00,0,0,0
4/23/2020 3:00,0,0,0
4/23/2020 4:00,0,0,0
4/23/2020 5:00,0,0,0
4/23/2020 6:00,0,0,0
4/23/2020 7:00,0,0,0
4/23/2020 8:00,0,0,0
4/23/2020 9:00,0,0,0
4/23/2020 10:00,0,0,0
4/23/2020 11:00,0,0,0
4/23/2020 12:00,0,0,0
4/23/2020 13:00,0,0,0
4/23/2020 14:00,0,0,0
4/23/2020 15:00,0,0,0
4/23/2020 16:00,0,0,0
4/23/2020 17:00,0,0,0
4/23/2020 18:00,0,0,0
4/23/2020 19:00,0,0,0
4/23/2020 20:00,0,0,0
4/23/2020 21:00,0,0,0
4/23/2020 22:00,0,0,0
4/23/2020 23:00,0,0,0
4/24/2020 0:00,0,0,0
4/24/2020 1:00,0,0,0
4/24/2020 2:00,0,0,0
4/24/2020 3:00,0,0,0
4/24/2020 4:00,0,0,0
4/24/2020 5:00,0,0,0
4/24/2020 6:00,0,0,0
4/24/2020 7:00,0,0,0
4/24/2020 8:00,0,0,0
4/24/2020 9:00,0,0,0
4/24/2020 10:00,0,0,0
4/24/2020 11:00,0,0,0
4/24/2020 12:00,0,0,0
4/24/2020 13:00,0,0,0
4/24/2020 14:00,0,0,0
4/24/2020 15:00,0,0,0
4/24/2020 16:00,0,0,0
4/24/2020 17:00,0,0,0
4/24/2020 18:00,0,0,0
4/24/2020 19:00,0,0,0
4/24/2020 20:00,0,0,0
4/24/2020 21:00,0,0,0
4/24/2020 22:00,0,0,0
4/24/2020 23:00,0,0,0
4/25/2020 0:00,0,0,0
4/25/2020 1:00,0,0,0
4/25/2020 2:00,0,0,0
4/25/2020 3:00,0,0,0
4/25/2020 4:00,0,0,0
4/25/2020 5:00,0,0,0
4/25/2020 6:00,0,0,0
4/25/2020 7:00,0,0,0
4/25/2020 8:00,0,0,0
4/25/2020 9:00,0,0,0
4/25/2020 10:00,0,0,0
4/25/2020 11:00,0,0,0
4/25/2020 12:00,0,0,0
4/25/2020 13:00,0,0,0
4/25/2020 14:00,0,0,0
4/25/2020 15:00,0,0,0
4/25/2020 16:00,0,0,0
4/25/2020 17:00,0,0,0
4/25/2020 18:00,0,0,0
4/25/2020 19:00,0,0,0
4/25/2020 20:00,0,0,0
4/25/2020 21:00,0,0,0
4/25/2020 22:00,0,0,0
4/25/2020 23:00,0,0,0
4/26/2020 0:00,0,0,0
4/26/2020 1:00,0,0,0
4/26/2020 2:00,0,0,0
4/26/2020 3:00,0,0,0
4/26/2020 4:00,0,0,0
4/26/2020 5:00,0,0,0
4/26/2020 6:00,0,0,0
4/26/2020 7:00,0,0,0
4/26/2020 8:00,0,0,0
4/26/2020 9:00,0,0,0
4/26/2020 10:00,0,0,0
4/26/2020 11:00,0,0,0
4/26/2020 12:00,0,0,0
4/26/2020 13:00,0,0,0
4/26/2020 14:00,0,0,0
4/26/2020 15:00,0,0,0
4/26/2020 16:00,0,0,0
4/26/2020 17:00,1,1,0
4/26/2020 18:00,0,0,0
4/26/2020 19:00,0,0,0
4/26/2020 20:00,0,0,0
4/26/2020 21:00,0,0,0
4/26/2020 22:00,0,0,0
4/26/2020 23:00,0,0,0
4/27/2020 0:00,0,0,0
4/27/2020 1:00,0,0,0
4/27/2020 2:00,0,0,0
4/27/2020 3:00,0,0,0
4/27/2020 4:00,0,0,0
4/27/2020 5:00,0,0,0
4/27/2020 6:00,0,0,0
4/27/2020 7:00,0,0,0
4/27/2020 8:00,0,0,0
4/27/2020 9:00,0,0,0
4/27/2020 10:00,0,0,0
4/27/2020 11:00,0,0,0
4/27/2020 12:00,0,0,0
4/27/2020 13:00,0,0,0
4/27/2020 14:00,0,0,0
4/27/2020 15:00,0,0,0
4/27/2020 16:00,0,0,0
4/27/2020 17:00,0,0,0
4/27/2020 18:00,0,0,0
4/27/2020 19:00,0,0,0
4/27/2020 20:00,0,0,0
4/27/2020 21:00,0,0,0
4/27/2020 22:00,0,0,0
4/27/2020 23:00,0,0,0
4/28/2020 0:00,0,0,0
4/28/2020 1:00,0,0,0
4/28/2020 2:00,0,0,0
4/28/2020 3:00,0,0,0
4/28/2020 4:00,0,0,0
4/28/2020 5:00,0,0,0
4/28/2020 6:00,0,0,0
4/28/2020 7:00,0,0,0
4/28/2020 8:00,0,0,0
4/28/2020 9:00,0,0,0
4/28/2020 10:00,0,0,0
4/28/2020 11:00,0,0,0
4/28/2020 12:00,0,0,0
4/28/2020 13:00,0,0,0
4/28/2020 14:00,0,0,0
4/28/2020 15:00,0,0,0
4/28/2020 16:00,0,0,0
4/28/2020 17:00,0,0,0
4/28/2020 18:00,0,0,0
4/28/2020 19:00,0,0,0
4/28/2020 20:00,0,0,0
4/28/2020 21:00,0,0,0
4/28/2020 22:00,0,0,0
4/28/2020 23:00,0,0,0
4/29/2020 0:00,0,0,0
4/29/2020 1:00,0,0,0
4/29/2020 2:00,0,0,0
4/29/2020 3:00,0,0,0
4/29/2020 4:00,0,0,0
4/29/2020 5:00,0,0,0
4/29/2020 6:00,0,0,0
4/29/2020 7:00,0,0,0
4/29/2020 8:00,0,0,0
4/29/2020 9:00,0,0,0
4/29/2020 10:00,0,0,0
4/29/2020 11:00,0,0,0
4/29/2020 12:00,0,0,0
4/29/2020 13:00,0,0,0
4/29/2020 14:00,0,0,0
4/29/2020 15:00,0,0,0
4/29/2020 16:00,0,0,0
4/29/2020 17:00,0,0,0
4/29/2020 18:00,0,0,0
4/29/2020 19:00,0,0,0
4/29/2020 20:00,0,0,0
4/29/2020 21:00,0,0,0
4/29/2020 22:00,0,0,0
4/29/2020 23:00,0,0,0
4/30/2020 0:00,0,0,0
4/30/2020 1:00,0,0,0
4/30/2020 2:00,0,0,0
4/30/2020 3:00,0,0,0
4/30/2020 4:00,0,0,0
4/30/2020 5:00,0,0,0
4/30/2020 6:00,0,0,0
4/30/2020 7:00,0,0,0
4/30/2020 8:00,0,0,0
4/30/2020 9:00,0,0,0
4/30/2020 10:00,0,0,0
4/30/2020 11:00,0,0,0
4/30/2020 12:00,0,0,0
4/30/2020 13:00,0,0,0
4/30/2020 14:00,0,0,0
4/30/2020 15:00,0,0,0
4/30/2020 16:00,0,0,0
4/30/2020 17:00,0,0,0
4/30/2020 18:00,0,0,0
4/30/2020 19:00,0,0,0
4/30/2020 20:00,0,0,0
4/30/2020 21:00,0,0,0
4/30/2020 22:00,0,0,0
4/30/2020 23:00,0,0,0
5/1/2020 0:00,0,0,0
5/1/2020 1:00,0,0,0
5/1/2020 2:00,0,0,0
5/1/2020 3:00,0,0,0
5/1/2020 4:00,0,0,0
5/1/2020 5:00,0,0,0
5/1/2020 6:00,0,0,0
5/1/2020 7:00,0,0,0
5/1/2020 8:00,0,0,0
5/1/2020 9:00,0,0,0
5/1/2020 10:00,0,0,0
5/1/2020 11:00,0,0,0
5/1/2020 12:00,0,0,0
5/1/2020 13:00,0,0,0
5/1/2020 14:00,0,0,0
5/1/2020 15:00,0,0,0
5/1/2020 16:00,0,0,0
5/1/2020 17:00,0,0,0
5/1/2020 18:00,0,0,0
5/1/2020 19:00,0,0,0
5/1/2020 20:00,0,0,0
5/1/2020 21:00,0,0,0
5/1/2020 22:00,0,0,0
5/1/2020 23:00,0,0,0
5/2/2020 0:00,0,0,0
5/2/2020 1:00,0,0,0
5/2/2020 2:00,0,0,0
5/2/2020 3:00,0,0,0
5/2/2020 4:00,0,0,0
5/2/2020 5:00,0,0,0
5/2/2020 6:00,0,0,0
5/2/2020 7:00,0,0,0
5/2/2020 8:00,0,0,0
5/2/2020 9:00,0,0,0
5/2/2020 10:00,0,0,0
5/2/2020 11:00,0,0,0
5/2/2020 12:00,0,0,0
5/2/2020 13:00,0,0,0
5/2/2020 14:00,0,0,0
5/2/2020 15:00,0,0,0
5/2/2020 16:00,0,0,0
5/2/2020 17:00,0,0,0
5/2/2020 18:00,0,0,0
5/2/2020 19:00,0,0,0
5/2/2020 20:00,0,0,0
5/2/2020 21:00,0,0,0
5/2/2020 22:00,0,0,0
5/2/2020 23:00,0,0,0
5/3/2020 0:00,0,0,0
5/3/2020 1:00,0,0,0
5/3/2020 2:00,0,0,0
5/3/2020 3:00,0,0,0
5/3/2020 4:00,0,0,0
5/3/2020 5:00,0,0,0
5/3/2020 6:00,0,0,0
5/3/2020 7:00,0,0,0
5/3/2020 8:00,0,0,0
5/3/2020 9:00,0,0,0
5/3/2020 10:00,0,0,0
5/3/2020 11:00,0,0,0
5/3/2020 12:00,0,0,0
5/3/2020 13:00,0,0,0
5/3/2020 14:00,0,0,0
5/3/2020 15:00,0,0,0
5/3/2020 16:00,0,0,0
5/3/2020 17:00,0,0,0
5/3/2020 18:00,0,0,0
5/3/2020 19:00,0,0,0
5/3/2020 20:00,0,0,0
5/3/2020 21:00,0,0,0
5/3/2020 22:00,0,0,0
5/3/2020 23:00,0,0,0
5/4/2020 0:00,0,0,0
5/4/2020 1:00,0,0,0
5/4/2020 2:00,0,0,0
5/4/2020 3:00,0,0,0
5/4/2020 4:00,0,0,0
5/4/2020 5:00,0,0,0
5/4/2020 6:00,0,0,0
5/4/2020 7:00,0,0,0
5/4/2020 8:00,0,0,0
5/4/2020 9:00,0,0,0
5/4/2020 10:00,0,0,0
5/4/2020 11:00,0,0,0
5/4/2020 12:00,0,0,0
5/4/2020 13:00,0,0,0
5/4/2020 14:00,0,0,0
5/4/2020 15:00,0,0,0
5/4/2020 16:00,0,0,0
5/4/2020 17:00,0,0,0
5/4/2020 18:00,0,0,0
5/4/2020 19:00,0,0,0
5/4/2020 20:00,0,0,0
5/4/2020 21:00,0,0,0
5/4/2020 22:00,0,0,0
5/4/2020 23:00,0,0,0
5/5/2020 0:00,0,0,0
5/5/2020 1:00,0,0,0
5/5/2020 2:00,0,0,0
5/5/2020 3:00,0,0,0
5/5/2020 4:00,0,0,0
5/5/2020 5:00,0,0,0
5/5/2020 6:00,0,0,0
5/5/2020 7:00,0,0,0
5/5/2020 8:00,0,0,0
5/5/2020 9:00,0,0,0
5/5/2020 10:00,0,0,0
5/5/2020 11:00,0,0,0
5/5/2020 12:00,0,0,0
5/5/2020 13:00,0,0,0
5/5/2020 14:00,0,0,0
5/5/2020 15:00,0,0,0
5/5/2020 16:00,0,0,0
5/5/2020 17:00,19,7,12
5/5/2020 18:00,16,10,6
5/5/2020 19:00,17,8,9
5/5/2020 20:00,10,5,5
5/5/2020 21:00,1,1,0
5/5/2020 22:00,0,0,0
5/5/2020 23:00,3,2,1
5/6/2020 0:00,1,0,1
5/6/2020 1:00,0,0,0
5/6/2020 2:00,0,0,0
5/6/2020 3:00,2,0,2
5/6/2020 4:00,0,0,0
5/6/2020 5:00,0,0,0
5/6/2020 6:00,2,0,2
5/6/2020 7:00,2,2,0
5/6/2020 8:00,3,1,2
5/6/2020 9:00,3,0,3
5/6/2020 10:00,2,2,0
5/6/2020 11:00,4,2,2
5/6/2020 12:00,12,5,7
5/6/2020 13:00,12,5,7
5/6/2020 14:00,5,2,3
5/6/2020 15:00,7,2,5
5/6/2020 16:00,9,6,3
5/6/2020 17:00,23,10,13
5/6/2020 18:00,13,4,9
5/6/2020 19:00,7,3,4
5/6/2020 20:00,4,2,2
5/6/2020 21:00,3,1,2
5/6/2020 22:00,0,0,0
5/6/2020 23:00,0,0,0
5/7/2020 0:00,0,0,0
5/7/2020 1:00,0,0,0
5/7/2020 2:00,0,0,0
5/7/2020 3:00,0,0,0
5/7/2020 4:00,0,0,0
5/7/2020 5:00,1,1,0
5/7/2020 6:00,3,2,1
5/7/2020 7:00,8,4,4
5/7/2020 8:00,4,2,2
5/7/2020 9:00,5,4,1
5/7/2020 10:00,8,3,5
5/7/2020 11:00,11,8,3
5/7/2020 12:00,8,1,7
5/7/2020 13:00,15,7,8
5/7/2020 14:00,10,5,5
5/7/2020 15:00,14,6,8
5/7/2020 16:00,24,12,12
5/7/2020 17:00,26,11,15
5/7/2020 18:00,13,5,8
5/7/2020 19:00,24,13,11
5/7/2020 20:00,8,6,2
5/7/2020 21:00,3,3,0
5/7/2020 22:00,0,0,0
5/7/2020 23:00,0,0,0
5/8/2020 0:00,1,0,1
5/8/2020 1:00,0,0,0
5/8/2020 2:00,0,0,0
5/8/2020 3:00,0,0,0
5/8/2020 4:00,0,0,0
5/8/2020 5:00,2,1,1
5/8/2020 6:00,2,0,2
5/8/2020 7:00,4,2,2
5/8/2020 8:00,3,1,2
5/8/2020 9:00,5,1,4
5/8/2020 10:00,8,2,6
5/8/2020 11:00,13,11,2
5/8/2020 12:00,13,0,13
5/8/2020 13:00,21,9,12
5/8/2020 14:00,12,7,5
5/8/2020 15:00,17,3,14
5/8/2020 16:00,10,6,4
5/8/2020 17:00,22,13,9
5/8/2020 18:00,8,3,5
5/8/2020 19:00,11,5,6
5/8/2020 20:00,13,8,5
5/8/2020 21:00,0,0,0
5/8/2020 22:00,4,1,3
5/8/2020 23:00,1,1,0
5/9/2020 0:00,1,0,1
5/9/2020 1:00,2,2,0
5/9/2020 2:00,0,0,0
5/9/2020 3:00,0,0,0
5/9/2020 4:00,0,0,0
5/9/2020 5:00,0,0,0
5/9/2020 6:00,1,1,0
5/9/2020 7:00,1,0,1
5/9/2020 8:00,4,0,4
5/9/2020 9:00,11,4,7
5/9/2020 10:00,13,5,8
5/9/2020 11:00,16,4,12
5/9/2020 12:00,28,16,12
5/9/2020 13:00,21,10,11
5/9/2020 14:00,31,20,11
5/9/2020 15:00,23,8,15
5/9/2020 16:00,33,14,19
5/9/2020 17:00,24,12,12
5/9/2020 18:00,15,8,7
5/9/2020 19:00,14,9,5
5/9/2020 20:00,4,2,2
5/9/2020 21:00,1,1,0
5/9/2020 22:00,2,0,2
5/9/2020 23:00,1,0,1
5/10/2020 0:00,0,0,0
5/10/2020 1:00,0,0,0
5/10/2020 2:00,1,1,0
5/10/2020 3:00,0,0,0
5/10/2020 4:00,0,0,0
5/10/2020 5:00,0,0,0
5/10/2020 6:00,2,1,1
5/10/2020 7:00,4,2,2
5/10/2020 8:00,6,2,4
5/10/2020 9:00,6,4,2
5/10/2020 10:00,13,7,6
5/10/2020 11:00,10,4,6
5/10/2020 12:00,22,9,13
5/10/2020 13:00,25,9,16
5/10/2020 14:00,25,14,11
5/10/2020 15:00,27,8,19
5/10/2020 16:00,18,9,9
5/10/2020 17:00,21,14,7
5/10/2020 18:00,14,5,9
5/10/2020 19:00,4,0,4
5/10/2020 20:00,4,3,1
5/10/2020 21:00,1,0,1
5/10/2020 22:00,3,1,2
5/10/2020 23:00,0,0,0
5/11/2020 0:00,1,1,0
5/11/2020 1:00,0,0,0
5/11/2020 2:00,0,0,0
5/11/2020 3:00,1,0,1
5/11/2020 4:00,0,0,0
5/11/2020 5:00,0,0,0
5/11/2020 6:00,1,0,1
5/11/2020 7:00,4,2,2
5/11/2020 8:00,6,5,1
5/11/2020 9:00,3,1,2
5/11/2020 10:00,3,0,3
5/11/2020 11:00,5,1,4
5/11/2020 12:00,3,3,0
5/11/2020 13:00,14,5,9
5/11/2020 14:00,9,7,2
5/11/2020 15:00,7,5,2
5/11/2020 16:00,8,3,5
5/11/2020 17:00,2,0,2
5/11/2020 18:00,4,3,1
5/11/2020 19:00,1,1,0
5/11/2020 20:00,1,1,0
5/11/2020 21:00,0,0,0
5/11/2020 22:00,0,0,0
5/11/2020 23:00,2,0,2
5/12/2020 0:00,0,0,0
5/12/2020 1:00,1,0,1
5/12/2020 2:00,0,0,0
5/12/2020 3:00,0,0,0
5/12/2020 4:00,0,0,0
5/12/2020 5:00,0,0,0
5/12/2020 6:00,1,0,1
5/12/2020 7:00,1,0,1
5/12/2020 8:00,2,1,1
5/12/2020 9:00,3,2,1
5/12/2020 10:00,8,5,3
5/12/2020 11:00,7,5,2
5/12/2020 12:00,1,1,0
5/12/2020 13:00,4,2,2
5/12/2020 14:00,6,2,4
5/12/2020 15:00,8,2,6
5/12/2020 16:00,12,4,8
5/12/2020 17:00,9,5,4
5/12/2020 18:00,9,4,5
5/12/2020 19:00,9,5,4
5/12/2020 20:00,9,7,2
5/12/2020 21:00,0,0,0
5/12/2020 22:00,0,0,0
5/12/2020 23:00,0,0,0
5/13/2020 0:00,1,0,1
5/13/2020 1:00,0,0,0
5/13/2020 2:00,1,0,1
5/13/2020 3:00,0,0,0
5/13/2020 4:00,0,0,0
5/13/2020 5:00,0,0,0
5/13/2020 6:00,3,0,3
5/13/2020 7:00,5,5,0
5/13/2020 8:00,2,2,0
5/13/2020 9:00,4,2,2
5/13/2020 10:00,6,4,2
5/13/2020 11:00,5,1,4
5/13/2020 12:00,9,3,6
5/13/2020 13:00,4,1,3
5/13/2020 14:00,5,4,1
5/13/2020 15:00,13,6,7
5/13/2020 16:00,19,8,11
5/13/2020 17:00,26,7,19
5/13/2020 18:00,16,9,7
5/13/2020 19:00,11,7,4
5/13/2020 20:00,3,1,2
5/13/2020 21:00,1,1,0
5/13/2020 22:00,1,1,0
5/13/2020 23:00,1,1,0
5/14/2020 0:00,0,0,0
5/14/2020 1:00,0,0,0
5/14/2020 2:00,0,0,0
5/14/2020 3:00,0,0,0
5/14/2020 4:00,0,0,0
5/14/2020 5:00,0,0,0
5/14/2020 6:00,2,0,2
5/14/2020 7:00,2,0,2
5/14/2020 8:00,0,0,0
5/14/2020 9:00,2,1,1
5/14/2020 10:00,9,3,6
5/14/2020 11:00,3,3,0
5/14/2020 12:00,8,3,5
5/14/2020 13:00,11,5,6
5/14/2020 14:00,10,3,7
5/14/2020 15:00,17,9,8
5/14/2020 16:00,12,7,5
5/14/2020 17:00,22,7,15
5/14/2020 18:00,16,10,6
5/14/2020 19:00,8,6,2
5/14/2020 20:00,6,3,3
5/14/2020 21:00,0,0,0
5/14/2020 22:00,0,0,0
5/14/2020 23:00,1,0,1
5/15/2020 0:00,0,0,0
5/15/2020 1:00,1,1,0
5/15/2020 2:00,2,1,1
5/15/2020 3:00,0,0,0
5/15/2020 4:00,0,0,0
5/15/2020 5:00,0,0,0
5/15/2020 6:00,5,2,3
5/15/2020 7:00,3,2,1
5/15/2020 8:00,0,0,0
5/15/2020 9:00,2,1,1
5/15/2020 10:00,7,4,3
5/15/2020 11:00,4,2,2
5/15/2020 12:00,13,2,11
5/15/2020 13:00,7,1,6
5/15/2020 14:00,19,6,13
5/15/2020 15:00,11,8,3
5/15/2020 16:00,23,16,7
5/15/2020 17:00,32,12,20
5/15/2020 18:00,20,9,11
5/15/2020 19:00,15,7,8
5/15/2020 20:00,9,5,4
5/15/2020 21:00,1,1,0
5/15/2020 22:00,1,1,0
5/15/2020 23:00,0,0,0
5/16/2020 0:00,0,0,0
5/16/2020 1:00,1,1,0
5/16/2020 2:00,0,0,0
5/16/2020 3:00,0,0,0
5/16/2020 4:00,0,0,0
5/16/2020 5:00,0,0,0
5/16/2020 6:00,1,0,1
5/16/2020 7:00,2,1,1
5/16/2020 8:00,1,1,0
5/16/2020 9:00,5,2,3
5/16/2020 10:00,3,1,2
5/16/2020 11:00,2,2,0
5/16/2020 12:00,8,5,3
5/16/2020 13:00,3,2,1
5/16/2020 14:00,6,6,0
5/16/2020 15:00,11,4,7
5/16/2020 16:00,7,6,1
5/16/2020 17:00,3,1,2
5/16/2020 18:00,3,2,1
5/16/2020 19:00,1,1,0
5/16/2020 20:00,2,1,1
5/16/2020 21:00,0,0,0
5/16/2020 22:00,0,0,0
5/16/2020 23:00,0,0,0
5/17/2020 0:00,1,0,1
5/17/2020 1:00,0,0,0
5/17/2020 2:00,0,0,0
5/17/2020 3:00,0,0,0
5/17/2020 4:00,0,0,0
5/17/2020 5:00,1,0,1
5/17/2020 6:00,0,0,0
5/17/2020 7:00,2,1,1
5/17/2020 8:00,1,0,1
5/17/2020 9:00,4,3,1
5/17/2020 10:00,11,2,9
5/17/2020 11:00,4,2,2
5/17/2020 12:00,12,9,3
5/17/2020 13:00,33,20,13
5/17/2020 14:00,23,13,10
5/17/2020 15:00,40,18,22
5/17/2020 16:00,21,10,11
5/17/2020 17:00,13,5,8
5/17/2020 18:00,9,5,4
5/17/2020 19:00,6,2,4
5/17/2020 20:00,8,5,3
5/17/2020 21:00,3,3,0
5/17/2020 22:00,0,0,0
5/17/2020 23:00,3,1,2
5/18/2020 0:00,0,0,0
5/18/2020 1:00,0,0,0
5/18/2020 2:00,0,0,0
5/18/2020 3:00,0,0,0
5/18/2020 4:00,0,0,0
5/18/2020 5:00,1,0,1
5/18/2020 6:00,1,0,1
5/18/2020 7:00,5,2,3
5/18/2020 8:00,3,3,0
5/18/2020 9:00,6,4,2
5/18/2020 10:00,6,4,2
5/18/2020 11:00,3,0,3
5/18/2020 12:00,4,3,1
5/18/2020 13:00,2,1,1
5/18/2020 14:00,10,6,4
5/18/2020 15:00,9,3,6
5/18/2020 16:00,9,1,8
5/18/2020 17:00,19,7,12
5/18/2020 18:00,18,5,13
5/18/2020 19:00,9,8,1
5/18/2020 20:00,6,6,0
5/18/2020 21:00,2,1,1
5/18/2020 22:00,3,2,1
5/18/2020 23:00,1,0,1
5/19/2020 0:00,0,0,0
5/19/2020 1:00,0,0,0
5/19/2020 2:00,0,0,0
5/19/2020 3:00,0,0,0
5/19/2020 4:00,0,0,0
5/19/2020 5:00,0,0,0
5/19/2020 6:00,3,1,2
5/19/2020 7:00,6,3,3
5/19/2020 8:00,8,2,6
5/19/2020 9:00,4,2,2
5/19/2020 10:00,6,3,3
5/19/2020 11:00,9,4,5
5/19/2020 12:00,11,7,4
5/19/2020 13:00,7,2,5
5/19/2020 14:00,11,7,4
5/19/2020 15:00,23,14,9
5/19/2020 16:00,21,9,12
5/19/2020 17:00,24,13,11
5/19/2020 18:00,13,6,7
5/19/2020 19:00,15,9,6
5/19/2020 20:00,11,3,8
5/19/2020 21:00,5,4,1
5/19/2020 22:00,0,0,0
5/19/2020 23:00,2,1,1
5/20/2020 0:00,0,0,0
5/20/2020 1:00,0,0,0
5/20/2020 2:00,0,0,0
5/20/2020 3:00,0,0,0
5/20/2020 4:00,0,0,0
5/20/2020 5:00,1,1,0
5/20/2020 6:00,0,0,0
5/20/2020 7:00,6,3,3
5/20/2020 8:00,5,3,2
5/20/2020 9:00,3,1,2
5/20/2020 10:00,3,2,1
5/20/2020 11:00,6,3,3
5/20/2020 12:00,9,5,4
5/20/2020 13:00,4,2,2
5/20/2020 14:00,7,3,4
5/20/2020 15:00,4,2,2
5/20/2020 16:00,9,7,2
5/20/2020 17:00,7,3,4
5/20/2020 18:00,5,2,3
5/20/2020 19:00,2,1,1
5/20/2020 20:00,0,0,0
5/20/2020 21:00,0,0,0
5/20/2020 22:00,1,0,1
5/20/2020 23:00,2,0,2
5/21/2020 0:00,0,0,0
5/21/2020 1:00,0,0,0
5/21/2020 2:00,1,1,0
5/21/2020 3:00,0,0,0
5/21/2020 4:00,0,0,0
5/21/2020 5:00,0,0,0
5/21/2020 6:00,0,0,0
5/21/2020 7:00,1,1,0
5/21/2020 8:00,0,0,0
5/21/2020 9:00,4,3,1
5/21/2020 10:00,2,1,1
5/21/2020 11:00,3,2,1
5/21/2020 12:00,7,3,4
5/21/2020 13:00,8,4,4
5/21/2020 14:00,6,0,6
5/21/2020 15:00,8,3,5
5/21/2020 16:00,1,0,1
5/21/2020 17:00,6,4,2
5/21/2020 18:00,4,3,1
5/21/2020 19:00,3,1,2
5/21/2020 20:00,2,0,2
5/21/2020 21:00,1,0,1
5/21/2020 22:00,0,0,0
5/21/2020 23:00,1,1,0
5/22/2020 0:00,0,0,0
5/22/2020 1:00,1,1,0
5/22/2020 2:00,0,0,0
5/22/2020 3:00,0,0,0
5/22/2020 4:00,1,0,1
5/22/2020 5:00,0,0,0
5/22/2020 6:00,2,0,2
5/22/2020 7:00,3,1,2
5/22/2020 8:00,3,2,1
5/22/2020 9:00,10,3,7
5/22/2020 10:00,6,4,2
5/22/2020 11:00,3,1,2
5/22/2020 12:00,9,5,4
5/22/2020 13:00,9,3,6
5/22/2020 14:00,6,3,3
5/22/2020 15:00,5,3,2
5/22/2020 16:00,10,6,4
5/22/2020 17:00,8,4,4
5/22/2020 18:00,6,4,2
5/22/2020 19:00,5,2,3
5/22/2020 20:00,5,1,4
5/22/2020 21:00,1,1,0
5/22/2020 22:00,0,0,0
5/22/2020 23:00,1,1,0
5/23/2020 0:00,0,0,0
5/23/2020 1:00,0,0,0
5/23/2020 2:00,1,1,0
5/23/2020 3:00,0,0,0
5/23/2020 4:00,0,0,0
5/23/2020 5:00,0,0,0
5/23/2020 6:00,0,0,0
5/23/2020 7:00,5,4,1
5/23/2020 8:00,2,0,2
5/23/2020 9:00,6,2,4
5/23/2020 10:00,6,1,5
5/23/2020 11:00,5,2,3
5/23/2020 12:00,14,6,8
5/23/2020 13:00,13,8,5
5/23/2020 14:00,5,3,2
5/23/2020 15:00,12,4,8
5/23/2020 16:00,12,7,5
5/23/2020 17:00,13,7,6
5/23/2020 18:00,6,4,2
5/23/2020 19:00,8,3,5
5/23/2020 20:00,9,6,3
5/23/2020 21:00,1,1,0
5/23/2020 22:00,1,0,1
5/23/2020 23:00,0,0,0
5/24/2020 0:00,0,0,0
5/24/2020 1:00,0,0,0
5/24/2020 2:00,0,0,0
5/24/2020 3:00,0,0,0
5/24/2020 4:00,0,0,0
5/24/2020 5:00,0,0,0
5/24/2020 6:00,0,0,0
5/24/2020 7:00,1,1,0
5/24/2020 8:00,3,1,2
5/24/2020 9:00,11,1,10
5/24/2020 10:00,8,2,6
5/24/2020 11:00,13,5,8
5/24/2020 12:00,16,11,5
5/24/2020 13:00,18,11,7
5/24/2020 14:00,27,10,17
5/24/2020 15:00,32,11,21
5/24/2020 16:00,19,11,8
5/24/2020 17:00,19,10,9
5/24/2020 18:00,16,5,11
5/24/2020 19:00,7,3,4
5/24/2020 20:00,7,4,3
5/24/2020 21:00,1,0,1
5/24/2020 22:00,2,1,1
5/24/2020 23:00,3,0,3
5/25/2020 0:00,1,0,1
5/25/2020 1:00,0,0,0
5/25/2020 2:00,0,0,0
5/25/2020 3:00,0,0,0
5/25/2020 4:00,0,0,0
5/25/2020 5:00,0,0,0
5/25/2020 6:00,0,0,0
5/25/2020 7:00,2,2,0
5/25/2020 8:00,2,1,1
5/25/2020 9:00,1,1,0
5/25/2020 10:00,2,1,1
5/25/2020 11:00,7,2,5
5/25/2020 12:00,9,6,3
5/25/2020 13:00,7,7,0
5/25/2020 14:00,4,3,1
5/25/2020 15:00,2,1,1
5/25/2020 16:00,12,7,5
5/25/2020 17:00,5,3,2
5/25/2020 18:00,1,0,1
5/25/2020 19:00,0,0,0
5/25/2020 20:00,1,1,0
5/25/2020 21:00,0,0,0
5/25/2020 22:00,0,0,0
5/25/2020 23:00,0,0,0
5/26/2020 0:00,1,0,1
5/26/2020 1:00,0,0,0
5/26/2020 2:00,0,0,0
5/26/2020 3:00,0,0,0
5/26/2020 4:00,0,0,0
5/26/2020 5:00,1,0,1
5/26/2020 6:00,0,0,0
5/26/2020 7:00,3,2,1
5/26/2020 8:00,6,3,3
5/26/2020 9:00,4,2,2
5/26/2020 10:00,2,1,1
5/26/2020 11:00,5,4,1
5/26/2020 12:00,5,0,5
5/26/2020 13:00,8,0,8
5/26/2020 14:00,7,6,1
5/26/2020 15:00,9,2,7
5/26/2020 16:00,21,5,16
5/26/2020 17:00,25,13,12
5/26/2020 18:00,16,7,9
5/26/2020 19:00,13,5,8
5/26/2020 20:00,13,8,5
5/26/2020 21:00,1,0,1
5/26/2020 22:00,2,2,0
5/26/2020 23:00,0,0,0
5/27/2020 0:00,1,0,1
5/27/2020 1:00,0,0,0
5/27/2020 2:00,0,0,0
5/27/2020 3:00,0,0,0
5/27/2020 4:00,0,0,0
5/27/2020 5:00,0,0,0
5/27/2020 6:00,1,0,1
5/27/2020 7:00,3,2,1
5/27/2020 8:00,2,2,0
5/27/2020 9:00,4,0,4
5/27/2020 10:00,6,2,4
5/27/2020 11:00,12,4,8
5/27/2020 12:00,19,8,11
5/27/2020 13:00,9,6,3
5/27/2020 14:00,14,5,9
5/27/2020 15:00,13,2,11
5/27/2020 16:00,19,11,8
5/27/2020 17:00,19,9,10
5/27/2020 18:00,30,12,18
5/27/2020 19:00,14,4,10
5/27/2020 20:00,9,3,6
5/27/2020 21:00,6,4,2
5/27/2020 22:00,2,1,1
5/27/2020 23:00,1,1,0
5/28/2020 0:00,0,0,0
5/28/2020 1:00,0,0,0
5/28/2020 2:00,0,0,0
5/28/2020 3:00,1,0,1
5/28/2020 4:00,0,0,0
5/28/2020 5:00,1,0,1
5/28/2020 6:00,3,0,3
5/28/2020 7:00,5,3,2
5/28/2020 8:00,3,3,0
5/28/2020 9:00,2,1,1
5/28/2020 10:00,12,4,8
5/28/2020 11:00,5,3,2
5/28/2020 12:00,5,0,5
5/28/2020 13:00,3,1,2
5/28/2020 14:00,11,8,3
5/28/2020 15:00,13,6,7
5/28/2020 16:00,10,3,7
5/28/2020 17:00,21,16,5
5/28/2020 18:00,7,3,4
5/28/2020 19:00,11,5,6
5/28/2020 20:00,7,6,1
5/28/2020 21:00,1,1,0
5/28/2020 22:00,0,0,0
5/28/2020 23:00,0,0,0
5/29/2020 0:00,0,0,0
5/29/2020 1:00,0,0,0
5/29/2020 2:00,0,0,0
5/29/2020 3:00,0,0,0
5/29/2020 4:00,0,0,0
5/29/2020 5:00,1,1,0
5/29/2020 6:00,3,2,1
5/29/2020 7:00,4,2,2
5/29/2020 8:00,3,2,1
5/29/2020 9:00,4,1,3
5/29/2020 10:00,7,2,5
5/29/2020 11:00,5,2,3
5/29/2020 12:00,15,8,7
5/29/2020 13:00,10,5,5
5/29/2020 14:00,16,8,8
5/29/2020 15:00,17,9,8
5/29/2020 16:00,13,7,6
5/29/2020 17:00,17,5,12
5/29/2020 18:00,13,5,8
5/29/2020 19:00,23,16,7
5/29/2020 20:00,2,2,0
5/29/2020 21:00,3,3,0
5/29/2020 22:00,3,1,2
5/29/2020 23:00,0,0,0
5/30/2020 0:00,0,0,0
5/30/2020 1:00,1,0,1
5/30/2020 2:00,0,0,0
5/30/2020 3:00,0,0,0
5/30/2020 4:00,0,0,0
5/30/2020 5:00,0,0,0
5/30/2020 6:00,0,0,0
5/30/2020 7:00,5,2,3
5/30/2020 8:00,2,1,1
5/30/2020 9:00,0,0,0
5/30/2020 10:00,4,2,2
5/30/2020 11:00,1,0,1
5/30/2020 12:00,6,3,3
5/30/2020 13:00,0,0,0
5/30/2020 14:00,2,2,0
5/30/2020 15:00,3,0,3
5/30/2020 16:00,0,0,0
5/30/2020 17:00,2,2,0
5/30/2020 18:00,2,1,1
5/30/2020 19:00,0,0,0
5/30/2020 20:00,0,0,0
5/30/2020 21:00,0,0,0
5/30/2020 22:00,1,0,1
5/30/2020 23:00,0,0,0
5/31/2020 0:00,0,0,0
5/31/2020 1:00,0,0,0
5/31/2020 2:00,0,0,0
5/31/2020 3:00,0,0,0
5/31/2020 4:00,1,1,0
5/31/2020 5:00,0,0,0
5/31/2020 6:00,0,0,0
5/31/2020 7:00,1,1,0
5/31/2020 8:00,1,0,1
5/31/2020 9:00,1,1,0
5/31/2020 10:00,1,0,1
5/31/2020 11:00,4,0,4
5/31/2020 12:00,5,1,4
5/31/2020 13:00,4,1,3
5/31/2020 14:00,11,5,6
5/31/2020 15:00,19,7,12
5/31/2020 16:00,20,12,8
5/31/2020 17:00,3,2,1
5/31/2020 18:00,5,3,2
5/31/2020 19:00,4,4,0
5/31/2020 20:00,3,2,1
5/31/2020 21:00,6,4,2
5/31/2020 22:00,3,2,1
5/31/2020 23:00,0,0,0
6/1/2020 0:00,0,0,0
6/1/2020 1:00,0,0,0
6/1/2020 2:00,0,0,0
6/1/2020 3:00,0,0,0
6/1/2020 4:00,0,0,0
6/1/2020 5:00,0,0,0
6/1/2020 6:00,1,0,1
6/1/2020 7:00,0,0,0
6/1/2020 8:00,6,2,4
6/1/2020 9:00,3,2,1
6/1/2020 10:00,3,1,2
6/1/2020 11:00,4,2,2
6/1/2020 12:00,9,3,6
6/1/2020 13:00,10,4,6
6/1/2020 14:00,6,2,4
6/1/2020 15:00,2,0,2
6/1/2020 16:00,14,9,5
6/1/2020 17:00,17,7,10
6/1/2020 18:00,11,8,3
6/1/2020 19:00,9,3,6
6/1/2020 20:00,6,4,2
6/1/2020 21:00,1,0,1
6/1/2020 22:00,0,0,0
6/1/2020 23:00,0,0,0
6/2/2020 0:00,0,0,0
6/2/2020 1:00,0,0,0
6/2/2020 2:00,0,0,0
6/2/2020 3:00,0,0,0
6/2/2020 4:00,0,0,0
6/2/2020 5:00,0,0,0
6/2/2020 6:00,1,1,0
6/2/2020 7:00,9,4,5
6/2/2020 8:00,6,4,2
6/2/2020 9:00,2,0,2
6/2/2020 10:00,3,2,1
6/2/2020 11:00,6,4,2
6/2/2020 12:00,5,1,4
6/2/2020 13:00,5,2,3
6/2/2020 14:00,3,1,2
6/2/2020 15:00,4,0,4
6/2/2020 16:00,2,2,0
6/2/2020 17:00,6,1,5
6/2/2020 18:00,8,4,4
6/2/2020 19:00,3,0,3
6/2/2020 20:00,8,3,5
6/2/2020 21:00,1,0,1
6/2/2020 22:00,2,2,0
6/2/2020 23:00,0,0,0
6/3/2020 0:00,1,0,1
6/3/2020 1:00,0,0,0
6/3/2020 2:00,0,0,0
6/3/2020 3:00,1,1,0
6/3/2020 4:00,0,0,0
6/3/2020 5:00,0,0,0
6/3/2020 6:00,1,0,1
6/3/2020 7:00,5,2,3
6/3/2020 8:00,3,3,0
6/3/2020 9:00,3,1,2
6/3/2020 10:00,6,4,2
6/3/2020 11:00,3,1,2
6/3/2020 12:00,16,7,9
6/3/2020 13:00,3,0,3
6/3/2020 14:00,7,3,4
6/3/2020 15:00,17,5,12
6/3/2020 16:00,12,6,6
6/3/2020 17:00,12,6,6
6/3/2020 18:00,14,4,10
6/3/2020 19:00,6,4,2
6/3/2020 20:00,3,1,2
6/3/2020 21:00,1,0,1
6/3/2020 22:00,0,0,0
6/3/2020 23:00,0,0,0
6/4/2020 0:00,0,0,0
6/4/2020 1:00,0,0,0
6/4/2020 2:00,0,0,0
6/4/2020 3:00,0,0,0
6/4/2020 4:00,0,0,0
6/4/2020 5:00,1,1,0
6/4/2020 6:00,0,0,0
6/4/2020 7:00,6,3,3
6/4/2020 8:00,4,4,0
6/4/2020 9:00,2,1,1
6/4/2020 10:00,5,3,2
6/4/2020 11:00,5,4,1
6/4/2020 12:00,9,5,4
6/4/2020 13:00,3,1,2
6/4/2020 14:00,12,6,6
6/4/2020 15:00,15,9,6
6/4/2020 16:00,10,6,4
6/4/2020 17:00,14,6,8
6/4/2020 18:00,11,7,4
6/4/2020 19:00,12,7,5
6/4/2020 20:00,6,3,3
6/4/2020 21:00,1,1,0
6/4/2020 22:00,2,1,1
6/4/2020 23:00,1,1,0
6/5/2020 0:00,0,0,0
6/5/2020 1:00,0,0,0
6/5/2020 2:00,2,2,0
6/5/2020 3:00,0,0,0
6/5/2020 4:00,0,0,0
6/5/2020 5:00,0,0,0
6/5/2020 6:00,1,1,0
6/5/2020 7:00,4,2,2
6/5/2020 8:00,2,2,0
6/5/2020 9:00,2,0,2
6/5/2020 10:00,11,4,7
6/5/2020 11:00,11,7,4
6/5/2020 12:00,3,1,2
6/5/2020 13:00,6,2,4
6/5/2020 14:00,0,0,0
6/5/2020 15:00,17,8,9
6/5/2020 16:00,7,2,5
6/5/2020 17:00,13,7,6
6/5/2020 18:00,17,5,12
6/5/2020 19:00,5,3,2
6/5/2020 20:00,2,2,0
6/5/2020 21:00,2,1,1
6/5/2020 22:00,2,1,1
6/5/2020 23:00,0,0,0
6/6/2020 0:00,1,1,0
6/6/2020 1:00,2,1,1
6/6/2020 2:00,1,0,1
6/6/2020 3:00,0,0,0
6/6/2020 4:00,0,0,0
6/6/2020 5:00,1,1,0
6/6/2020 6:00,2,1,1
6/6/2020 7:00,1,1,0
6/6/2020 8:00,2,0,2
6/6/2020 9:00,2,2,0
6/6/2020 10:00,5,1,4
6/6/2020 11:00,6,2,4
6/6/2020 12:00,19,4,15
6/6/2020 13:00,23,18,5
6/6/2020 14:00,21,5,16
6/6/2020 15:00,9,6,3
6/6/2020 16:00,14,9,5
6/6/2020 17:00,10,8,2
6/6/2020 18:00,5,4,1
6/6/2020 19:00,10,4,6
6/6/2020 20:00,3,1,2
6/6/2020 21:00,0,0,0
6/6/2020 22:00,0,0,0
6/6/2020 23:00,1,1,0
6/7/2020 0:00,0,0,0
6/7/2020 1:00,0,0,0
6/7/2020 2:00,0,0,0
6/7/2020 3:00,0,0,0
6/7/2020 4:00,0,0,0
6/7/2020 5:00,0,0,0
6/7/2020 6:00,0,0,0
6/7/2020 7:00,0,0,0
6/7/2020 8:00,1,0,1
6/7/2020 9:00,1,1,0
6/7/2020 10:00,2,1,1
6/7/2020 11:00,9,9,0
6/7/2020 12:00,6,2,4
6/7/2020 13:00,10,6,4
6/7/2020 14:00,20,7,13
6/7/2020 15:00,17,6,11
6/7/2020 16:00,22,13,9
6/7/2020 17:00,21,12,9
6/7/2020 18:00,10,4,6
6/7/2020 19:00,2,1,1
6/7/2020 20:00,3,1,2
6/7/2020 21:00,2,2,0
6/7/2020 22:00,0,0,0
6/7/2020 23:00,0,0,0
6/8/2020 0:00,0,0,0
6/8/2020 1:00,0,0,0
6/8/2020 2:00,0,0,0
6/8/2020 3:00,0,0,0
6/8/2020 4:00,0,0,0
6/8/2020 5:00,1,0,1
6/8/2020 6:00,0,0,0
6/8/2020 7:00,3,1,2
6/8/2020 8:00,4,4,0
6/8/2020 9:00,1,1,0
6/8/2020 10:00,5,2,3
6/8/2020 11:00,11,3,8
6/8/2020 12:00,12,6,6
6/8/2020 13:00,14,11,3
6/8/2020 14:00,4,3,1
6/8/2020 15:00,9,3,6
6/8/2020 16:00,16,7,9
6/8/2020 17:00,9,3,6
6/8/2020 18:00,7,4,3
6/8/2020 19:00,2,2,0
6/8/2020 20:00,3,2,1
6/8/2020 21:00,3,3,0
6/8/2020 22:00,0,0,0
6/8/2020 23:00,0,0,0
6/9/2020 0:00,0,0,0
6/9/2020 1:00,0,0,0
6/9/2020 2:00,0,0,0
6/9/2020 3:00,1,0,1
6/9/2020 4:00,0,0,0
6/9/2020 5:00,1,0,1
6/9/2020 6:00,0,0,0
6/9/2020 7:00,3,2,1
6/9/2020 8:00,0,0,0
6/9/2020 9:00,1,1,0
6/9/2020 10:00,2,1,1
6/9/2020 11:00,2,1,1
6/9/2020 12:00,1,0,1
6/9/2020 13:00,3,1,2
6/9/2020 14:00,5,2,3
6/9/2020 15:00,3,0,3
6/9/2020 16:00,11,4,7
6/9/2020 17:00,2,1,1
6/9/2020 18:00,4,1,3
6/9/2020 19:00,2,2,0
6/9/2020 20:00,4,0,4
6/9/2020 21:00,1,0,1
6/9/2020 22:00,0,0,0
6/9/2020 23:00,0,0,0
6/10/2020 0:00,0,0,0
6/10/2020 1:00,1,1,0
6/10/2020 2:00,0,0,0
6/10/2020 3:00,0,0,0
6/10/2020 4:00,0,0,0
6/10/2020 5:00,0,0,0
6/10/2020 6:00,2,0,2
6/10/2020 7:00,7,4,3
6/10/2020 8:00,3,1,2
6/10/2020 9:00,3,3,0
6/10/2020 10:00,4,2,2
6/10/2020 11:00,8,4,4
6/10/2020 12:00,18,7,11
6/10/2020 13:00,15,4,11
6/10/2020 14:00,9,4,5
6/10/2020 15:00,13,4,9
6/10/2020 16:00,9,6,3
6/10/2020 17:00,24,14,10
6/10/2020 18:00,13,3,10
6/10/2020 19:00,10,4,6
6/10/2020 20:00,9,5,4
6/10/2020 21:00,6,4,2
6/10/2020 22:00,2,2,0
6/10/2020 23:00,1,1,0
6/11/2020 0:00,0,0,0
6/11/2020 1:00,0,0,0
6/11/2020 2:00,0,0,0
6/11/2020 3:00,0,0,0
6/11/2020 4:00,0,0,0
6/11/2020 5:00,0,0,0
6/11/2020 6:00,1,0,1
6/11/2020 7:00,3,2,1
6/11/2020 8:00,1,1,0
6/11/2020 9:00,1,1,0
6/11/2020 10:00,3,1,2
6/11/2020 11:00,2,0,2
6/11/2020 12:00,1,0,1
6/11/2020 13:00,4,0,4
6/11/2020 14:00,5,2,3
6/11/2020 15:00,14,7,7
6/11/2020 16:00,10,2,8
6/11/2020 17:00,12,3,9
6/11/2020 18:00,15,10,5
6/11/2020 19:00,13,8,5
6/11/2020 20:00,7,5,2
6/11/2020 21:00,2,2,0
6/11/2020 22:00,6,5,1
6/11/2020 23:00,0,0,0
6/12/2020 0:00,0,0,0
6/12/2020 1:00,0,0,0
6/12/2020 2:00,0,0,0
6/12/2020 3:00,0,0,0
6/12/2020 4:00,0,0,0
6/12/2020 5:00,0,0,0
6/12/2020 6:00,2,1,1
6/12/2020 7:00,7,3,4
6/12/2020 8:00,1,0,1
6/12/2020 9:00,4,0,4
6/12/2020 10:00,2,1,1
6/12/2020 11:00,3,1,2
6/12/2020 12:00,3,2,1
6/12/2020 13:00,4,2,2
6/12/2020 14:00,0,0,0
6/12/2020 15:00,1,0,1
6/12/2020 16:00,0,0,0
6/12/2020 17:00,11,7,4
6/12/2020 18:00,11,3,8
6/12/2020 19:00,2,0,2
6/12/2020 20:00,3,2,1
6/12/2020 21:00,2,1,1
6/12/2020 22:00,0,0,0
6/12/2020 23:00,1,1,0
6/13/2020 0:00,0,0,0
6/13/2020 1:00,0,0,0
6/13/2020 2:00,0,0,0
6/13/2020 3:00,0,0,0
6/13/2020 4:00,0,0,0
6/13/2020 5:00,0,0,0
6/13/2020 6:00,0,0,0
6/13/2020 7:00,1,0,1
6/13/2020 8:00,0,0,0
6/13/2020 9:00,0,0,0
6/13/2020 10:00,2,1,1
6/13/2020 11:00,10,1,9
6/13/2020 12:00,14,6,8
6/13/2020 13:00,6,1,5
6/13/2020 14:00,1,0,1
6/13/2020 15:00,5,3,2
6/13/2020 16:00,6,6,0
6/13/2020 17:00,4,2,2
6/13/2020 18:00,2,0,2
6/13/2020 19:00,1,1,0
6/13/2020 20:00,0,0,0
6/13/2020 21:00,3,1,2
6/13/2020 22:00,0,0,0
6/13/2020 23:00,3,0,3
6/14/2020 0:00,0,0,0
6/14/2020 1:00,0,0,0
6/14/2020 2:00,0,0,0
6/14/2020 3:00,0,0,0
6/14/2020 4:00,0,0,0
6/14/2020 5:00,0,0,0
6/14/2020 6:00,4,0,4
6/14/2020 7:00,1,1,0
6/14/2020 8:00,1,0,1
6/14/2020 9:00,2,1,1
6/14/2020 10:00,7,2,5
6/14/2020 11:00,15,2,13
6/14/2020 12:00,14,7,7
6/14/2020 13:00,27,15,12
6/14/2020 14:00,27,16,11
6/14/2020 15:00,17,10,7
6/14/2020 16:00,16,7,9
6/14/2020 17:00,11,4,7
6/14/2020 18:00,1,0,1
6/14/2020 19:00,8,2,6
6/14/2020 20:00,3,2,1
6/14/2020 21:00,1,1,0
6/14/2020 22:00,0,0,0
6/14/2020 23:00,0,0,0
6/15/2020 0:00,1,1,0
6/15/2020 1:00,0,0,0
6/15/2020 2:00,0,0,0
6/15/2020 3:00,0,0,0
6/15/2020 4:00,0,0,0
6/15/2020 5:00,1,0,1
6/15/2020 6:00,0,0,0
6/15/2020 7:00,0,0,0
6/15/2020 8:00,2,1,1
6/15/2020 9:00,0,0,0
6/15/2020 10:00,3,3,0
6/15/2020 11:00,4,2,2
6/15/2020 12:00,6,3,3
6/15/2020 13:00,3,1,2
6/15/2020 14:00,7,3,4
6/15/2020 15:00,5,4,1
6/15/2020 16:00,6,4,2
6/15/2020 17:00,9,4,5
6/15/2020 18:00,11,0,11
6/15/2020 19:00,2,2,0
6/15/2020 20:00,9,5,4
6/15/2020 21:00,1,0,1
6/15/2020 22:00,0,0,0
6/15/2020 23:00,0,0,0
6/16/2020 0:00,0,0,0
6/16/2020 1:00,0,0,0
6/16/2020 2:00,0,0,0
6/16/2020 3:00,0,0,0
6/16/2020 4:00,0,0,0
6/16/2020 5:00,0,0,0
6/16/2020 6:00,0,0,0
6/16/2020 7:00,4,1,3
6/16/2020 8:00,5,1,4
6/16/2020 9:00,3,2,1
6/16/2020 10:00,4,3,1
6/16/2020 11:00,2,1,1
6/16/2020 12:00,7,2,5
6/16/2020 13:00,8,1,7
6/16/2020 14:00,12,5,7
6/16/2020 15:00,11,4,7
6/16/2020 16:00,16,9,7
6/16/2020 17:00,19,10,9
6/16/2020 18:00,13,6,7
6/16/2020 19:00,18,10,8
6/16/2020 20:00,6,3,3
6/16/2020 21:00,2,0,2
6/16/2020 22:00,0,0,0
6/16/2020 23:00,0,0,0
6/17/2020 0:00,0,0,0
6/17/2020 1:00,0,0,0
6/17/2020 2:00,0,0,0
6/17/2020 3:00,0,0,0
6/17/2020 4:00,0,0,0
6/17/2020 5:00,0,0,0
6/17/2020 6:00,0,0,0
6/17/2020 7:00,5,3,2
6/17/2020 8:00,2,2,0
6/17/2020 9:00,6,6,0
6/17/2020 10:00,10,3,7
6/17/2020 11:00,7,2,5
6/17/2020 12:00,8,3,5
6/17/2020 13:00,8,2,6
6/17/2020 14:00,15,3,12
6/17/2020 15:00,11,7,4
6/17/2020 16:00,13,2,11
6/17/2020 17:00,32,10,22
6/17/2020 18:00,20,13,7
6/17/2020 19:00,7,3,4
6/17/2020 20:00,8,5,3
6/17/2020 21:00,4,2,2
6/17/2020 22:00,0,0,0
6/17/2020 23:00,1,1,0
6/18/2020 0:00,0,0,0
6/18/2020 1:00,0,0,0
6/18/2020 2:00,0,0,0
6/18/2020 3:00,0,0,0
6/18/2020 4:00,0,0,0
6/18/2020 5:00,0,0,0
6/18/2020 6:00,0,0,0
6/18/2020 7:00,3,2,1
6/18/2020 8:00,9,5,4
6/18/2020 9:00,4,2,2
6/18/2020 10:00,8,2,6
6/18/2020 11:00,7,5,2
6/18/2020 12:00,8,4,4
6/18/2020 13:00,13,4,9
6/18/2020 14:00,8,3,5
6/18/2020 15:00,13,8,5
6/18/2020 16:00,14,8,6
6/18/2020 17:00,15,8,7
6/18/2020 18:00,18,5,13
6/18/2020 19:00,12,4,8
6/18/2020 20:00,5,4,1
6/18/2020 21:00,7,5,2
6/18/2020 22:00,2,2,0
6/18/2020 23:00,0,0,0
6/19/2020 0:00,0,0,0
6/19/2020 1:00,0,0,0
6/19/2020 2:00,0,0,0
6/19/2020 3:00,0,0,0
6/19/2020 4:00,0,0,0
6/19/2020 5:00,0,0,0
6/19/2020 6:00,3,0,3
6/19/2020 7:00,4,3,1
6/19/2020 8:00,4,2,2
6/19/2020 9:00,4,2,2
6/19/2020 10:00,9,2,7
6/19/2020 11:00,6,4,2
6/19/2020 12:00,16,8,8
6/19/2020 13:00,15,7,8
6/19/2020 14:00,18,10,8
6/19/2020 15:00,9,5,4
6/19/2020 16:00,19,10,9
6/19/2020 17:00,27,15,12
6/19/2020 18:00,8,3,5
6/19/2020 19:00,17,9,8
6/19/2020 20:00,5,3,2
6/19/2020 21:00,1,0,1
6/19/2020 22:00,1,0,1
6/19/2020 23:00,0,0,0
6/20/2020 0:00,0,0,0
6/20/2020 1:00,0,0,0
6/20/2020 2:00,0,0,0
6/20/2020 3:00,0,0,0
6/20/2020 4:00,0,0,0
6/20/2020 5:00,0,0,0
6/20/2020 6:00,0,0,0
6/20/2020 7:00,0,0,0
6/20/2020 8:00,0,0,0
6/20/2020 9:00,1,1,0
6/20/2020 10:00,3,1,2
6/20/2020 11:00,8,1,7
6/20/2020 12:00,4,1,3
6/20/2020 13:00,14,9,5
6/20/2020 14:00,21,10,11
6/20/2020 15:00,10,7,3
6/20/2020 16:00,9,6,3
6/20/2020 17:00,6,3,3
6/20/2020 18:00,4,1,3
6/20/2020 19:00,13,10,3
6/20/2020 20:00,4,2,2
6/20/2020 21:00,1,0,1
6/20/2020 22:00,1,1,0
6/20/2020 23:00,0,0,0
6/21/2020 0:00,0,0,0
6/21/2020 1:00,0,0,0
6/21/2020 2:00,1,0,1
6/21/2020 3:00,0,0,0
6/21/2020 4:00,0,0,0
6/21/2020 5:00,0,0,0
6/21/2020 6:00,1,1,0
6/21/2020 7:00,0,0,0
6/21/2020 8:00,3,1,2
6/21/2020 9:00,3,2,1
6/21/2020 10:00,10,1,9
6/21/2020 11:00,15,6,9
6/21/2020 12:00,19,4,15
6/21/2020 13:00,19,17,2
6/21/2020 14:00,16,9,7
6/21/2020 15:00,10,4,6
6/21/2020 16:00,17,9,8
6/21/2020 17:00,9,6,3
6/21/2020 18:00,13,6,7
6/21/2020 19:00,5,2,3
6/21/2020 20:00,4,3,1
6/21/2020 21:00,5,3,2
6/21/2020 22:00,5,3,2
6/21/2020 23:00,0,0,0
6/22/2020 0:00,0,0,0
6/22/2020 1:00,0,0,0
6/22/2020 2:00,0,0,0
6/22/2020 3:00,0,0,0
6/22/2020 4:00,0,0,0
6/22/2020 5:00,1,0,1
6/22/2020 6:00,1,1,0
6/22/2020 7:00,4,2,2
6/22/2020 8:00,2,1,1
6/22/2020 9:00,4,2,2
6/22/2020 10:00,4,3,1
6/22/2020 11:00,3,2,1
6/22/2020 12:00,14,6,8
6/22/2020 13:00,12,7,5
6/22/2020 14:00,11,4,7
6/22/2020 15:00,18,6,12
6/22/2020 16:00,15,9,6
6/22/2020 17:00,19,12,7
6/22/2020 18:00,29,12,17
6/22/2020 19:00,16,10,6
6/22/2020 20:00,9,6,3
6/22/2020 21:00,6,4,2
6/22/2020 22:00,1,0,1
6/22/2020 23:00,0,0,0
6/23/2020 0:00,2,1,1
6/23/2020 1:00,2,1,1
6/23/2020 2:00,1,0,1
6/23/2020 3:00,1,1,0
6/23/2020 4:00,1,1,0
6/23/2020 5:00,0,0,0
6/23/2020 6:00,4,1,3
6/23/2020 7:00,1,0,1
6/23/2020 8:00,4,4,0
6/23/2020 9:00,2,0,2
6/23/2020 10:00,6,2,4
6/23/2020 11:00,0,0,0
6/23/2020 12:00,0,0,0
6/23/2020 13:00,13,6,7
6/23/2020 14:00,10,2,8
6/23/2020 15:00,8,6,2
6/23/2020 16:00,13,6,7
6/23/2020 17:00,10,5,5
6/23/2020 18:00,12,4,8
6/23/2020 19:00,14,4,10
6/23/2020 20:00,3,3,0
6/23/2020 21:00,11,10,1
6/23/2020 22:00,2,0,2
6/23/2020 23:00,0,0,0
6/24/2020 0:00,0,0,0
6/24/2020 1:00,2,1,1
6/24/2020 2:00,1,1,0
6/24/2020 3:00,0,0,0
6/24/2020 4:00,0,0,0
6/24/2020 5:00,0,0,0
6/24/2020 6:00,4,1,3
6/24/2020 7:00,3,2,1
6/24/2020 8:00,5,4,1
6/24/2020 9:00,1,0,1
6/24/2020 10:00,8,5,3
6/24/2020 11:00,6,2,4
6/24/2020 12:00,7,3,4
6/24/2020 13:00,8,3,5
6/24/2020 14:00,5,2,3
6/24/2020 15:00,14,9,5
6/24/2020 16:00,11,3,8
6/24/2020 17:00,15,4,11
6/24/2020 18:00,5,2,3
6/24/2020 19:00,11,6,5
6/24/2020 20:00,10,6,4
6/24/2020 21:00,1,1,0
6/24/2020 22:00,3,3,0
6/24/2020 23:00,0,0,0
6/25/2020 0:00,0,0,0
6/25/2020 1:00,0,0,0
6/25/2020 2:00,0,0,0
6/25/2020 3:00,0,0,0
6/25/2020 4:00,1,1,0
6/25/2020 5:00,0,0,0
6/25/2020 6:00,2,0,2
6/25/2020 7:00,2,1,1
6/25/2020 8:00,6,3,3
6/25/2020 9:00,6,2,4
6/25/2020 10:00,12,3,9
6/25/2020 11:00,3,1,2
6/25/2020 12:00,10,9,1
6/25/2020 13:00,16,8,8
6/25/2020 14:00,8,1,7
6/25/2020 15:00,5,2,3
6/25/2020 16:00,14,6,8
6/25/2020 17:00,20,9,11
6/25/2020 18:00,20,6,14
6/25/2020 19:00,13,5,8
6/25/2020 20:00,10,6,4
6/25/2020 21:00,5,3,2
6/25/2020 22:00,2,2,0
6/25/2020 23:00,0,0,0
6/26/2020 0:00,1,1,0
6/26/2020 1:00,0,0,0
6/26/2020 2:00,0,0,0
6/26/2020 3:00,0,0,0
6/26/2020 4:00,2,1,1
6/26/2020 5:00,2,1,1
6/26/2020 6:00,1,0,1
6/26/2020 7:00,3,3,0
6/26/2020 8:00,7,4,3
6/26/2020 9:00,5,3,2
6/26/2020 10:00,10,5,5
6/26/2020 11:00,10,3,7
6/26/2020 12:00,10,9,1
6/26/2020 13:00,15,7,8
6/26/2020 14:00,7,4,3
6/26/2020 15:00,17,6,11
6/26/2020 16:00,12,7,5
6/26/2020 17:00,10,4,6
6/26/2020 18:00,5,3,2
6/26/2020 19:00,6,2,4
6/26/2020 20:00,6,4,2
6/26/2020 21:00,3,0,3
6/26/2020 22:00,2,1,1
6/26/2020 23:00,1,0,1
6/27/2020 0:00,1,0,1
6/27/2020 1:00,0,0,0
6/27/2020 2:00,0,0,0
6/27/2020 3:00,0,0,0
6/27/2020 4:00,0,0,0
6/27/2020 5:00,0,0,0
6/27/2020 6:00,0,0,0
6/27/2020 7:00,3,2,1
6/27/2020 8:00,0,0,0
6/27/2020 9:00,2,1,1
6/27/2020 10:00,5,2,3
6/27/2020 11:00,2,0,2
6/27/2020 12:00,0,0,0
6/27/2020 13:00,2,0,2
6/27/2020 14:00,1,1,0
6/27/2020 15:00,2,0,2
6/27/2020 16:00,3,0,3
6/27/2020 17:00,4,2,2
6/27/2020 18:00,5,3,2
6/27/2020 19:00,1,0,1
6/27/2020 20:00,1,0,1
6/27/2020 21:00,1,1,0
6/27/2020 22:00,0,0,0
6/27/2020 23:00,0,0,0
6/28/2020 0:00,0,0,0
6/28/2020 1:00,0,0,0
6/28/2020 2:00,1,0,1
6/28/2020 3:00,0,0,0
6/28/2020 4:00,0,0,0
6/28/2020 5:00,0,0,0
6/28/2020 6:00,2,1,1
6/28/2020 7:00,3,2,1
6/28/2020 8:00,1,1,0
6/28/2020 9:00,3,3,0
6/28/2020 10:00,1,1,0
6/28/2020 11:00,11,3,8
6/28/2020 12:00,15,7,8
6/28/2020 13:00,7,1,6
6/28/2020 14:00,16,8,8
6/28/2020 15:00,16,8,8
6/28/2020 16:00,14,4,10
6/28/2020 17:00,14,8,6
6/28/2020 18:00,13,7,6
6/28/2020 19:00,9,4,5
6/28/2020 20:00,7,2,5
6/28/2020 21:00,2,2,0
6/28/2020 22:00,1,1,0
6/28/2020 23:00,1,1,0
6/29/2020 0:00,0,0,0
6/29/2020 1:00,0,0,0
6/29/2020 2:00,0,0,0
6/29/2020 3:00,1,0,1
6/29/2020 4:00,3,0,3
6/29/2020 5:00,1,0,1
6/29/2020 6:00,2,1,1
6/29/2020 7:00,2,2,0
6/29/2020 8:00,3,2,1
6/29/2020 9:00,5,5,0
6/29/2020 10:00,1,1,0
6/29/2020 11:00,12,4,8
6/29/2020 12:00,12,4,8
6/29/2020 13:00,2,1,1
6/29/2020 14:00,8,2,6
6/29/2020 15:00,11,7,4
6/29/2020 16:00,19,13,6
6/29/2020 17:00,11,3,8
6/29/2020 18:00,11,1,10
6/29/2020 19:00,13,4,9
6/29/2020 20:00,10,7,3
6/29/2020 21:00,3,1,2
6/29/2020 22:00,3,1,2
6/29/2020 23:00,3,2,1
6/30/2020 0:00,0,0,0
6/30/2020 1:00,0,0,0
6/30/2020 2:00,0,0,0
6/30/2020 3:00,1,0,1
6/30/2020 4:00,0,0,0
6/30/2020 5:00,0,0,0
6/30/2020 6:00,1,0,1
6/30/2020 7:00,3,3,0
6/30/2020 8:00,6,3,3
6/30/2020 9:00,2,1,1
6/30/2020 10:00,2,1,1
6/30/2020 11:00,4,3,1
6/30/2020 12:00,5,3,2
6/30/2020 13:00,4,2,2
6/30/2020 14:00,4,1,3
6/30/2020 15:00,7,5,2
6/30/2020 16:00,9,3,6
6/30/2020 17:00,5,2,3
6/30/2020 18:00,6,3,3
6/30/2020 19:00,3,2,1
6/30/2020 20:00,2,2,0
6/30/2020 21:00,0,0,0
6/30/2020 22:00,0,0,0
6/30/2020 23:00,0,0,0
7/1/2020 0:00,2,1,1
7/1/2020 1:00,0,0,0
7/1/2020 2:00,0,0,0
7/1/2020 3:00,1,1,0
7/1/2020 4:00,0,0,0
7/1/2020 5:00,1,1,0
7/1/2020 6:00,1,0,1
7/1/2020 7:00,4,2,2
7/1/2020 8:00,4,2,2
7/1/2020 9:00,1,1,0
7/1/2020 10:00,3,1,2
7/1/2020 11:00,5,1,4
7/1/2020 12:00,4,2,2
7/1/2020 13:00,7,2,5
7/1/2020 14:00,6,2,4
7/1/2020 15:00,1,1,0
7/1/2020 16:00,4,1,3
7/1/2020 17:00,8,5,3
7/1/2020 18:00,7,3,4
7/1/2020 19:00,2,1,1
7/1/2020 20:00,2,0,2
7/1/2020 21:00,1,1,0
7/1/2020 22:00,2,0,2
7/1/2020 23:00,1,0,1
7/2/2020 0:00,1,0,1
7/2/2020 1:00,0,0,0
7/2/2020 2:00,0,0,0
7/2/2020 3:00,0,0,0
7/2/2020 4:00,1,0,1
7/2/2020 5:00,1,0,1
7/2/2020 6:00,1,0,1
7/2/2020 7:00,6,3,3
7/2/2020 8:00,0,0,0
7/2/2020 9:00,5,1,4
7/2/2020 10:00,6,4,2
7/2/2020 11:00,3,1,2
7/2/2020 12:00,4,3,1
7/2/2020 13:00,4,2,2
7/2/2020 14:00,7,4,3
7/2/2020 15:00,3,1,2
7/2/2020 16:00,13,4,9
7/2/2020 17:00,13,4,9
7/2/2020 18:00,7,5,2
7/2/2020 19:00,9,3,6
7/2/2020 20:00,5,0,5
7/2/2020 21:00,3,3,0
7/2/2020 22:00,2,2,0
7/2/2020 23:00,0,0,0
7/3/2020 0:00,0,0,0
7/3/2020 1:00,1,0,1
7/3/2020 2:00,0,0,0
7/3/2020 3:00,0,0,0
7/3/2020 4:00,1,1,0
7/3/2020 5:00,1,0,1
7/3/2020 6:00,1,1,0
7/3/2020 7:00,1,1,0
7/3/2020 8:00,1,0,1
7/3/2020 9:00,5,3,2
7/3/2020 10:00,11,5,6
7/3/2020 11:00,16,6,10
7/3/2020 12:00,11,6,5
7/3/2020 13:00,7,3,4
7/3/2020 14:00,2,1,1
7/3/2020 15:00,13,6,7
7/3/2020 16:00,19,13,6
7/3/2020 17:00,22,16,6
7/3/2020 18:00,13,5,8
7/3/2020 19:00,7,5,2
7/3/2020 20:00,3,1,2
7/3/2020 21:00,7,4,3
7/3/2020 22:00,1,0,1
7/3/2020 23:00,0,0,0
7/4/2020 0:00,0,0,0
7/4/2020 1:00,0,0,0
7/4/2020 2:00,0,0,0
7/4/2020 3:00,0,0,0
7/4/2020 4:00,3,1,2
7/4/2020 5:00,0,0,0
7/4/2020 6:00,0,0,0
7/4/2020 7:00,2,2,0
7/4/2020 8:00,3,1,2
7/4/2020 9:00,7,4,3
7/4/2020 10:00,5,2,3
7/4/2020 11:00,2,0,2
7/4/2020 12:00,17,6,11
7/4/2020 13:00,10,5,5
7/4/2020 14:00,13,8,5
7/4/2020 15:00,17,7,10
7/4/2020 16:00,24,8,16
7/4/2020 17:00,18,13,5
7/4/2020 18:00,12,5,7
7/4/2020 19:00,3,2,1
7/4/2020 20:00,3,3,0
7/4/2020 21:00,3,3,0
7/4/2020 22:00,1,1,0
7/4/2020 23:00,0,0,0
7/5/2020 0:00,0,0,0
7/5/2020 1:00,3,2,1
7/5/2020 2:00,0,0,0
7/5/2020 3:00,0,0,0
7/5/2020 4:00,0,0,0
7/5/2020 5:00,0,0,0
7/5/2020 6:00,0,0,0
7/5/2020 7:00,1,1,0
7/5/2020 8:00,4,1,3
7/5/2020 9:00,3,2,1
7/5/2020 10:00,9,3,6
7/5/2020 11:00,12,5,7
7/5/2020 12:00,21,10,11
7/5/2020 13:00,19,6,13
7/5/2020 14:00,18,6,12
7/5/2020 15:00,18,7,11
7/5/2020 16:00,23,14,9
7/5/2020 17:00,16,10,6
7/5/2020 18:00,12,7,5
7/5/2020 19:00,7,4,3
7/5/2020 20:00,6,3,3
7/5/2020 21:00,5,3,2
7/5/2020 22:00,1,1,0
7/5/2020 23:00,2,1,1
7/6/2020 0:00,1,0,1
7/6/2020 1:00,0,0,0
7/6/2020 2:00,0,0,0
7/6/2020 3:00,0,0,0
7/6/2020 4:00,0,0,0
7/6/2020 5:00,1,0,1
7/6/2020 6:00,2,0,2
7/6/2020 7:00,1,1,0
7/6/2020 8:00,6,3,3
7/6/2020 9:00,6,5,1
7/6/2020 10:00,5,1,4
7/6/2020 11:00,6,3,3
7/6/2020 12:00,13,7,6
7/6/2020 13:00,7,4,3
7/6/2020 14:00,8,5,3
7/6/2020 15:00,12,5,7
7/6/2020 16:00,12,8,4
7/6/2020 17:00,9,2,7
7/6/2020 18:00,13,6,7
7/6/2020 19:00,17,5,12
7/6/2020 20:00,9,8,1
7/6/2020 21:00,4,3,1
7/6/2020 22:00,0,0,0
7/6/2020 23:00,0,0,0
7/7/2020 0:00,1,0,1
7/7/2020 1:00,0,0,0
7/7/2020 2:00,0,0,0
7/7/2020 3:00,1,0,1
7/7/2020 4:00,0,0,0
7/7/2020 5:00,0,0,0
7/7/2020 6:00,3,1,2
7/7/2020 7:00,4,2,2
7/7/2020 8:00,5,2,3
7/7/2020 9:00,1,0,1
7/7/2020 10:00,6,4,2
7/7/2020 11:00,2,1,1
7/7/2020 12:00,9,5,4
7/7/2020 13:00,4,4,0
7/7/2020 14:00,7,5,2
7/7/2020 15:00,8,4,4
7/7/2020 16:00,6,4,2
7/7/2020 17:00,9,2,7
7/7/2020 18:00,9,3,6
7/7/2020 19:00,8,4,4
7/7/2020 20:00,5,3,2
7/7/2020 21:00,1,1,0
7/7/2020 22:00,1,1,0
7/7/2020 23:00,0,0,0
7/8/2020 0:00,0,0,0
7/8/2020 1:00,0,0,0
7/8/2020 2:00,0,0,0
7/8/2020 3:00,0,0,0
7/8/2020 4:00,1,1,0
7/8/2020 5:00,0,0,0
7/8/2020 6:00,0,0,0
7/8/2020 7:00,2,1,1
7/8/2020 8:00,9,7,2
7/8/2020 9:00,7,3,4
7/8/2020 10:00,3,2,1
7/8/2020 11:00,6,2,4
7/8/2020 12:00,7,5,2
7/8/2020 13:00,11,3,8
7/8/2020 14:00,6,2,4
7/8/2020 15:00,12,6,6
7/8/2020 16:00,13,6,7
7/8/2020 17:00,19,10,9
7/8/2020 18:00,19,6,13
7/8/2020 19:00,30,17,13
7/8/2020 20:00,12,4,8
7/8/2020 21:00,2,1,1
7/8/2020 22:00,0,0,0
7/8/2020 23:00,0,0,0
7/9/2020 0:00,3,3,0
7/9/2020 1:00,1,0,1
7/9/2020 2:00,0,0,0
7/9/2020 3:00,1,0,1
7/9/2020 4:00,0,0,0
7/9/2020 5:00,2,1,1
7/9/2020 6:00,1,0,1
7/9/2020 7:00,4,2,2
7/9/2020 8:00,4,1,3
7/9/2020 9:00,2,1,1
7/9/2020 10:00,5,2,3
7/9/2020 11:00,3,3,0
7/9/2020 12:00,9,6,3
7/9/2020 13:00,4,2,2
7/9/2020 14:00,8,4,4
7/9/2020 15:00,12,4,8
7/9/2020 16:00,5,3,2
7/9/2020 17:00,16,6,10
7/9/2020 18:00,9,1,8
7/9/2020 19:00,5,3,2
7/9/2020 20:00,6,2,4
7/9/2020 21:00,2,0,2
7/9/2020 22:00,0,0,0
7/9/2020 23:00,1,1,0
7/10/2020 0:00,0,0,0
7/10/2020 1:00,0,0,0
7/10/2020 2:00,0,0,0
7/10/2020 3:00,3,1,2
7/10/2020 4:00,2,1,1
7/10/2020 5:00,0,0,0
7/10/2020 6:00,1,0,1
7/10/2020 7:00,1,1,0
7/10/2020 8:00,7,4,3
7/10/2020 9:00,6,3,3
7/10/2020 10:00,5,3,2
7/10/2020 11:00,8,6,2
7/10/2020 12:00,6,3,3
7/10/2020 13:00,9,2,7
7/10/2020 14:00,17,8,9
7/10/2020 15:00,10,4,6
7/10/2020 16:00,16,6,10
7/10/2020 17:00,13,7,6
7/10/2020 18:00,15,6,9
7/10/2020 19:00,13,6,7
7/10/2020 20:00,6,3,3
7/10/2020 21:00,2,2,0
7/10/2020 22:00,0,0,0
7/10/2020 23:00,0,0,0
7/11/2020 0:00,0,0,0
7/11/2020 1:00,0,0,0
7/11/2020 2:00,0,0,0
7/11/2020 3:00,0,0,0
7/11/2020 4:00,0,0,0
7/11/2020 5:00,0,0,0
7/11/2020 6:00,0,0,0
7/11/2020 7:00,1,1,0
7/11/2020 8:00,1,0,1
7/11/2020 9:00,6,2,4
7/11/2020 10:00,10,4,6
7/11/2020 11:00,13,6,7
7/11/2020 12:00,26,10,16
7/11/2020 13:00,9,3,6
7/11/2020 14:00,29,19,10
7/11/2020 15:00,16,5,11
7/11/2020 16:00,11,6,5
7/11/2020 17:00,3,1,2
7/11/2020 18:00,4,3,1
7/11/2020 19:00,5,2,3
7/11/2020 20:00,7,1,6
7/11/2020 21:00,4,4,0
7/11/2020 22:00,0,0,0
7/11/2020 23:00,1,0,1
7/12/2020 0:00,0,0,0
7/12/2020 1:00,0,0,0
7/12/2020 2:00,1,0,1
7/12/2020 3:00,0,0,0
7/12/2020 4:00,1,1,0
7/12/2020 5:00,0,0,0
7/12/2020 6:00,0,0,0
7/12/2020 7:00,0,0,0
7/12/2020 8:00,2,0,2
7/12/2020 9:00,2,1,1
7/12/2020 10:00,5,2,3
7/12/2020 11:00,2,1,1
7/12/2020 12:00,10,3,7
7/12/2020 13:00,15,7,8
7/12/2020 14:00,15,8,7
7/12/2020 15:00,14,10,4
7/12/2020 16:00,18,10,8
7/12/2020 17:00,14,5,9
7/12/2020 18:00,22,11,11
7/12/2020 19:00,8,4,4
7/12/2020 20:00,1,0,1
7/12/2020 21:00,2,2,0
7/12/2020 22:00,1,1,0
7/12/2020 23:00,0,0,0
7/13/2020 0:00,0,0,0
7/13/2020 1:00,0,0,0
7/13/2020 2:00,1,0,1
7/13/2020 3:00,0,0,0
7/13/2020 4:00,0,0,0
7/13/2020 5:00,1,0,1
7/13/2020 6:00,2,2,0
7/13/2020 7:00,4,2,2
7/13/2020 8:00,3,2,1
7/13/2020 9:00,7,4,3
7/13/2020 10:00,6,2,4
7/13/2020 11:00,4,4,0
7/13/2020 12:00,6,3,3
7/13/2020 13:00,8,4,4
7/13/2020 14:00,11,5,6
7/13/2020 15:00,13,7,6
7/13/2020 16:00,17,8,9
7/13/2020 17:00,18,5,13
7/13/2020 18:00,16,10,6
7/13/2020 19:00,20,8,12
7/13/2020 20:00,6,3,3
7/13/2020 21:00,3,1,2
7/13/2020 22:00,1,1,0
7/13/2020 23:00,0,0,0
7/14/2020 0:00,0,0,0
7/14/2020 1:00,0,0,0
7/14/2020 2:00,0,0,0
7/14/2020 3:00,1,0,1
7/14/2020 4:00,0,0,0
7/14/2020 5:00,1,0,1
7/14/2020 6:00,2,0,2
7/14/2020 7:00,2,2,0
7/14/2020 8:00,4,2,2
7/14/2020 9:00,4,2,2
7/14/2020 10:00,7,2,5
7/14/2020 11:00,6,3,3
7/14/2020 12:00,19,9,10
7/14/2020 13:00,7,2,5
7/14/2020 14:00,7,2,5
7/14/2020 15:00,13,9,4
7/14/2020 16:00,17,7,10
7/14/2020 17:00,18,6,12
7/14/2020 18:00,21,13,8
7/14/2020 19:00,11,6,5
7/14/2020 20:00,12,7,5
7/14/2020 21:00,10,7,3
7/14/2020 22:00,2,0,2
7/14/2020 23:00,0,0,0
7/15/2020 0:00,4,4,0
7/15/2020 1:00,0,0,0
7/15/2020 2:00,0,0,0
7/15/2020 3:00,0,0,0
7/15/2020 4:00,1,0,1
7/15/2020 5:00,0,0,0
7/15/2020 6:00,2,1,1
7/15/2020 7:00,6,2,4
7/15/2020 8:00,4,3,1
7/15/2020 9:00,5,4,1
7/15/2020 10:00,4,2,2
7/15/2020 11:00,6,1,5
7/15/2020 12:00,9,5,4
7/15/2020 13:00,7,4,3
7/15/2020 14:00,13,8,5
7/15/2020 15:00,5,2,3
7/15/2020 16:00,25,15,10
7/15/2020 17:00,19,8,11
7/15/2020 18:00,12,3,9
7/15/2020 19:00,23,13,10
7/15/2020 20:00,10,5,5
7/15/2020 21:00,5,4,1
7/15/2020 22:00,5,3,2
7/15/2020 23:00,1,1,0
7/16/2020 0:00,0,0,0
7/16/2020 1:00,0,0,0
7/16/2020 2:00,0,0,0
7/16/2020 3:00,1,0,1
7/16/2020 4:00,0,0,0
7/16/2020 5:00,0,0,0
7/16/2020 6:00,1,0,1
7/16/2020 7:00,4,1,3
7/16/2020 8:00,3,1,2
7/16/2020 9:00,3,1,2
7/16/2020 10:00,8,3,5
7/16/2020 11:00,6,3,3
7/16/2020 12:00,10,5,5
7/16/2020 13:00,12,5,7
7/16/2020 14:00,15,7,8
7/16/2020 15:00,12,4,8
7/16/2020 16:00,13,6,7
7/16/2020 17:00,12,7,5
7/16/2020 18:00,14,7,7
7/16/2020 19:00,8,0,8
7/16/2020 20:00,5,4,1
7/16/2020 21:00,6,4,2
7/16/2020 22:00,1,1,0
7/16/2020 23:00,0,0,0
7/17/2020 0:00,1,1,0
7/17/2020 1:00,0,0,0
7/17/2020 2:00,0,0,0
7/17/2020 3:00,0,0,0
7/17/2020 4:00,0,0,0
7/17/2020 5:00,3,2,1
7/17/2020 6:00,1,0,1
7/17/2020 7:00,2,2,0
7/17/2020 8:00,3,3,0
7/17/2020 9:00,4,2,2
7/17/2020 10:00,7,5,2
7/17/2020 11:00,7,2,5
7/17/2020 12:00,11,4,7
7/17/2020 13:00,4,2,2
7/17/2020 14:00,5,1,4
7/17/2020 15:00,16,9,7
7/17/2020 16:00,15,9,6
7/17/2020 17:00,11,8,3
7/17/2020 18:00,14,7,7
7/17/2020 19:00,4,1,3
7/17/2020 20:00,6,5,1
7/17/2020 21:00,3,3,0
7/17/2020 22:00,1,1,0
7/17/2020 23:00,1,0,1
7/18/2020 0:00,0,0,0
7/18/2020 1:00,0,0,0
7/18/2020 2:00,0,0,0
7/18/2020 3:00,0,0,0
7/18/2020 4:00,0,0,0
7/18/2020 5:00,0,0,0
7/18/2020 6:00,1,0,1
7/18/2020 7:00,1,1,0
7/18/2020 8:00,5,0,5
7/18/2020 9:00,5,3,2
7/18/2020 10:00,20,7,13
7/18/2020 11:00,9,2,7
7/18/2020 12:00,19,8,11
7/18/2020 13:00,21,9,12
7/18/2020 14:00,23,15,8
7/18/2020 15:00,15,4,11
7/18/2020 16:00,16,9,7
7/18/2020 17:00,13,7,6
7/18/2020 18:00,15,9,6
7/18/2020 19:00,10,6,4
7/18/2020 20:00,10,3,7
7/18/2020 21:00,3,3,0
7/18/2020 22:00,1,1,0
7/18/2020 23:00,2,0,2
7/19/2020 0:00,0,0,0
7/19/2020 1:00,0,0,0
7/19/2020 2:00,0,0,0
7/19/2020 3:00,0,0,0
7/19/2020 4:00,0,0,0
7/19/2020 5:00,0,0,0
7/19/2020 6:00,0,0,0
7/19/2020 7:00,2,2,0
7/19/2020 8:00,6,1,5
7/19/2020 9:00,10,5,5
7/19/2020 10:00,17,6,11
7/19/2020 11:00,22,11,11
7/19/2020 12:00,12,5,7
7/19/2020 13:00,13,7,6
7/19/2020 14:00,26,9,17
7/19/2020 15:00,12,9,3
7/19/2020 16:00,10,6,4
7/19/2020 17:00,14,11,3
7/19/2020 18:00,11,8,3
7/19/2020 19:00,11,3,8
7/19/2020 20:00,9,3,6
7/19/2020 21:00,8,5,3
7/19/2020 22:00,2,1,1
7/19/2020 23:00,0,0,0
7/20/2020 0:00,1,0,1
7/20/2020 1:00,1,0,1
7/20/2020 2:00,1,0,1
7/20/2020 3:00,2,0,2
7/20/2020 4:00,0,0,0
7/20/2020 5:00,2,1,1
7/20/2020 6:00,1,0,1
7/20/2020 7:00,5,1,4
7/20/2020 8:00,5,2,3
7/20/2020 9:00,8,6,2
7/20/2020 10:00,7,4,3
7/20/2020 11:00,8,2,6
7/20/2020 12:00,5,2,3
7/20/2020 13:00,16,10,6
7/20/2020 14:00,4,2,2
7/20/2020 15:00,12,7,5
7/20/2020 16:00,12,2,10
7/20/2020 17:00,15,6,9
7/20/2020 18:00,14,7,7
7/20/2020 19:00,13,8,5
7/20/2020 20:00,11,7,4
7/20/2020 21:00,9,6,3
7/20/2020 22:00,1,1,0
7/20/2020 23:00,0,0,0
7/21/2020 0:00,0,0,0
7/21/2020 1:00,0,0,0
7/21/2020 2:00,1,0,1
7/21/2020 3:00,1,0,1
7/21/2020 4:00,0,0,0
7/21/2020 5:00,2,0,2
7/21/2020 6:00,2,1,1
7/21/2020 7:00,6,3,3
7/21/2020 8:00,7,4,3
7/21/2020 9:00,4,2,2
7/21/2020 10:00,7,2,5
7/21/2020 11:00,8,5,3
7/21/2020 12:00,20,13,7
7/21/2020 13:00,12,5,7
7/21/2020 14:00,11,5,6
7/21/2020 15:00,13,5,8
7/21/2020 16:00,12,6,6
7/21/2020 17:00,18,14,4
7/21/2020 18:00,16,8,8
7/21/2020 19:00,16,9,7
7/21/2020 20:00,8,4,4
7/21/2020 21:00,14,11,3
7/21/2020 22:00,6,4,2
7/21/2020 23:00,0,0,0
7/22/2020 0:00,1,0,1
7/22/2020 1:00,0,0,0
7/22/2020 2:00,1,1,0
7/22/2020 3:00,0,0,0
7/22/2020 4:00,0,0,0
7/22/2020 5:00,2,1,1
7/22/2020 6:00,0,0,0
7/22/2020 7:00,3,3,0
7/22/2020 8:00,8,4,4
7/22/2020 9:00,5,4,1
7/22/2020 10:00,4,2,2
7/22/2020 11:00,8,6,2
7/22/2020 12:00,8,4,4
7/22/2020 13:00,4,2,2
7/22/2020 14:00,7,6,1
7/22/2020 15:00,6,2,4
7/22/2020 16:00,8,2,6
7/22/2020 17:00,17,5,12
7/22/2020 18:00,12,6,6
7/22/2020 19:00,14,7,7
7/22/2020 20:00,8,6,2
7/22/2020 21:00,1,0,1
7/22/2020 22:00,1,1,0
7/22/2020 23:00,2,2,0
7/23/2020 0:00,0,0,0
7/23/2020 1:00,0,0,0
7/23/2020 2:00,0,0,0
7/23/2020 3:00,0,0,0
7/23/2020 4:00,0,0,0
7/23/2020 5:00,0,0,0
7/23/2020 6:00,1,0,1
7/23/2020 7:00,4,3,1
7/23/2020 8:00,2,2,0
7/23/2020 9:00,7,5,2
7/23/2020 10:00,8,4,4
7/23/2020 11:00,3,0,3
7/23/2020 12:00,9,3,6
7/23/2020 13:00,11,4,7
7/23/2020 14:00,13,6,7
7/23/2020 15:00,14,6,8
7/23/2020 16:00,9,6,3
7/23/2020 17:00,16,8,8
7/23/2020 18:00,17,8,9
7/23/2020 19:00,21,7,14
7/23/2020 20:00,16,11,5
7/23/2020 21:00,4,2,2
7/23/2020 22:00,1,1,0
7/23/2020 23:00,1,1,0
7/24/2020 0:00,0,0,0
7/24/2020 1:00,1,1,0
7/24/2020 2:00,0,0,0
7/24/2020 3:00,0,0,0
7/24/2020 4:00,0,0,0
7/24/2020 5:00,0,0,0
7/24/2020 6:00,0,0,0
7/24/2020 7:00,1,1,0
7/24/2020 8:00,1,1,0
7/24/2020 9:00,7,6,1
7/24/2020 10:00,10,4,6
7/24/2020 11:00,3,2,1
7/24/2020 12:00,18,9,9
7/24/2020 13:00,15,8,7
7/24/2020 14:00,18,11,7
7/24/2020 15:00,11,4,7
7/24/2020 16:00,12,2,10
7/24/2020 17:00,13,9,4
7/24/2020 18:00,17,9,8
7/24/2020 19:00,5,1,4
7/24/2020 20:00,5,4,1
7/24/2020 21:00,0,0,0
7/24/2020 22:00,1,1,0
7/24/2020 23:00,0,0,0
7/25/2020 0:00,0,0,0
7/25/2020 1:00,0,0,0
7/25/2020 2:00,0,0,0
7/25/2020 3:00,0,0,0
7/25/2020 4:00,0,0,0
7/25/2020 5:00,1,0,1
7/25/2020 6:00,1,1,0
7/25/2020 7:00,2,1,1
7/25/2020 8:00,2,1,1
7/25/2020 9:00,5,3,2
7/25/2020 10:00,11,5,6
7/25/2020 11:00,15,6,9
7/25/2020 12:00,21,12,9
7/25/2020 13:00,19,5,14
7/25/2020 14:00,21,7,14
7/25/2020 15:00,20,12,8
7/25/2020 16:00,16,9,7
7/25/2020 17:00,6,3,3
7/25/2020 18:00,18,8,10
7/25/2020 19:00,8,4,4
7/25/2020 20:00,0,0,0
7/25/2020 21:00,3,3,0
7/25/2020 22:00,1,0,1
7/25/2020 23:00,3,0,3
7/26/2020 0:00,0,0,0
7/26/2020 1:00,0,0,0
7/26/2020 2:00,0,0,0
7/26/2020 3:00,1,0,1
7/26/2020 4:00,1,0,1
7/26/2020 5:00,1,0,1
7/26/2020 6:00,0,0,0
7/26/2020 7:00,3,2,1
7/26/2020 8:00,3,1,2
7/26/2020 9:00,8,4,4
7/26/2020 10:00,13,3,10
7/26/2020 11:00,20,8,12
7/26/2020 12:00,16,4,12
7/26/2020 13:00,27,14,13
7/26/2020 14:00,14,8,6
7/26/2020 15:00,17,6,11
7/26/2020 16:00,13,9,4
7/26/2020 17:00,14,9,5
7/26/2020 18:00,12,6,6
7/26/2020 19:00,10,6,4
7/26/2020 20:00,11,5,6
7/26/2020 21:00,4,4,0
7/26/2020 22:00,4,2,2
7/26/2020 23:00,1,1,0
7/27/2020 0:00,0,0,0
7/27/2020 1:00,2,1,1
7/27/2020 2:00,1,0,1
7/27/2020 3:00,0,0,0
7/27/2020 4:00,0,0,0
7/27/2020 5:00,1,0,1
7/27/2020 6:00,3,1,2
7/27/2020 7:00,6,2,4
7/27/2020 8:00,6,1,5
7/27/2020 9:00,7,3,4
7/27/2020 10:00,9,1,8
7/27/2020 11:00,7,3,4
7/27/2020 12:00,9,6,3
7/27/2020 13:00,10,4,6
7/27/2020 14:00,10,6,4
7/27/2020 15:00,6,2,4
7/27/2020 16:00,13,6,7
7/27/2020 17:00,12,2,10
7/27/2020 18:00,18,9,9
7/27/2020 19:00,13,4,9
7/27/2020 20:00,6,4,2
7/27/2020 21:00,5,2,3
7/27/2020 22:00,3,2,1
7/27/2020 23:00,0,0,0
7/28/2020 0:00,3,2,1
7/28/2020 1:00,1,0,1
7/28/2020 2:00,0,0,0
7/28/2020 3:00,0,0,0
7/28/2020 4:00,1,0,1
7/28/2020 5:00,0,0,0
7/28/2020 6:00,1,0,1
7/28/2020 7:00,5,1,4
7/28/2020 8:00,11,4,7
7/28/2020 9:00,4,2,2
7/28/2020 10:00,4,1,3
7/28/2020 11:00,9,6,3
7/28/2020 12:00,10,3,7
7/28/2020 13:00,10,6,4
7/28/2020 14:00,8,2,6
7/28/2020 15:00,9,4,5
7/28/2020 16:00,16,7,9
7/28/2020 17:00,24,12,12
7/28/2020 18:00,14,5,9
7/28/2020 19:00,8,4,4
7/28/2020 20:00,17,5,12
7/28/2020 21:00,5,4,1
7/28/2020 22:00,1,1,0
7/28/2020 23:00,0,0,0
7/29/2020 0:00,0,0,0
7/29/2020 1:00,0,0,0
7/29/2020 2:00,0,0,0
7/29/2020 3:00,2,2,0
7/29/2020 4:00,1,1,0
7/29/2020 5:00,0,0,0
7/29/2020 6:00,2,2,0
7/29/2020 7:00,2,1,1
7/29/2020 8:00,2,1,1
7/29/2020 9:00,8,5,3
7/29/2020 10:00,15,5,10
7/29/2020 11:00,7,5,2
7/29/2020 12:00,10,7,3
7/29/2020 13:00,7,3,4
7/29/2020 14:00,8,6,2
7/29/2020 15:00,8,3,5
7/29/2020 16:00,18,10,8
7/29/2020 17:00,18,6,12
7/29/2020 18:00,27,7,20
7/29/2020 19:00,22,12,10
7/29/2020 20:00,13,9,4
7/29/2020 21:00,14,11,3
7/29/2020 22:00,0,0,0
7/29/2020 23:00,3,2,1
7/30/2020 0:00,0,0,0
7/30/2020 1:00,1,0,1
7/30/2020 2:00,0,0,0
7/30/2020 3:00,2,1,1
7/30/2020 4:00,0,0,0
7/30/2020 5:00,1,0,1
7/30/2020 6:00,1,1,0
7/30/2020 7:00,4,2,2
7/30/2020 8:00,5,4,1
7/30/2020 9:00,8,3,5
7/30/2020 10:00,11,7,4
7/30/2020 11:00,14,6,8
7/30/2020 12:00,11,7,4
7/30/2020 13:00,14,4,10
7/30/2020 14:00,5,3,2
7/30/2020 15:00,12,4,8
7/30/2020 16:00,10,4,6
7/30/2020 17:00,14,4,10
7/30/2020 18:00,21,10,11
7/30/2020 19:00,12,5,7
7/30/2020 20:00,7,4,3
7/30/2020 21:00,6,5,1
7/30/2020 22:00,1,1,0
7/30/2020 23:00,0,0,0
7/31/2020 0:00,3,0,3
7/31/2020 1:00,0,0,0
7/31/2020 2:00,0,0,0
7/31/2020 3:00,0,0,0
7/31/2020 4:00,1,1,0
7/31/2020 5:00,1,1,0
7/31/2020 6:00,2,0,2
7/31/2020 7:00,7,3,4
7/31/2020 8:00,2,1,1
7/31/2020 9:00,7,2,5
7/31/2020 10:00,11,6,5
7/31/2020 11:00,13,6,7
7/31/2020 12:00,11,6,5
7/31/2020 13:00,9,6,3
7/31/2020 14:00,13,4,9
7/31/2020 15:00,5,3,2
7/31/2020 16:00,11,4,7
7/31/2020 17:00,19,15,4
7/31/2020 18:00,17,8,9
7/31/2020 19:00,12,6,6
7/31/2020 20:00,13,9,4
7/31/2020 21:00,1,0,1
7/31/2020 22:00,5,0,5
7/31/2020 23:00,0,0,0
9/1/2020 0:00,1,0,1
9/1/2020 1:00,0,0,0
9/1/2020 2:00,1,0,1
9/1/2020 3:00,0,0,0
9/1/2020 4:00,1,1,0
9/1/2020 5:00,1,0,1
9/1/2020 6:00,2,1,1
9/1/2020 7:00,4,1,3
9/1/2020 8:00,7,4,3
9/1/2020 9:00,8,4,4
9/1/2020 10:00,6,3,3
9/1/2020 11:00,11,5,6
9/1/2020 12:00,10,4,6
9/1/2020 13:00,13,3,10
9/1/2020 14:00,4,2,2
9/1/2020 15:00,16,7,9
9/1/2020 16:00,27,17,10
9/1/2020 17:00,32,17,15
9/1/2020 18:00,23,7,16
9/1/2020 19:00,25,12,13
9/1/2020 20:00,5,5,0
9/1/2020 21:00,2,2,0
9/1/2020 22:00,1,1,0
9/1/2020 23:00,1,1,0
9/2/2020 0:00,1,1,0
9/2/2020 1:00,20,12,8
9/2/2020 2:00,0,0,0
9/2/2020 3:00,0,0,0
9/2/2020 4:00,0,0,0
9/2/2020 5:00,1,0,1
9/2/2020 6:00,1,0,1
9/2/2020 7:00,8,6,2
9/2/2020 8:00,12,5,7
9/2/2020 9:00,6,4,2
9/2/2020 10:00,4,1,3
9/2/2020 11:00,7,1,6
9/2/2020 12:00,14,5,9
9/2/2020 13:00,12,6,6
9/2/2020 14:00,7,4,3
9/2/2020 15:00,5,4,1
9/2/2020 16:00,14,10,4
9/2/2020 17:00,33,15,18
9/2/2020 18:00,15,8,7
9/2/2020 19:00,20,11,9
9/2/2020 20:00,6,4,2
9/2/2020 21:00,2,2,0
9/2/2020 22:00,2,0,2
9/2/2020 23:00,3,1,2
9/3/2020 0:00,0,0,0
9/3/2020 1:00,0,0,0
9/3/2020 2:00,0,0,0
9/3/2020 3:00,0,0,0
9/3/2020 4:00,0,0,0
9/3/2020 5:00,1,0,1
9/3/2020 6:00,1,0,1
9/3/2020 7:00,6,2,4
9/3/2020 8:00,4,3,1
9/3/2020 9:00,7,5,2
9/3/2020 10:00,6,3,3
9/3/2020 11:00,12,4,8
9/3/2020 12:00,10,5,5
9/3/2020 13:00,9,6,3
9/3/2020 14:00,6,3,3
9/3/2020 15:00,11,4,7
9/3/2020 16:00,16,4,12
9/3/2020 17:00,14,6,8
9/3/2020 18:00,9,5,4
9/3/2020 19:00,13,9,4
9/3/2020 20:00,9,3,6
9/3/2020 21:00,4,3,1
9/3/2020 22:00,2,1,1
9/3/2020 23:00,1,1,0
9/4/2020 0:00,2,0,2
9/4/2020 1:00,1,0,1
9/4/2020 2:00,0,0,0
9/4/2020 3:00,0,0,0
9/4/2020 4:00,0,0,0
9/4/2020 5:00,0,0,0
9/4/2020 6:00,5,3,2
9/4/2020 7:00,7,2,5
9/4/2020 8:00,10,4,6
9/4/2020 9:00,5,2,3
9/4/2020 10:00,9,5,4
9/4/2020 11:00,12,6,6
9/4/2020 12:00,9,4,5
9/4/2020 13:00,8,3,5
9/4/2020 14:00,20,8,12
9/4/2020 15:00,11,6,5
9/4/2020 16:00,15,8,7
9/4/2020 17:00,18,8,10
9/4/2020 18:00,19,10,9
9/4/2020 19:00,5,2,3
9/4/2020 20:00,6,2,4
9/4/2020 21:00,6,5,1
9/4/2020 22:00,1,1,0
9/4/2020 23:00,1,0,1
9/5/2020 0:00,1,1,0
9/5/2020 1:00,0,0,0
9/5/2020 2:00,0,0,0
9/5/2020 3:00,1,1,0
9/5/2020 4:00,1,0,1
9/5/2020 5:00,1,1,0
9/5/2020 6:00,6,3,3
9/5/2020 7:00,3,1,2
9/5/2020 8:00,3,2,1
9/5/2020 9:00,7,4,3
9/5/2020 10:00,14,7,7
9/5/2020 11:00,13,3,10
9/5/2020 12:00,4,1,3
9/5/2020 13:00,17,3,14
9/5/2020 14:00,18,8,10
9/5/2020 15:00,8,5,3
9/5/2020 16:00,17,9,8
9/5/2020 17:00,14,11,3
9/5/2020 18:00,16,10,6
9/5/2020 19:00,4,2,2
9/5/2020 20:00,4,2,2
9/5/2020 21:00,2,2,0
9/5/2020 22:00,0,0,0
9/5/2020 23:00,0,0,0
9/6/2020 0:00,3,0,3
9/6/2020 1:00,0,0,0
9/6/2020 2:00,0,0,0
9/6/2020 3:00,1,0,1
9/6/2020 4:00,0,0,0
9/6/2020 5:00,1,0,1
9/6/2020 6:00,0,0,0
9/6/2020 7:00,4,4,0
9/6/2020 8:00,7,5,2
9/6/2020 9:00,6,0,6
9/6/2020 10:00,16,7,9
9/6/2020 11:00,15,8,7
9/6/2020 12:00,12,5,7
9/6/2020 13:00,19,13,6
9/6/2020 14:00,13,5,8
9/6/2020 15:00,13,6,7
9/6/2020 16:00,15,11,4
9/6/2020 17:00,9,3,6
9/6/2020 18:00,21,11,10
9/6/2020 19:00,8,3,5
9/6/2020 20:00,7,7,0
9/6/2020 21:00,0,0,0
9/6/2020 22:00,3,3,0
9/6/2020 23:00,0,0,0
9/7/2020 0:00,1,0,1
9/7/2020 1:00,0,0,0
9/7/2020 2:00,0,0,0
9/7/2020 3:00,1,1,0
9/7/2020 4:00,0,0,0
9/7/2020 5:00,1,0,1
9/7/2020 6:00,3,0,3
9/7/2020 7:00,4,3,1
9/7/2020 8:00,2,0,2
9/7/2020 9:00,7,2,5
9/7/2020 10:00,15,6,9
9/7/2020 11:00,10,5,5
9/7/2020 12:00,14,9,5
9/7/2020 13:00,11,5,6
9/7/2020 14:00,6,4,2
9/7/2020 15:00,13,7,6
9/7/2020 16:00,22,4,18
9/7/2020 17:00,17,8,9
9/7/2020 18:00,17,8,9
9/7/2020 19:00,8,8,0
9/7/2020 20:00,5,2,3
9/7/2020 21:00,1,0,1
9/7/2020 22:00,3,2,1
9/7/2020 23:00,0,0,0
9/8/2020 0:00,0,0,0
9/8/2020 1:00,0,0,0
9/8/2020 2:00,0,0,0
9/8/2020 3:00,0,0,0
9/8/2020 4:00,0,0,0
9/8/2020 5:00,1,0,1
9/8/2020 6:00,0,0,0
9/8/2020 7:00,0,0,0
9/8/2020 8:00,3,1,2
9/8/2020 9:00,3,3,0
9/8/2020 10:00,4,2,2
9/8/2020 11:00,3,2,1
9/8/2020 12:00,3,0,3
9/8/2020 13:00,8,3,5
9/8/2020 14:00,5,2,3
9/8/2020 15:00,2,1,1
9/8/2020 16:00,6,2,4
9/8/2020 17:00,4,1,3
9/8/2020 18:00,13,9,4
9/8/2020 19:00,8,5,3
9/8/2020 20:00,3,1,2
9/8/2020 21:00,1,1,0
9/8/2020 22:00,2,1,1
9/8/2020 23:00,4,3,1
9/9/2020 0:00,0,0,0
9/9/2020 1:00,0,0,0
9/9/2020 2:00,1,0,1
9/9/2020 3:00,0,0,0
9/9/2020 4:00,0,0,0
9/9/2020 5:00,0,0,0
9/9/2020 6:00,1,0,1
9/9/2020 7:00,5,2,3
9/9/2020 8:00,7,4,3
9/9/2020 9:00,4,4,0
9/9/2020 10:00,4,2,2
9/9/2020 11:00,4,1,3
9/9/2020 12:00,7,3,4
9/9/2020 13:00,7,2,5
9/9/2020 14:00,3,1,2
9/9/2020 15:00,13,8,5
9/9/2020 16:00,9,4,5
9/9/2020 17:00,15,7,8
9/9/2020 18:00,11,7,4
9/9/2020 19:00,11,3,8
9/9/2020 20:00,4,3,1
9/9/2020 21:00,2,2,0
9/9/2020 22:00,2,1,1
9/9/2020 23:00,0,0,0
9/10/2020 0:00,0,0,0
9/10/2020 1:00,0,0,0
9/10/2020 2:00,0,0,0
9/10/2020 3:00,1,0,1
9/10/2020 4:00,0,0,0
9/10/2020 5:00,1,0,1
9/10/2020 6:00,2,1,1
9/10/2020 7:00,5,5,0
9/10/2020 8:00,10,6,4
9/10/2020 9:00,4,2,2
9/10/2020 10:00,4,0,4
9/10/2020 11:00,9,4,5
9/10/2020 12:00,6,1,5
9/10/2020 13:00,7,3,4
9/10/2020 14:00,7,4,3
9/10/2020 15:00,5,2,3
9/10/2020 16:00,13,8,5
9/10/2020 17:00,13,3,10
9/10/2020 18:00,9,3,6
9/10/2020 19:00,18,11,7
9/10/2020 20:00,6,4,2
9/10/2020 21:00,0,0,0
9/10/2020 22:00,1,1,0
9/10/2020 23:00,2,1,1
9/11/2020 0:00,0,0,0
9/11/2020 1:00,1,1,0
9/11/2020 2:00,0,0,0
9/11/2020 3:00,0,0,0
9/11/2020 4:00,0,0,0
9/11/2020 5:00,0,0,0
9/11/2020 6:00,0,0,0
9/11/2020 7:00,1,1,0
9/11/2020 8:00,1,1,0
9/11/2020 9:00,0,0,0
9/11/2020 10:00,1,0,1
9/11/2020 11:00,6,2,4
9/11/2020 12:00,1,0,1
9/11/2020 13:00,3,1,2
9/11/2020 14:00,2,0,2
9/11/2020 15:00,6,4,2
9/11/2020 16:00,7,1,6
9/11/2020 17:00,3,0,3
9/11/2020 18:00,2,1,1
9/11/2020 19:00,5,5,0
9/11/2020 20:00,1,0,1
9/11/2020 21:00,1,0,1
9/11/2020 22:00,2,1,1
9/11/2020 23:00,1,0,1
9/12/2020 0:00,2,0,2
9/12/2020 1:00,0,0,0
9/12/2020 2:00,2,0,2
9/12/2020 3:00,0,0,0
9/12/2020 4:00,2,1,1
9/12/2020 5:00,0,0,0
9/12/2020 6:00,0,0,0
9/12/2020 7:00,1,1,0
9/12/2020 8:00,2,0,2
9/12/2020 9:00,1,1,0
9/12/2020 10:00,3,2,1
9/12/2020 11:00,5,0,5
9/12/2020 12:00,1,1,0
9/12/2020 13:00,1,0,1
9/12/2020 14:00,3,1,2
9/12/2020 15:00,0,0,0
9/12/2020 16:00,3,2,1
9/12/2020 17:00,3,2,1
9/12/2020 18:00,2,2,0
9/12/2020 19:00,4,3,1
9/12/2020 20:00,1,1,0
9/12/2020 21:00,1,1,0
9/12/2020 22:00,0,0,0
9/12/2020 23:00,0,0,0
9/13/2020 0:00,0,0,0
9/13/2020 1:00,1,0,1
9/13/2020 2:00,0,0,0
9/13/2020 3:00,0,0,0
9/13/2020 4:00,0,0,0
9/13/2020 5:00,0,0,0
9/13/2020 6:00,0,0,0
9/13/2020 7:00,0,0,0
9/13/2020 8:00,1,0,1
9/13/2020 9:00,2,1,1
9/13/2020 10:00,1,0,1
9/13/2020 11:00,1,0,1
9/13/2020 12:00,5,3,2
9/13/2020 13:00,0,0,0
9/13/2020 14:00,3,2,1
9/13/2020 15:00,2,2,0
9/13/2020 16:00,4,2,2
9/13/2020 17:00,3,1,2
9/13/2020 18:00,2,1,1
9/13/2020 19:00,3,2,1
9/13/2020 20:00,1,0,1
9/13/2020 21:00,2,2,0
9/13/2020 22:00,1,1,0
9/13/2020 23:00,0,0,0
9/14/2020 0:00,1,1,0
9/14/2020 1:00,0,0,0
9/14/2020 2:00,0,0,0
9/14/2020 3:00,0,0,0
9/14/2020 4:00,0,0,0
9/14/2020 5:00,0,0,0
9/14/2020 6:00,0,0,0
9/14/2020 7:00,0,0,0
9/14/2020 8:00,0,0,0
9/14/2020 9:00,2,1,1
9/14/2020 10:00,1,1,0
9/14/2020 11:00,0,0,0
9/14/2020 12:00,6,3,3
9/14/2020 13:00,3,1,2
9/14/2020 14:00,1,1,0
9/14/2020 15:00,3,3,0
9/14/2020 16:00,6,4,2
9/14/2020 17:00,2,1,1
9/14/2020 18:00,4,1,3
9/14/2020 19:00,1,1,0
9/14/2020 20:00,6,3,3
9/14/2020 21:00,2,1,1
9/14/2020 22:00,1,0,1
9/14/2020 23:00,3,2,1
9/15/2020 0:00,0,0,0
9/15/2020 1:00,0,0,0
9/15/2020 2:00,0,0,0
9/15/2020 3:00,0,0,0
9/15/2020 4:00,0,0,0
9/15/2020 5:00,0,0,0
9/15/2020 6:00,0,0,0
9/15/2020 7:00,0,0,0
9/15/2020 8:00,2,1,1
9/15/2020 9:00,1,1,0
9/15/2020 10:00,2,0,2
9/15/2020 11:00,2,0,2
9/15/2020 12:00,3,0,3
9/15/2020 13:00,1,0,1
9/15/2020 14:00,1,1,0
9/15/2020 15:00,5,3,2
9/15/2020 16:00,6,2,4
9/15/2020 17:00,4,3,1
9/15/2020 18:00,6,2,4
9/15/2020 19:00,1,1,0
9/15/2020 20:00,4,1,3
9/15/2020 21:00,3,2,1
9/15/2020 22:00,1,1,0
9/15/2020 23:00,1,0,1
9/16/2020 0:00,0,0,0
9/16/2020 1:00,1,1,0
9/16/2020 2:00,0,0,0
9/16/2020 3:00,0,0,0
9/16/2020 4:00,0,0,0
9/16/2020 5:00,2,1,1
9/16/2020 6:00,0,0,0
9/16/2020 7:00,0,0,0
9/16/2020 8:00,4,2,2
9/16/2020 9:00,2,0,2
9/16/2020 10:00,4,1,3
9/16/2020 11:00,3,1,2
9/16/2020 12:00,4,1,3
9/16/2020 13:00,3,0,3
9/16/2020 14:00,6,3,3
9/16/2020 15:00,4,2,2
9/16/2020 16:00,4,3,1
9/16/2020 17:00,4,0,4
9/16/2020 18:00,5,3,2
9/16/2020 19:00,2,1,1
9/16/2020 20:00,3,1,2
9/16/2020 21:00,1,0,1
9/16/2020 22:00,2,1,1
9/16/2020 23:00,2,2,0
9/17/2020 0:00,0,0,0
9/17/2020 1:00,0,0,0
9/17/2020 2:00,0,0,0
9/17/2020 3:00,1,0,1
9/17/2020 4:00,0,0,0
9/17/2020 5:00,0,0,0
9/17/2020 6:00,0,0,0
9/17/2020 7:00,2,2,0
9/17/2020 8:00,3,0,3
9/17/2020 9:00,2,2,0
9/17/2020 10:00,0,0,0
9/17/2020 11:00,3,2,1
9/17/2020 12:00,2,1,1
9/17/2020 13:00,3,0,3
9/17/2020 14:00,3,1,2
9/17/2020 15:00,3,1,2
9/17/2020 16:00,7,3,4
9/17/2020 17:00,7,5,2
9/17/2020 18:00,7,3,4
9/17/2020 19:00,4,2,2
9/17/2020 20:00,2,2,0
9/17/2020 21:00,1,0,1
9/17/2020 22:00,2,1,1
9/17/2020 23:00,1,1,0
9/18/2020 0:00,1,1,0
9/18/2020 1:00,1,0,1
9/18/2020 2:00,1,0,1
9/18/2020 3:00,0,0,0
9/18/2020 4:00,0,0,0
9/18/2020 5:00,1,0,1
9/18/2020 6:00,0,0,0
9/18/2020 7:00,0,0,0
9/18/2020 8:00,1,1,0
9/18/2020 9:00,3,1,2
9/18/2020 10:00,1,1,0
9/18/2020 11:00,4,2,2
9/18/2020 12:00,1,1,0
9/18/2020 13:00,1,1,0
9/18/2020 14:00,1,1,0
9/18/2020 15:00,1,0,1
9/18/2020 16:00,1,0,1
9/18/2020 17:00,2,1,1
9/18/2020 18:00,2,1,1
9/18/2020 19:00,4,3,1
9/18/2020 20:00,1,1,0
9/18/2020 21:00,0,0,0
9/18/2020 22:00,1,0,1
9/18/2020 23:00,0,0,0
9/19/2020 0:00,1,1,0
9/19/2020 1:00,2,1,1
9/19/2020 2:00,1,0,1
9/19/2020 3:00,0,0,0
9/19/2020 4:00,0,0,0
9/19/2020 5:00,0,0,0
9/19/2020 6:00,1,1,0
9/19/2020 7:00,1,0,1
9/19/2020 8:00,0,0,0
9/19/2020 9:00,1,0,1
9/19/2020 10:00,5,2,3
9/19/2020 11:00,9,4,5
9/19/2020 12:00,7,3,4
9/19/2020 13:00,14,6,8
9/19/2020 14:00,6,4,2
9/19/2020 15:00,23,18,5
9/19/2020 16:00,23,14,9
9/19/2020 17:00,11,5,6
9/19/2020 18:00,7,4,3
9/19/2020 19:00,4,1,3
9/19/2020 20:00,2,2,0
9/19/2020 21:00,1,0,1
9/19/2020 22:00,0,0,0
9/19/2020 23:00,0,0,0
9/20/2020 0:00,0,0,0
9/20/2020 1:00,0,0,0
9/20/2020 2:00,0,0,0
9/20/2020 3:00,0,0,0
9/20/2020 4:00,0,0,0
9/20/2020 5:00,0,0,0
9/20/2020 6:00,0,0,0
9/20/2020 7:00,0,0,0
9/20/2020 8:00,0,0,0
9/20/2020 9:00,1,0,1
9/20/2020 10:00,2,2,0
9/20/2020 11:00,0,0,0
9/20/2020 12:00,10,5,5
9/20/2020 13:00,14,6,8
9/20/2020 14:00,24,20,4
9/20/2020 15:00,13,6,7
9/20/2020 16:00,9,4,5
9/20/2020 17:00,11,5,6
9/20/2020 18:00,11,5,6
9/20/2020 19:00,4,3,1
9/20/2020 20:00,1,0,1
9/20/2020 21:00,1,1,0
9/20/2020 22:00,1,1,0
9/20/2020 23:00,2,2,0
9/21/2020 0:00,0,0,0
9/21/2020 1:00,1,1,0
9/21/2020 2:00,1,0,1
9/21/2020 3:00,0,0,0
9/21/2020 4:00,0,0,0
9/21/2020 5:00,0,0,0
9/21/2020 6:00,2,1,1
9/21/2020 7:00,3,1,2
9/21/2020 8:00,4,2,2
9/21/2020 9:00,3,2,1
9/21/2020 10:00,4,3,1
9/21/2020 11:00,5,2,3
9/21/2020 12:00,14,3,11
9/21/2020 13:00,8,4,4
9/21/2020 14:00,10,6,4
9/21/2020 15:00,3,1,2
9/21/2020 16:00,9,4,5
9/21/2020 17:00,14,6,8
9/21/2020 18:00,13,9,4
9/21/2020 19:00,10,6,4
9/21/2020 20:00,1,0,1
9/21/2020 21:00,2,1,1
9/21/2020 22:00,1,1,0
9/21/2020 23:00,0,0,0
9/22/2020 0:00,0,0,0
9/22/2020 1:00,1,1,0
9/22/2020 2:00,0,0,0
9/22/2020 3:00,0,0,0
9/22/2020 4:00,0,0,0
9/22/2020 5:00,0,0,0
9/22/2020 6:00,1,0,1
9/22/2020 7:00,4,1,3
9/22/2020 8:00,7,5,2
9/22/2020 9:00,3,2,1
9/22/2020 10:00,3,2,1
9/22/2020 11:00,6,3,3
9/22/2020 12:00,11,3,8
9/22/2020 13:00,14,7,7
9/22/2020 14:00,20,12,8
9/22/2020 15:00,25,6,19
9/22/2020 16:00,35,19,16
9/22/2020 17:00,22,10,12
9/22/2020 18:00,30,18,12
9/22/2020 19:00,17,10,7
9/22/2020 20:00,9,3,6
9/22/2020 21:00,3,0,3
9/22/2020 22:00,2,1,1
9/22/2020 23:00,0,0,0
9/23/2020 0:00,1,1,0
9/23/2020 1:00,0,0,0
9/23/2020 2:00,0,0,0
9/23/2020 3:00,1,0,1
9/23/2020 4:00,0,0,0
9/23/2020 5:00,0,0,0
9/23/2020 6:00,1,1,0
9/23/2020 7:00,3,2,1
9/23/2020 8:00,4,2,2
9/23/2020 9:00,3,2,1
9/23/2020 10:00,2,1,1
9/23/2020 11:00,1,0,1
9/23/2020 12:00,4,1,3
9/23/2020 13:00,1,0,1
9/23/2020 14:00,2,1,1
9/23/2020 15:00,1,0,1
9/23/2020 16:00,6,5,1
9/23/2020 17:00,3,1,2
9/23/2020 18:00,4,2,2
9/23/2020 19:00,3,0,3
9/23/2020 20:00,1,0,1
9/23/2020 21:00,6,4,2
9/23/2020 22:00,1,1,0
9/23/2020 23:00,0,0,0
9/24/2020 0:00,0,0,0
9/24/2020 1:00,0,0,0
9/24/2020 2:00,0,0,0
9/24/2020 3:00,0,0,0
9/24/2020 4:00,0,0,0
9/24/2020 5:00,1,1,0
9/24/2020 6:00,1,0,1
9/24/2020 7:00,3,2,1
9/24/2020 8:00,1,1,0
9/24/2020 9:00,1,0,1
9/24/2020 10:00,2,1,1
9/24/2020 11:00,1,0,1
9/24/2020 12:00,3,2,1
9/24/2020 13:00,4,1,3
9/24/2020 14:00,7,3,4
9/24/2020 15:00,9,4,5
9/24/2020 16:00,12,7,5
9/24/2020 17:00,12,6,6
9/24/2020 18:00,14,8,6
9/24/2020 19:00,5,2,3
9/24/2020 20:00,2,1,1
9/24/2020 21:00,1,1,0
9/24/2020 22:00,2,0,2
9/24/2020 23:00,1,1,0
9/25/2020 0:00,1,0,1
9/25/2020 1:00,1,1,0
9/25/2020 2:00,1,0,1
9/25/2020 3:00,1,1,0
9/25/2020 4:00,0,0,0
9/25/2020 5:00,1,0,1
9/25/2020 6:00,1,0,1
9/25/2020 7:00,1,1,0
9/25/2020 8:00,2,1,1
9/25/2020 9:00,1,1,0
9/25/2020 10:00,2,1,1
9/25/2020 11:00,0,0,0
9/25/2020 12:00,4,2,2
9/25/2020 13:00,2,1,1
9/25/2020 14:00,2,0,2
9/25/2020 15:00,1,1,0
9/25/2020 16:00,6,1,5
9/25/2020 17:00,6,3,3
9/25/2020 18:00,10,3,7
9/25/2020 19:00,5,2,3
9/25/2020 20:00,4,1,3
9/25/2020 21:00,4,3,1
9/25/2020 22:00,2,0,2
9/25/2020 23:00,2,2,0
9/26/2020 0:00,0,0,0
9/26/2020 1:00,0,0,0
9/26/2020 2:00,0,0,0
9/26/2020 3:00,0,0,0
9/26/2020 4:00,0,0,0
9/26/2020 5:00,0,0,0
9/26/2020 6:00,3,2,1
9/26/2020 7:00,6,1,5
9/26/2020 8:00,2,1,1
9/26/2020 9:00,3,3,0
9/26/2020 10:00,8,4,4
9/26/2020 11:00,14,7,7
9/26/2020 12:00,13,6,7
9/26/2020 13:00,18,11,7
9/26/2020 14:00,10,4,6
9/26/2020 15:00,9,2,7
9/26/2020 16:00,16,7,9
9/26/2020 17:00,10,8,2
9/26/2020 18:00,7,6,1
9/26/2020 19:00,4,1,3
9/26/2020 20:00,3,0,3
9/26/2020 21:00,0,0,0
9/26/2020 22:00,1,1,0
9/26/2020 23:00,1,0,1
9/27/2020 0:00,0,0,0
9/27/2020 1:00,0,0,0
9/27/2020 2:00,1,1,0
9/27/2020 3:00,0,0,0
9/27/2020 4:00,0,0,0
9/27/2020 5:00,0,0,0
9/27/2020 6:00,3,0,3
9/27/2020 7:00,10,7,3
9/27/2020 8:00,2,1,1
9/27/2020 9:00,8,1,7
9/27/2020 10:00,13,4,9
9/27/2020 11:00,13,4,9
9/27/2020 12:00,25,11,14
9/27/2020 13:00,18,5,13
9/27/2020 14:00,28,16,12
9/27/2020 15:00,24,10,14
9/27/2020 16:00,8,5,3
9/27/2020 17:00,21,13,8
9/27/2020 18:00,11,1,10
9/27/2020 19:00,9,6,3
9/27/2020 20:00,4,4,0
9/27/2020 21:00,2,1,1
9/27/2020 22:00,2,2,0
9/27/2020 23:00,2,1,1
9/28/2020 0:00,0,0,0
9/28/2020 1:00,0,0,0
9/28/2020 2:00,0,0,0
9/28/2020 3:00,0,0,0
9/28/2020 4:00,2,2,0
9/28/2020 5:00,0,0,0
9/28/2020 6:00,3,2,1
9/28/2020 7:00,3,0,3
9/28/2020 8:00,4,2,2
9/28/2020 9:00,4,2,2
9/28/2020 10:00,7,1,6
9/28/2020 11:00,7,5,2
9/28/2020 12:00,7,5,2
9/28/2020 13:00,4,2,2
9/28/2020 14:00,12,6,6
9/28/2020 15:00,16,10,6
9/28/2020 16:00,14,9,5
9/28/2020 17:00,16,2,14
9/28/2020 18:00,16,9,7
9/28/2020 19:00,11,8,3
9/28/2020 20:00,3,2,1
9/28/2020 21:00,2,0,2
9/28/2020 22:00,0,0,0
9/28/2020 23:00,1,1,0
9/29/2020 0:00,0,0,0
9/29/2020 1:00,0,0,0
9/29/2020 2:00,0,0,0
9/29/2020 3:00,1,0,1
9/29/2020 4:00,1,1,0
9/29/2020 5:00,1,0,1
9/29/2020 6:00,2,1,1
9/29/2020 7:00,6,2,4
9/29/2020 8:00,12,8,4
9/29/2020 9:00,8,7,1
9/29/2020 10:00,11,9,2
9/29/2020 11:00,11,5,6
9/29/2020 12:00,10,2,8
9/29/2020 13:00,12,5,7
9/29/2020 14:00,12,3,9
9/29/2020 15:00,16,7,9
9/29/2020 16:00,34,18,16
9/29/2020 17:00,41,17,24
9/29/2020 18:00,20,10,10
9/29/2020 19:00,7,4,3
9/29/2020 20:00,8,6,2
9/29/2020 21:00,0,0,0
9/29/2020 22:00,2,1,1
9/29/2020 23:00,0,0,0
9/30/2020 0:00,1,0,1
9/30/2020 1:00,0,0,0
9/30/2020 2:00,0,0,0
9/30/2020 3:00,1,0,1
9/30/2020 4:00,0,0,0
9/30/2020 5:00,1,0,1
9/30/2020 6:00,1,0,1
9/30/2020 7:00,7,4,3
9/30/2020 8:00,10,4,6
9/30/2020 9:00,3,2,1
9/30/2020 10:00,5,1,4
9/30/2020 11:00,3,1,2
9/30/2020 12:00,13,6,7
9/30/2020 13:00,11,7,4
9/30/2020 14:00,11,6,5
9/30/2020 15:00,7,4,3
9/30/2020 16:00,6,4,2
9/30/2020 17:00,21,8,13
9/30/2020 18:00,20,14,6
9/30/2020 19:00,9,6,3
9/30/2020 20:00,1,0,1
9/30/2020 21:00,5,2,3
9/30/2020 22:00,2,2,0
9/30/2020 23:00,4,2,2
10/1/2020 0:00,1,1,0
10/1/2020 1:00,0,0,0
10/1/2020 2:00,0,0,0
10/1/2020 3:00,0,0,0
10/1/2020 4:00,1,0,1
10/1/2020 5:00,0,0,0
10/1/2020 6:00,0,0,0
10/1/2020 7:00,5,3,2
10/1/2020 8:00,5,3,2
10/1/2020 9:00,4,2,2
10/1/2020 10:00,5,3,2
10/1/2020 11:00,5,3,2
10/1/2020 12:00,8,7,1
10/1/2020 13:00,6,1,5
10/1/2020 14:00,6,4,2
10/1/2020 15:00,14,5,9
10/1/2020 16:00,11,5,6
10/1/2020 17:00,17,10,7
10/1/2020 18:00,12,6,6
10/1/2020 19:00,7,4,3
10/1/2020 20:00,0,0,0
10/1/2020 21:00,1,0,1
10/1/2020 22:00,3,2,1
10/1/2020 23:00,0,0,0
10/2/2020 0:00,1,1,0
10/2/2020 1:00,0,0,0
10/2/2020 2:00,0,0,0
10/2/2020 3:00,0,0,0
10/2/2020 4:00,0,0,0
10/2/2020 5:00,1,0,1
10/2/2020 6:00,0,0,0
10/2/2020 7:00,5,2,3
10/2/2020 8:00,3,3,0
10/2/2020 9:00,0,0,0
10/2/2020 10:00,4,3,1
10/2/2020 11:00,6,2,4
10/2/2020 12:00,10,5,5
10/2/2020 13:00,10,3,7
10/2/2020 14:00,7,4,3
10/2/2020 15:00,7,6,1
10/2/2020 16:00,15,9,6
10/2/2020 17:00,12,7,5
10/2/2020 18:00,20,8,12
10/2/2020 19:00,11,5,6
10/2/2020 20:00,2,1,1
10/2/2020 21:00,4,2,2
10/2/2020 22:00,0,0,0
10/2/2020 23:00,0,0,0
10/3/2020 0:00,1,1,0
10/3/2020 1:00,1,0,1
10/3/2020 2:00,0,0,0
10/3/2020 3:00,1,0,1
10/3/2020 4:00,0,0,0
10/3/2020 5:00,0,0,0
10/3/2020 6:00,2,2,0
10/3/2020 7:00,1,1,0
10/3/2020 8:00,2,0,2
10/3/2020 9:00,4,2,2
10/3/2020 10:00,7,3,4
10/3/2020 11:00,7,2,5
10/3/2020 12:00,19,16,3
10/3/2020 13:00,9,5,4
10/3/2020 14:00,12,5,7
10/3/2020 15:00,16,8,8
10/3/2020 16:00,6,3,3
10/3/2020 17:00,8,6,2
10/3/2020 18:00,7,2,5
10/3/2020 19:00,1,1,0
10/3/2020 20:00,0,0,0
10/3/2020 21:00,0,0,0
10/3/2020 22:00,4,4,0
10/3/2020 23:00,0,0,0
10/4/2020 0:00,2,1,1
10/4/2020 1:00,0,0,0
10/4/2020 2:00,0,0,0
10/4/2020 3:00,0,0,0
10/4/2020 4:00,0,0,0
10/4/2020 5:00,0,0,0
10/4/2020 6:00,1,1,0
10/4/2020 7:00,1,1,0
10/4/2020 8:00,0,0,0
10/4/2020 9:00,3,0,3
10/4/2020 10:00,10,6,4
10/4/2020 11:00,7,4,3
10/4/2020 12:00,4,1,3
10/4/2020 13:00,8,4,4
10/4/2020 14:00,13,4,9
10/4/2020 15:00,8,5,3
10/4/2020 16:00,5,5,0
10/4/2020 17:00,8,4,4
10/4/2020 18:00,4,1,3
10/4/2020 19:00,4,2,2
10/4/2020 20:00,0,0,0
10/4/2020 21:00,1,1,0
10/4/2020 22:00,1,0,1
10/4/2020 23:00,2,1,1
10/5/2020 0:00,3,2,1
10/5/2020 1:00,1,0,1
10/5/2020 2:00,1,1,0
10/5/2020 3:00,0,0,0
10/5/2020 4:00,0,0,0
10/5/2020 5:00,0,0,0
10/5/2020 6:00,0,0,0
10/5/2020 7:00,5,1,4
10/5/2020 8:00,7,5,2
10/5/2020 9:00,5,2,3
10/5/2020 10:00,3,1,2
10/5/2020 11:00,4,0,4
10/5/2020 12:00,7,0,7
10/5/2020 13:00,7,4,3
10/5/2020 14:00,14,9,5
10/5/2020 15:00,10,7,3
10/5/2020 16:00,17,7,10
10/5/2020 17:00,22,9,13
10/5/2020 18:00,21,9,12
10/5/2020 19:00,6,3,3
10/5/2020 20:00,0,0,0
10/5/2020 21:00,0,0,0
10/5/2020 22:00,1,1,0
10/5/2020 23:00,1,0,1
10/6/2020 0:00,0,0,0
10/6/2020 1:00,0,0,0
10/6/2020 2:00,2,1,1
10/6/2020 3:00,0,0,0
10/6/2020 4:00,0,0,0
10/6/2020 5:00,1,0,1
10/6/2020 6:00,0,0,0
10/6/2020 7:00,3,2,1
10/6/2020 8:00,8,6,2
10/6/2020 9:00,4,2,2
10/6/2020 10:00,4,1,3
10/6/2020 11:00,4,2,2
10/6/2020 12:00,6,3,3
10/6/2020 13:00,11,6,5
10/6/2020 14:00,4,1,3
10/6/2020 15:00,13,8,5
10/6/2020 16:00,18,8,10
10/6/2020 17:00,23,11,12
10/6/2020 18:00,25,13,12
10/6/2020 19:00,8,6,2
10/6/2020 20:00,4,3,1
10/6/2020 21:00,2,1,1
10/6/2020 22:00,0,0,0
10/6/2020 23:00,1,0,1
10/7/2020 0:00,0,0,0
10/7/2020 1:00,1,0,1
10/7/2020 2:00,1,0,1
10/7/2020 3:00,0,0,0
10/7/2020 4:00,2,1,1
10/7/2020 5:00,2,1,1
10/7/2020 6:00,2,1,1
10/7/2020 7:00,2,0,2
10/7/2020 8:00,7,5,2
10/7/2020 9:00,7,3,4
10/7/2020 10:00,1,1,0
10/7/2020 11:00,8,2,6
10/7/2020 12:00,13,7,6
10/7/2020 13:00,9,3,6
10/7/2020 14:00,10,4,6
10/7/2020 15:00,14,5,9
10/7/2020 16:00,16,8,8
10/7/2020 17:00,9,6,3
10/7/2020 18:00,16,8,8
10/7/2020 19:00,4,4,0
10/7/2020 20:00,1,1,0
10/7/2020 21:00,0,0,0
10/7/2020 22:00,0,0,0
10/7/2020 23:00,0,0,0
10/8/2020 0:00,0,0,0
10/8/2020 1:00,0,0,0
10/8/2020 2:00,0,0,0
10/8/2020 3:00,0,0,0
10/8/2020 4:00,0,0,0
10/8/2020 5:00,0,0,0
10/8/2020 6:00,0,0,0
10/8/2020 7:00,5,1,4
10/8/2020 8:00,5,4,1
10/8/2020 9:00,1,1,0
10/8/2020 10:00,3,2,1
10/8/2020 11:00,7,5,2
10/8/2020 12:00,9,5,4
10/8/2020 13:00,8,3,5
10/8/2020 14:00,11,7,4
10/8/2020 15:00,14,4,10
10/8/2020 16:00,15,8,7
10/8/2020 17:00,20,5,15
10/8/2020 18:00,11,4,7
10/8/2020 19:00,7,5,2
10/8/2020 20:00,4,3,1
10/8/2020 21:00,2,2,0
10/8/2020 22:00,3,3,0
10/8/2020 23:00,1,0,1
10/9/2020 0:00,0,0,0
10/9/2020 1:00,1,0,1
10/9/2020 2:00,0,0,0
10/9/2020 3:00,1,1,0
10/9/2020 4:00,1,1,0
10/9/2020 5:00,1,0,1
10/9/2020 6:00,0,0,0
10/9/2020 7:00,3,1,2
10/9/2020 8:00,4,4,0
10/9/2020 9:00,6,3,3
10/9/2020 10:00,6,3,3
10/9/2020 11:00,6,3,3
10/9/2020 12:00,8,2,6
10/9/2020 13:00,7,3,4
10/9/2020 14:00,7,2,5
10/9/2020 15:00,4,1,3
10/9/2020 16:00,16,9,7
10/9/2020 17:00,18,10,8
10/9/2020 18:00,8,4,4
10/9/2020 19:00,12,6,6
10/9/2020 20:00,3,0,3
10/9/2020 21:00,0,0,0
10/9/2020 22:00,1,1,0
10/9/2020 23:00,0,0,0
10/10/2020 0:00,0,0,0
10/10/2020 1:00,0,0,0
10/10/2020 2:00,0,0,0
10/10/2020 3:00,0,0,0
10/10/2020 4:00,1,1,0
10/10/2020 5:00,0,0,0
10/10/2020 6:00,0,0,0
10/10/2020 7:00,0,0,0
10/10/2020 8:00,1,0,1
10/10/2020 9:00,0,0,0
10/10/2020 10:00,2,1,1
10/10/2020 11:00,7,1,6
10/10/2020 12:00,17,12,5
10/10/2020 13:00,8,3,5
10/10/2020 14:00,10,6,4
10/10/2020 15:00,10,6,4
10/10/2020 16:00,19,8,11
10/10/2020 17:00,16,11,5
10/10/2020 18:00,10,5,5
10/10/2020 19:00,3,3,0
10/10/2020 20:00,2,1,1
10/10/2020 21:00,0,0,0
10/10/2020 22:00,1,0,1
10/10/2020 23:00,1,1,0
10/11/2020 0:00,1,0,1
10/11/2020 1:00,0,0,0
10/11/2020 2:00,1,0,1
10/11/2020 3:00,0,0,0
10/11/2020 4:00,1,0,1
10/11/2020 5:00,0,0,0
10/11/2020 6:00,0,0,0
10/11/2020 7:00,2,2,0
10/11/2020 8:00,5,3,2
10/11/2020 9:00,2,1,1
10/11/2020 10:00,15,8,7
10/11/2020 11:00,4,2,2
10/11/2020 12:00,6,1,5
10/11/2020 13:00,6,2,4
10/11/2020 14:00,6,3,3
10/11/2020 15:00,3,1,2
10/11/2020 16:00,2,2,0
10/11/2020 17:00,4,4,0
10/11/2020 18:00,2,1,1
10/11/2020 19:00,1,1,0
10/11/2020 20:00,0,0,0
10/11/2020 21:00,1,1,0
10/11/2020 22:00,1,1,0
10/11/2020 23:00,1,1,0
10/12/2020 0:00,0,0,0
10/12/2020 1:00,0,0,0
10/12/2020 2:00,0,0,0
10/12/2020 3:00,0,0,0
10/12/2020 4:00,0,0,0
10/12/2020 5:00,1,1,0
10/12/2020 6:00,0,0,0
10/12/2020 7:00,1,0,1
10/12/2020 8:00,6,3,3
10/12/2020 9:00,2,1,1
10/12/2020 10:00,1,0,1
10/12/2020 11:00,3,2,1
10/12/2020 12:00,4,1,3
10/12/2020 13:00,4,1,3
10/12/2020 14:00,12,5,7
10/12/2020 15:00,11,5,6
10/12/2020 16:00,16,8,8
10/12/2020 17:00,16,7,9
10/12/2020 18:00,9,5,4
10/12/2020 19:00,2,0,2
10/12/2020 20:00,1,1,0
10/12/2020 21:00,1,0,1
10/12/2020 22:00,2,1,1
10/12/2020 23:00,1,1,0
10/13/2020 0:00,0,0,0
10/13/2020 1:00,0,0,0
10/13/2020 2:00,0,0,0
10/13/2020 3:00,1,1,0
10/13/2020 4:00,1,0,1
10/13/2020 5:00,0,0,0
10/13/2020 6:00,0,0,0
10/13/2020 7:00,4,1,3
10/13/2020 8:00,5,4,1
10/13/2020 9:00,2,1,1
10/13/2020 10:00,2,1,1
10/13/2020 11:00,3,1,2
10/13/2020 12:00,9,5,4
10/13/2020 13:00,7,3,4
10/13/2020 14:00,9,5,4
10/13/2020 15:00,7,4,3
10/13/2020 16:00,6,2,4
10/13/2020 17:00,11,3,8
10/13/2020 18:00,13,6,7
10/13/2020 19:00,5,4,1
10/13/2020 20:00,2,2,0
10/13/2020 21:00,0,0,0
10/13/2020 22:00,1,1,0
10/13/2020 23:00,0,0,0
10/14/2020 0:00,0,0,0
10/14/2020 1:00,0,0,0
10/14/2020 2:00,0,0,0
10/14/2020 3:00,2,0,2
10/14/2020 4:00,2,0,2
10/14/2020 5:00,0,0,0
10/14/2020 6:00,1,0,1
10/14/2020 7:00,4,2,2
10/14/2020 8:00,10,4,6
10/14/2020 9:00,1,0,1
10/14/2020 10:00,5,2,3
10/14/2020 11:00,4,1,3
10/14/2020 12:00,12,7,5
10/14/2020 13:00,14,3,11
10/14/2020 14:00,12,5,7
10/14/2020 15:00,19,13,6
10/14/2020 16:00,9,3,6
10/14/2020 17:00,12,4,8
10/14/2020 18:00,10,7,3
10/14/2020 19:00,9,7,2
10/14/2020 20:00,1,1,0
10/14/2020 21:00,2,1,1
10/14/2020 22:00,2,1,1
10/14/2020 23:00,1,1,0
10/15/2020 0:00,0,0,0
10/15/2020 1:00,1,1,0
10/15/2020 2:00,0,0,0
10/15/2020 3:00,0,0,0
10/15/2020 4:00,0,0,0
10/15/2020 5:00,0,0,0
10/15/2020 6:00,1,1,0
10/15/2020 7:00,2,0,2
10/15/2020 8:00,4,2,2
10/15/2020 9:00,1,1,0
10/15/2020 10:00,3,1,2
10/15/2020 11:00,10,4,6
10/15/2020 12:00,16,8,8
10/15/2020 13:00,10,4,6
10/15/2020 14:00,14,8,6
10/15/2020 15:00,15,10,5
10/15/2020 16:00,18,8,10
10/15/2020 17:00,19,9,10
10/15/2020 18:00,8,6,2
10/15/2020 19:00,9,4,5
10/15/2020 20:00,9,6,3
10/15/2020 21:00,10,7,3
10/15/2020 22:00,1,0,1
10/15/2020 23:00,2,1,1
10/16/2020 0:00,0,0,0
10/16/2020 1:00,1,1,0
10/16/2020 2:00,1,1,0
10/16/2020 3:00,0,0,0
10/16/2020 4:00,0,0,0
10/16/2020 5:00,0,0,0
10/16/2020 6:00,0,0,0
10/16/2020 7:00,7,3,4
10/16/2020 8:00,2,2,0
10/16/2020 9:00,4,1,3
10/16/2020 10:00,7,1,6
10/16/2020 11:00,8,4,4
10/16/2020 12:00,12,3,9
10/16/2020 13:00,7,4,3
10/16/2020 14:00,16,6,10
10/16/2020 15:00,4,3,1
10/16/2020 16:00,9,6,3
10/16/2020 17:00,11,6,5
10/16/2020 18:00,7,1,6
10/16/2020 19:00,2,1,1
10/16/2020 20:00,4,2,2
10/16/2020 21:00,1,0,1
10/16/2020 22:00,1,0,1
10/16/2020 23:00,0,0,0
10/17/2020 0:00,1,0,1
10/17/2020 1:00,1,1,0
10/17/2020 2:00,0,0,0
10/17/2020 3:00,0,0,0
10/17/2020 4:00,1,0,1
10/17/2020 5:00,0,0,0
10/17/2020 6:00,2,1,1
10/17/2020 7:00,3,3,0
10/17/2020 8:00,7,5,2
10/17/2020 9:00,4,2,2
10/17/2020 10:00,8,3,5
10/17/2020 11:00,6,2,4
10/17/2020 12:00,5,2,3
10/17/2020 13:00,12,5,7
10/17/2020 14:00,12,10,2
10/17/2020 15:00,12,3,9
10/17/2020 16:00,13,7,6
10/17/2020 17:00,17,10,7
10/17/2020 18:00,8,3,5
10/17/2020 19:00,0,0,0
10/17/2020 20:00,7,3,4
10/17/2020 21:00,1,1,0
10/17/2020 22:00,2,1,1
10/17/2020 23:00,0,0,0
10/18/2020 0:00,1,1,0
10/18/2020 1:00,0,0,0
10/18/2020 2:00,0,0,0
10/18/2020 3:00,0,0,0
10/18/2020 4:00,0,0,0
10/18/2020 5:00,0,0,0
10/18/2020 6:00,0,0,0
10/18/2020 7:00,0,0,0
10/18/2020 8:00,2,1,1
10/18/2020 9:00,6,2,4
10/18/2020 10:00,4,3,1
10/18/2020 11:00,5,1,4
10/18/2020 12:00,12,3,9
10/18/2020 13:00,10,3,7
10/18/2020 14:00,4,2,2
10/18/2020 15:00,4,3,1
10/18/2020 16:00,7,3,4
10/18/2020 17:00,6,2,4
10/18/2020 18:00,4,2,2
10/18/2020 19:00,6,3,3
10/18/2020 20:00,2,0,2
10/18/2020 21:00,3,2,1
10/18/2020 22:00,0,0,0
10/18/2020 23:00,2,1,1
10/19/2020 0:00,1,1,0
10/19/2020 1:00,0,0,0
10/19/2020 2:00,1,0,1
10/19/2020 3:00,0,0,0
10/19/2020 4:00,0,0,0
10/19/2020 5:00,2,1,1
10/19/2020 6:00,1,0,1
10/19/2020 7:00,2,0,2
10/19/2020 8:00,3,3,0
10/19/2020 9:00,11,4,7
10/19/2020 10:00,12,8,4
10/19/2020 11:00,11,2,9
10/19/2020 12:00,13,4,9
10/19/2020 13:00,2,0,2
10/19/2020 14:00,7,3,4
10/19/2020 15:00,7,4,3
10/19/2020 16:00,9,4,5
10/19/2020 17:00,4,2,2
10/19/2020 18:00,2,1,1
10/19/2020 19:00,5,4,1
10/19/2020 20:00,0,0,0
10/19/2020 21:00,3,1,2
10/19/2020 22:00,0,0,0
10/19/2020 23:00,0,0,0
10/20/2020 0:00,0,0,0
10/20/2020 1:00,0,0,0
10/20/2020 2:00,0,0,0
10/20/2020 3:00,0,0,0
10/20/2020 4:00,1,0,1
10/20/2020 5:00,0,0,0
10/20/2020 6:00,1,1,0
10/20/2020 7:00,4,2,2
10/20/2020 8:00,7,5,2
10/20/2020 9:00,5,1,4
10/20/2020 10:00,5,2,3
10/20/2020 11:00,5,1,4
10/20/2020 12:00,17,3,14
10/20/2020 13:00,8,4,4
10/20/2020 14:00,10,3,7
10/20/2020 15:00,18,8,10
10/20/2020 16:00,29,7,22
10/20/2020 17:00,26,12,14
10/20/2020 18:00,14,5,9
10/20/2020 19:00,4,3,1
10/20/2020 20:00,2,0,2
10/20/2020 21:00,2,2,0
10/20/2020 22:00,1,0,1
10/20/2020 23:00,0,0,0
10/21/2020 0:00,0,0,0
10/21/2020 1:00,0,0,0
10/21/2020 2:00,0,0,0
10/21/2020 3:00,0,0,0
10/21/2020 4:00,3,1,2
10/21/2020 5:00,1,0,1
10/21/2020 6:00,0,0,0
10/21/2020 7:00,2,0,2
10/21/2020 8:00,4,3,1
10/21/2020 9:00,0,0,0
10/21/2020 10:00,1,1,0
10/21/2020 11:00,1,0,1
10/21/2020 12:00,5,3,2
10/21/2020 13:00,2,0,2
10/21/2020 14:00,7,3,4
10/21/2020 15:00,8,5,3
10/21/2020 16:00,1,1,0
10/21/2020 17:00,9,4,5
10/21/2020 18:00,5,2,3
10/21/2020 19:00,2,0,2
10/21/2020 20:00,1,1,0
10/21/2020 21:00,1,0,1
10/21/2020 22:00,0,0,0
10/21/2020 23:00,0,0,0
10/22/2020 0:00,0,0,0
10/22/2020 1:00,0,0,0
10/22/2020 2:00,0,0,0
10/22/2020 3:00,0,0,0
10/22/2020 4:00,0,0,0
10/22/2020 5:00,1,0,1
10/22/2020 6:00,1,1,0
10/22/2020 7:00,6,2,4
10/22/2020 8:00,5,3,2
10/22/2020 9:00,3,1,2
10/22/2020 10:00,9,3,6
10/22/2020 11:00,5,2,3
10/22/2020 12:00,13,6,7
10/22/2020 13:00,10,3,7
10/22/2020 14:00,11,5,6
10/22/2020 15:00,14,6,8
10/22/2020 16:00,12,4,8
10/22/2020 17:00,19,10,9
10/22/2020 18:00,11,3,8
10/22/2020 19:00,9,4,5
10/22/2020 20:00,1,1,0
10/22/2020 21:00,3,3,0
10/22/2020 22:00,2,0,2
10/22/2020 23:00,0,0,0
10/23/2020 0:00,1,0,1
10/23/2020 1:00,0,0,0
10/23/2020 2:00,0,0,0
10/23/2020 3:00,0,0,0
10/23/2020 4:00,0,0,0
10/23/2020 5:00,0,0,0
10/23/2020 6:00,0,0,0
10/23/2020 7:00,2,0,2
10/23/2020 8:00,2,1,1
10/23/2020 9:00,0,0,0
10/23/2020 10:00,6,3,3
10/23/2020 11:00,2,0,2
10/23/2020 12:00,3,1,2
10/23/2020 13:00,4,3,1
10/23/2020 14:00,3,2,1
10/23/2020 15:00,6,1,5
10/23/2020 16:00,4,2,2
10/23/2020 17:00,4,3,1
10/23/2020 18:00,9,3,6
10/23/2020 19:00,1,0,1
10/23/2020 20:00,2,1,1
10/23/2020 21:00,1,1,0
10/23/2020 22:00,1,1,0
10/23/2020 23:00,0,0,0
10/24/2020 0:00,0,0,0
10/24/2020 1:00,0,0,0
10/24/2020 2:00,0,0,0
10/24/2020 3:00,0,0,0
10/24/2020 4:00,0,0,0
10/24/2020 5:00,0,0,0
10/24/2020 6:00,1,0,1
10/24/2020 7:00,0,0,0
10/24/2020 8:00,0,0,0
10/24/2020 9:00,2,1,1
10/24/2020 10:00,5,0,5
10/24/2020 11:00,9,2,7
10/24/2020 12:00,13,6,7
10/24/2020 13:00,7,2,5
10/24/2020 14:00,7,3,4
10/24/2020 15:00,13,6,7
10/24/2020 16:00,13,7,6
10/24/2020 17:00,10,4,6
10/24/2020 18:00,8,4,4
10/24/2020 19:00,0,0,0
10/24/2020 20:00,1,1,0
10/24/2020 21:00,1,1,0
10/24/2020 22:00,0,0,0
10/24/2020 23:00,2,1,1
10/25/2020 0:00,1,1,0
10/25/2020 1:00,1,0,1
10/25/2020 2:00,0,0,0
10/25/2020 3:00,0,0,0
10/25/2020 4:00,0,0,0
10/25/2020 5:00,0,0,0
10/25/2020 6:00,0,0,0
10/25/2020 7:00,0,0,0
10/25/2020 8:00,1,0,1
10/25/2020 9:00,3,1,2
10/25/2020 10:00,5,1,4
10/25/2020 11:00,7,3,4
10/25/2020 12:00,11,4,7
10/25/2020 13:00,9,4,5
10/25/2020 14:00,10,6,4
10/25/2020 15:00,14,6,8
10/25/2020 16:00,5,2,3
10/25/2020 17:00,8,4,4
10/25/2020 18:00,7,5,2
10/25/2020 19:00,2,1,1
10/25/2020 20:00,2,2,0
10/25/2020 21:00,2,1,1
10/25/2020 22:00,0,0,0
10/25/2020 23:00,1,0,1
10/26/2020 0:00,1,1,0
10/26/2020 1:00,0,0,0
10/26/2020 2:00,0,0,0
10/26/2020 3:00,0,0,0
10/26/2020 4:00,0,0,0
10/26/2020 5:00,0,0,0
10/26/2020 6:00,0,0,0
10/26/2020 7:00,2,1,1
10/26/2020 8:00,3,2,1
10/26/2020 9:00,2,1,1
10/26/2020 10:00,5,1,4
10/26/2020 11:00,2,0,2
10/26/2020 12:00,3,0,3
10/26/2020 13:00,3,2,1
10/26/2020 14:00,7,5,2
10/26/2020 15:00,4,2,2
10/26/2020 16:00,8,3,5
10/26/2020 17:00,18,13,5
10/26/2020 18:00,6,4,2
10/26/2020 19:00,5,2,3
10/26/2020 20:00,5,2,3
10/26/2020 21:00,0,0,0
10/26/2020 22:00,1,0,1
10/26/2020 23:00,1,0,1
10/27/2020 0:00,0,0,0
10/27/2020 1:00,0,0,0
10/27/2020 2:00,1,0,1
10/27/2020 3:00,0,0,0
10/27/2020 4:00,0,0,0
10/27/2020 5:00,1,0,1
10/27/2020 6:00,1,0,1
10/27/2020 7:00,5,2,3
10/27/2020 8:00,5,4,1
10/27/2020 9:00,2,0,2
10/27/2020 10:00,5,3,2
10/27/2020 11:00,10,3,7
10/27/2020 12:00,9,1,8
10/27/2020 13:00,9,3,6
10/27/2020 14:00,13,7,6
10/27/2020 15:00,25,12,13
10/27/2020 16:00,11,3,8
10/27/2020 17:00,36,20,16
10/27/2020 18:00,15,8,7
10/27/2020 19:00,6,5,1
10/27/2020 20:00,0,0,0
10/27/2020 21:00,2,0,2
10/27/2020 22:00,2,1,1
10/27/2020 23:00,4,1,3
10/28/2020 0:00,0,0,0
10/28/2020 1:00,0,0,0
10/28/2020 2:00,0,0,0
10/28/2020 3:00,0,0,0
10/28/2020 4:00,0,0,0
10/28/2020 5:00,1,0,1
10/28/2020 6:00,1,0,1
10/28/2020 7:00,3,1,2
10/28/2020 8:00,10,5,5
10/28/2020 9:00,0,0,0
10/28/2020 10:00,2,1,1
10/28/2020 11:00,4,2,2
10/28/2020 12:00,6,1,5
10/28/2020 13:00,7,5,2
10/28/2020 14:00,9,5,4
10/28/2020 15:00,2,1,1
10/28/2020 16:00,12,5,7
10/28/2020 17:00,11,7,4
10/28/2020 18:00,7,3,4
10/28/2020 19:00,5,4,1
10/28/2020 20:00,2,2,0
10/28/2020 21:00,3,1,2
10/28/2020 22:00,5,2,3
10/28/2020 23:00,3,1,2
10/29/2020 0:00,0,0,0
10/29/2020 1:00,0,0,0
10/29/2020 2:00,0,0,0
10/29/2020 3:00,0,0,0
10/29/2020 4:00,0,0,0
10/29/2020 5:00,2,2,0
10/29/2020 6:00,1,0,1
10/29/2020 7:00,3,2,1
10/29/2020 8:00,6,2,4
10/29/2020 9:00,7,5,2
10/29/2020 10:00,0,0,0
10/29/2020 11:00,6,3,3
10/29/2020 12:00,6,1,5
10/29/2020 13:00,7,4,3
10/29/2020 14:00,6,2,4
10/29/2020 15:00,12,4,8
10/29/2020 16:00,16,6,10
10/29/2020 17:00,25,11,14
10/29/2020 18:00,11,10,1
10/29/2020 19:00,7,6,1
10/29/2020 20:00,0,0,0
10/29/2020 21:00,2,1,1
10/29/2020 22:00,2,2,0
10/29/2020 23:00,1,1,0
10/30/2020 0:00,1,1,0
10/30/2020 1:00,0,0,0
10/30/2020 2:00,0,0,0
10/30/2020 3:00,1,1,0
10/30/2020 4:00,0,0,0
10/30/2020 5:00,0,0,0
10/30/2020 6:00,1,0,1
10/30/2020 7:00,3,0,3
10/30/2020 8:00,2,2,0
10/30/2020 9:00,3,3,0
10/30/2020 10:00,8,1,7
10/30/2020 11:00,4,0,4
10/30/2020 12:00,3,1,2
10/30/2020 13:00,11,7,4
10/30/2020 14:00,11,5,6
10/30/2020 15:00,14,10,4
10/30/2020 16:00,11,8,3
10/30/2020 17:00,25,14,11
10/30/2020 18:00,6,2,4
10/30/2020 19:00,1,0,1
10/30/2020 20:00,2,2,0
10/30/2020 21:00,2,1,1
10/30/2020 22:00,1,1,0
10/30/2020 23:00,0,0,0
10/31/2020 0:00,1,1,0
10/31/2020 1:00,0,0,0
10/31/2020 2:00,2,1,1
10/31/2020 3:00,0,0,0
10/31/2020 4:00,1,1,0
10/31/2020 5:00,1,0,1
10/31/2020 6:00,0,0,0
10/31/2020 7:00,4,3,1
10/31/2020 8:00,0,0,0
10/31/2020 9:00,0,0,0
10/31/2020 10:00,5,4,1
10/31/2020 11:00,9,1,8
10/31/2020 12:00,19,11,8
10/31/2020 13:00,22,8,14
10/31/2020 14:00,10,3,7
10/31/2020 15:00,13,8,5
10/31/2020 16:00,10,5,5
10/31/2020 17:00,19,11,8
10/31/2020 18:00,5,3,2
10/31/2020 19:00,3,0,3
10/31/2020 20:00,3,1,2
10/31/2020 21:00,2,0,2
10/31/2020 22:00,1,1,0
10/31/2020 23:00,0,0,0
11/1/2020 0:00,0,0,0
11/1/2020 1:00,0,0,0
11/1/2020 2:00,0,0,0
11/1/2020 3:00,0,0,0
11/1/2020 4:00,0,0,0
11/1/2020 5:00,0,0,0
11/1/2020 6:00,2,0,2
11/1/2020 7:00,2,1,1
11/1/2020 8:00,0,0,0
11/1/2020 9:00,6,3,3
11/1/2020 10:00,8,2,6
11/1/2020 11:00,11,5,6
11/1/2020 12:00,22,9,13
11/1/2020 13:00,11,8,3
11/1/2020 14:00,16,8,8
11/1/2020 15:00,18,9,9
11/1/2020 16:00,20,14,6
11/1/2020 17:00,6,4,2
11/1/2020 18:00,10,7,3
11/1/2020 19:00,1,1,0
11/1/2020 20:00,3,1,2
11/1/2020 21:00,0,0,0
11/1/2020 22:00,1,1,0
11/1/2020 23:00,0,0,0
11/2/2020 0:00,0,0,0
11/2/2020 1:00,0,0,0
11/2/2020 2:00,0,0,0
11/2/2020 3:00,0,0,0
11/2/2020 4:00,0,0,0
11/2/2020 5:00,0,0,0
11/2/2020 6:00,1,0,1
11/2/2020 7:00,5,1,4
11/2/2020 8:00,3,2,1
11/2/2020 9:00,1,1,0
11/2/2020 10:00,0,0,0
11/2/2020 11:00,6,1,5
11/2/2020 12:00,11,2,9
11/2/2020 13:00,15,7,8
11/2/2020 14:00,9,4,5
11/2/2020 15:00,14,5,9
11/2/2020 16:00,16,7,9
11/2/2020 17:00,12,6,6
11/2/2020 18:00,5,1,4
11/2/2020 19:00,2,1,1
11/2/2020 20:00,1,1,0
11/2/2020 21:00,0,0,0
11/2/2020 22:00,1,1,0
11/2/2020 23:00,1,0,1
11/3/2020 0:00,4,1,3
11/3/2020 1:00,0,0,0
11/3/2020 2:00,0,0,0
11/3/2020 3:00,0,0,0
11/3/2020 4:00,0,0,0
11/3/2020 5:00,0,0,0
11/3/2020 6:00,1,0,1
11/3/2020 7:00,5,3,2
11/3/2020 8:00,1,1,0
11/3/2020 9:00,1,1,0
11/3/2020 10:00,1,0,1
11/3/2020 11:00,3,2,1
11/3/2020 12:00,5,3,2
11/3/2020 13:00,7,2,5
11/3/2020 14:00,5,4,1
11/3/2020 15:00,5,2,3
11/3/2020 16:00,4,1,3
11/3/2020 17:00,6,5,1
11/3/2020 18:00,2,1,1
11/3/2020 19:00,4,1,3
11/3/2020 20:00,2,2,0
11/3/2020 21:00,3,2,1
11/3/2020 22:00,0,0,0
11/3/2020 23:00,1,0,1
11/4/2020 0:00,0,0,0
11/4/2020 1:00,0,0,0
11/4/2020 2:00,1,0,1
11/4/2020 3:00,0,0,0
11/4/2020 4:00,1,0,1
11/4/2020 5:00,0,0,0
11/4/2020 6:00,0,0,0
11/4/2020 7:00,2,1,1
11/4/2020 8:00,4,3,1
11/4/2020 9:00,3,2,1
11/4/2020 10:00,1,1,0
11/4/2020 11:00,8,2,6
11/4/2020 12:00,6,3,3
11/4/2020 13:00,8,6,2
11/4/2020 14:00,2,0,2
11/4/2020 15:00,2,1,1
11/4/2020 16:00,4,2,2
11/4/2020 17:00,1,0,1
11/4/2020 18:00,4,2,2
11/4/2020 19:00,2,1,1
11/4/2020 20:00,2,0,2
11/4/2020 21:00,1,0,1
11/4/2020 22:00,0,0,0
11/4/2020 23:00,0,0,0
11/5/2020 0:00,2,1,1
11/5/2020 1:00,2,1,1
11/5/2020 2:00,2,2,0
11/5/2020 3:00,0,0,0
11/5/2020 4:00,2,1,1
11/5/2020 5:00,0,0,0
11/5/2020 6:00,1,0,1
11/5/2020 7:00,5,2,3
11/5/2020 8:00,7,4,3
11/5/2020 9:00,6,4,2
11/5/2020 10:00,2,1,1
11/5/2020 11:00,5,1,4
11/5/2020 12:00,4,2,2
11/5/2020 13:00,7,3,4
11/5/2020 14:00,3,3,0
11/5/2020 15:00,0,0,0
11/5/2020 16:00,1,0,1
11/5/2020 17:00,7,4,3
11/5/2020 18:00,4,3,1
11/5/2020 19:00,0,0,0
11/5/2020 20:00,0,0,0
11/5/2020 21:00,0,0,0
11/5/2020 22:00,2,2,0
11/5/2020 23:00,0,0,0
11/6/2020 0:00,0,0,0
11/6/2020 1:00,0,0,0
11/6/2020 2:00,0,0,0
11/6/2020 3:00,0,0,0
11/6/2020 4:00,0,0,0
11/6/2020 5:00,0,0,0
11/6/2020 6:00,1,1,0
11/6/2020 7:00,3,3,0
11/6/2020 8:00,0,0,0
11/6/2020 9:00,2,1,1
11/6/2020 10:00,3,0,3
11/6/2020 11:00,3,1,2
11/6/2020 12:00,1,0,1
11/6/2020 13:00,9,0,9
11/6/2020 14:00,10,7,3
11/6/2020 15:00,8,3,5
11/6/2020 16:00,13,7,6
11/6/2020 17:00,5,2,3
11/6/2020 18:00,3,2,1
11/6/2020 19:00,4,2,2
11/6/2020 20:00,3,1,2
11/6/2020 21:00,0,0,0
11/6/2020 22:00,0,0,0
11/6/2020 23:00,0,0,0
11/7/2020 0:00,0,0,0
11/7/2020 1:00,0,0,0
11/7/2020 2:00,0,0,0
11/7/2020 3:00,0,0,0
11/7/2020 4:00,0,0,0
11/7/2020 5:00,0,0,0
11/7/2020 6:00,0,0,0
11/7/2020 7:00,5,2,3
11/7/2020 8:00,0,0,0
11/7/2020 9:00,3,3,0
11/7/2020 10:00,3,2,1
11/7/2020 11:00,5,1,4
11/7/2020 12:00,4,3,1
11/7/2020 13:00,9,3,6
11/7/2020 14:00,11,7,4
11/7/2020 15:00,12,9,3
11/7/2020 16:00,4,1,3
11/7/2020 17:00,2,1,1
11/7/2020 18:00,6,3,3
11/7/2020 19:00,4,1,3
11/7/2020 20:00,2,0,2
11/7/2020 21:00,1,1,0
11/7/2020 22:00,1,1,0
11/7/2020 23:00,1,0,1
11/8/2020 0:00,1,1,0
11/8/2020 1:00,0,0,0
11/8/2020 2:00,1,1,0
11/8/2020 3:00,0,0,0
11/8/2020 4:00,0,0,0
11/8/2020 5:00,0,0,0
11/8/2020 6:00,0,0,0
11/8/2020 7:00,3,3,0
11/8/2020 8:00,1,0,1
11/8/2020 9:00,13,5,8
11/8/2020 10:00,20,11,9
11/8/2020 11:00,14,7,7
11/8/2020 12:00,15,8,7
11/8/2020 13:00,14,3,11
11/8/2020 14:00,19,9,10
11/8/2020 15:00,8,8,0
11/8/2020 16:00,19,11,8
11/8/2020 17:00,9,6,3
11/8/2020 18:00,1,0,1
11/8/2020 19:00,1,1,0
11/8/2020 20:00,1,1,0
11/8/2020 21:00,0,0,0
11/8/2020 22:00,1,1,0
11/8/2020 23:00,0,0,0
11/9/2020 0:00,0,0,0
11/9/2020 1:00,1,0,1
11/9/2020 2:00,0,0,0
11/9/2020 3:00,1,0,1
11/9/2020 4:00,0,0,0
11/9/2020 5:00,1,0,1
11/9/2020 6:00,1,0,1
11/9/2020 7:00,4,2,2
11/9/2020 8:00,2,1,1
11/9/2020 9:00,2,1,1
11/9/2020 10:00,4,2,2
11/9/2020 11:00,7,5,2
11/9/2020 12:00,4,0,4
11/9/2020 13:00,6,0,6
11/9/2020 14:00,5,3,2
11/9/2020 15:00,8,4,4
11/9/2020 16:00,5,3,2
11/9/2020 17:00,3,2,1
11/9/2020 18:00,0,0,0
11/9/2020 19:00,0,0,0
11/9/2020 20:00,0,0,0
11/9/2020 21:00,0,0,0
11/9/2020 22:00,1,0,1
11/9/2020 23:00,0,0,0
11/10/2020 0:00,0,0,0
11/10/2020 1:00,0,0,0
11/10/2020 2:00,0,0,0
11/10/2020 3:00,0,0,0
11/10/2020 4:00,0,0,0
11/10/2020 5:00,0,0,0
11/10/2020 6:00,1,0,1
11/10/2020 7:00,1,0,1
11/10/2020 8:00,2,2,0
11/10/2020 9:00,4,3,1
11/10/2020 10:00,0,0,0
11/10/2020 11:00,5,2,3
11/10/2020 12:00,14,5,9
11/10/2020 13:00,3,0,3
11/10/2020 14:00,9,7,2
11/10/2020 15:00,7,1,6
11/10/2020 16:00,5,2,3
11/10/2020 17:00,3,1,2
11/10/2020 18:00,6,4,2
11/10/2020 19:00,4,2,2
11/10/2020 20:00,0,0,0
11/10/2020 21:00,1,0,1
11/10/2020 22:00,2,1,1
11/10/2020 23:00,0,0,0
11/11/2020 0:00,0,0,0
11/11/2020 1:00,0,0,0
11/11/2020 2:00,0,0,0
11/11/2020 3:00,0,0,0
11/11/2020 4:00,0,0,0
11/11/2020 5:00,1,0,1
11/11/2020 6:00,1,0,1
11/11/2020 7:00,3,1,2
11/11/2020 8:00,6,4,2
11/11/2020 9:00,3,0,3
11/11/2020 10:00,5,3,2
11/11/2020 11:00,6,5,1
11/11/2020 12:00,6,3,3
11/11/2020 13:00,8,4,4
11/11/2020 14:00,6,2,4
11/11/2020 15:00,8,4,4
11/11/2020 16:00,13,10,3
11/11/2020 17:00,8,3,5
11/11/2020 18:00,0,0,0
11/11/2020 19:00,2,1,1
11/11/2020 20:00,1,1,0
11/11/2020 21:00,2,1,1
11/11/2020 22:00,2,2,0
11/11/2020 23:00,0,0,0
11/12/2020 0:00,2,0,2
11/12/2020 1:00,1,1,0
11/12/2020 2:00,0,0,0
11/12/2020 3:00,0,0,0
11/12/2020 4:00,0,0,0
11/12/2020 5:00,0,0,0
11/12/2020 6:00,3,1,2
11/12/2020 7:00,7,2,5
11/12/2020 8:00,7,5,2
11/12/2020 9:00,5,3,2
11/12/2020 10:00,7,1,6
11/12/2020 11:00,3,2,1
11/12/2020 12:00,12,7,5
11/12/2020 13:00,4,0,4
11/12/2020 14:00,8,4,4
11/12/2020 15:00,6,1,5
11/12/2020 16:00,8,4,4
11/12/2020 17:00,2,1,1
11/12/2020 18:00,5,3,2
11/12/2020 19:00,1,1,0
11/12/2020 20:00,1,0,1
11/12/2020 21:00,1,0,1
11/12/2020 22:00,0,0,0
11/12/2020 23:00,0,0,0
11/13/2020 0:00,0,0,0
11/13/2020 1:00,0,0,0
11/13/2020 2:00,0,0,0
11/13/2020 3:00,0,0,0
11/13/2020 4:00,1,0,1
11/13/2020 5:00,0,0,0
11/13/2020 6:00,0,0,0
11/13/2020 7:00,1,1,0
11/13/2020 8:00,2,1,1
11/13/2020 9:00,1,1,0
11/13/2020 10:00,3,0,3
11/13/2020 11:00,2,1,1
11/13/2020 12:00,7,2,5
11/13/2020 13:00,6,1,5
11/13/2020 14:00,13,6,7
11/13/2020 15:00,9,4,5
11/13/2020 16:00,5,3,2
11/13/2020 17:00,7,4,3
11/13/2020 18:00,6,1,5
11/13/2020 19:00,4,2,2
11/13/2020 20:00,3,3,0
11/13/2020 21:00,2,0,2
11/13/2020 22:00,0,0,0
11/13/2020 23:00,1,0,1
11/14/2020 0:00,0,0,0
11/14/2020 1:00,0,0,0
11/14/2020 2:00,0,0,0
11/14/2020 3:00,0,0,0
11/14/2020 4:00,1,0,1
11/14/2020 5:00,0,0,0
11/14/2020 6:00,0,0,0
11/14/2020 7:00,1,0,1
11/14/2020 8:00,4,2,2
11/14/2020 9:00,4,0,4
11/14/2020 10:00,6,3,3
11/14/2020 11:00,11,3,8
11/14/2020 12:00,18,10,8
11/14/2020 13:00,9,3,6
11/14/2020 14:00,9,6,3
11/14/2020 15:00,3,1,2
11/14/2020 16:00,7,4,3
11/14/2020 17:00,2,1,1
11/14/2020 18:00,1,0,1
11/14/2020 19:00,1,1,0
11/14/2020 20:00,2,2,0
11/14/2020 21:00,0,0,0
11/14/2020 22:00,1,0,1
11/14/2020 23:00,0,0,0
11/15/2020 0:00,0,0,0
11/15/2020 1:00,0,0,0
11/15/2020 2:00,0,0,0
11/15/2020 3:00,0,0,0
11/15/2020 4:00,2,0,2
11/15/2020 5:00,0,0,0
11/15/2020 6:00,2,0,2
11/15/2020 7:00,1,1,0
11/15/2020 8:00,5,3,2
11/15/2020 9:00,4,2,2
11/15/2020 10:00,8,6,2
11/15/2020 11:00,9,5,4
11/15/2020 12:00,8,3,5
11/15/2020 13:00,14,6,8
11/15/2020 14:00,13,8,5
11/15/2020 15:00,13,3,10
11/15/2020 16:00,7,7,0
11/15/2020 17:00,5,3,2
11/15/2020 18:00,1,0,1
11/15/2020 19:00,1,1,0
11/15/2020 20:00,3,2,1
11/15/2020 21:00,0,0,0
11/15/2020 22:00,0,0,0
11/15/2020 23:00,0,0,0
11/16/2020 0:00,0,0,0
11/16/2020 1:00,0,0,0
11/16/2020 2:00,0,0,0
11/16/2020 3:00,0,0,0
11/16/2020 4:00,1,0,1
11/16/2020 5:00,0,0,0
11/16/2020 6:00,1,0,1
11/16/2020 7:00,1,0,1
11/16/2020 8:00,3,2,1
11/16/2020 9:00,2,2,0
11/16/2020 10:00,0,0,0
11/16/2020 11:00,2,1,1
11/16/2020 12:00,7,5,2
11/16/2020 13:00,0,0,0
11/16/2020 14:00,1,1,0
11/16/2020 15:00,2,1,1
11/16/2020 16:00,3,1,2
11/16/2020 17:00,1,1,0
11/16/2020 18:00,0,0,0
11/16/2020 19:00,0,0,0
11/16/2020 20:00,0,0,0
11/16/2020 21:00,1,0,1
11/16/2020 22:00,1,1,0
11/16/2020 23:00,0,0,0
11/17/2020 0:00,0,0,0
11/17/2020 1:00,0,0,0
11/17/2020 2:00,0,0,0
11/17/2020 3:00,0,0,0
11/17/2020 4:00,0,0,0
11/17/2020 5:00,1,0,1
11/17/2020 6:00,1,0,1
11/17/2020 7:00,2,0,2
11/17/2020 8:00,9,6,3
11/17/2020 9:00,3,3,0
11/17/2020 10:00,2,0,2
11/17/2020 11:00,4,2,2
11/17/2020 12:00,6,2,4
11/17/2020 13:00,5,2,3
11/17/2020 14:00,3,2,1
11/17/2020 15:00,10,4,6
11/17/2020 16:00,2,1,1
11/17/2020 17:00,3,1,2
11/17/2020 18:00,1,1,0
11/17/2020 19:00,0,0,0
11/17/2020 20:00,1,1,0
11/17/2020 21:00,0,0,0
11/17/2020 22:00,0,0,0
11/17/2020 23:00,0,0,0
11/18/2020 0:00,0,0,0
11/18/2020 1:00,0,0,0
11/18/2020 2:00,0,0,0
11/18/2020 3:00,0,0,0
11/18/2020 4:00,0,0,0
11/18/2020 5:00,0,0,0
11/18/2020 6:00,0,0,0
11/18/2020 7:00,1,1,0
11/18/2020 8:00,0,0,0
11/18/2020 9:00,4,3,1
11/18/2020 10:00,5,1,4
11/18/2020 11:00,3,1,2
11/18/2020 12:00,1,1,0
11/18/2020 13:00,3,0,3
11/18/2020 14:00,3,1,2
11/18/2020 15:00,5,2,3
11/18/2020 16:00,6,3,3
11/18/2020 17:00,3,1,2
11/18/2020 18:00,3,0,3
11/18/2020 19:00,4,2,2
11/18/2020 20:00,0,0,0
11/18/2020 21:00,1,1,0
11/18/2020 22:00,1,1,0
11/18/2020 23:00,0,0,0
11/19/2020 0:00,1,0,1
11/19/2020 1:00,0,0,0
11/19/2020 2:00,0,0,0
11/19/2020 3:00,0,0,0
11/19/2020 4:00,0,0,0
11/19/2020 5:00,1,0,1
11/19/2020 6:00,0,0,0
11/19/2020 7:00,6,1,5
11/19/2020 8:00,3,1,2
11/19/2020 9:00,3,1,2
11/19/2020 10:00,4,3,1
11/19/2020 11:00,4,2,2
11/19/2020 12:00,9,6,3
11/19/2020 13:00,9,4,5
11/19/2020 14:00,7,4,3
11/19/2020 15:00,12,5,7
11/19/2020 16:00,6,4,2
11/19/2020 17:00,3,1,2
11/19/2020 18:00,1,1,0
11/19/2020 19:00,2,1,1
11/19/2020 20:00,5,4,1
11/19/2020 21:00,0,0,0
11/19/2020 22:00,0,0,0
11/19/2020 23:00,0,0,0
11/20/2020 0:00,0,0,0
11/20/2020 1:00,0,0,0
11/20/2020 2:00,0,0,0
11/20/2020 3:00,0,0,0
11/20/2020 4:00,1,0,1
11/20/2020 5:00,0,0,0
11/20/2020 6:00,1,1,0
11/20/2020 7:00,1,0,1
11/20/2020 8:00,2,1,1
11/20/2020 9:00,0,0,0
11/20/2020 10:00,3,2,1
11/20/2020 11:00,0,0,0
11/20/2020 12:00,8,5,3
11/20/2020 13:00,7,4,3
11/20/2020 14:00,7,4,3
11/20/2020 15:00,9,6,3
11/20/2020 16:00,10,5,5
11/20/2020 17:00,4,4,0
11/20/2020 18:00,1,0,1
11/20/2020 19:00,4,2,2
11/20/2020 20:00,2,1,1
11/20/2020 21:00,0,0,0
11/20/2020 22:00,0,0,0
11/20/2020 23:00,0,0,0
11/21/2020 0:00,2,2,0
11/21/2020 1:00,0,0,0
11/21/2020 2:00,0,0,0
11/21/2020 3:00,1,1,0
11/21/2020 4:00,1,0,1
11/21/2020 5:00,0,0,0
11/21/2020 6:00,0,0,0
11/21/2020 7:00,4,3,1
11/21/2020 8:00,1,1,0
11/21/2020 9:00,7,4,3
11/21/2020 10:00,6,2,4
11/21/2020 11:00,9,6,3
11/21/2020 12:00,17,9,8
11/21/2020 13:00,20,4,16
11/21/2020 14:00,22,12,10
11/21/2020 15:00,22,9,13
11/21/2020 16:00,16,8,8
11/21/2020 17:00,5,1,4
11/21/2020 18:00,2,1,1
11/21/2020 19:00,1,1,0
11/21/2020 20:00,0,0,0
11/21/2020 21:00,1,1,0
11/21/2020 22:00,0,0,0
11/21/2020 23:00,0,0,0
11/22/2020 0:00,1,0,1
11/22/2020 1:00,0,0,0
11/22/2020 2:00,0,0,0
11/22/2020 3:00,1,0,1
11/22/2020 4:00,0,0,0
11/22/2020 5:00,3,1,2
11/22/2020 6:00,2,0,2
11/22/2020 7:00,0,0,0
11/22/2020 8:00,2,2,0
11/22/2020 9:00,2,0,2
11/22/2020 10:00,5,1,4
11/22/2020 11:00,8,5,3
11/22/2020 12:00,4,1,3
11/22/2020 13:00,8,3,5
11/22/2020 14:00,3,2,1
11/22/2020 15:00,9,3,6
11/22/2020 16:00,2,1,1
11/22/2020 17:00,1,0,1
11/22/2020 18:00,1,0,1
11/22/2020 19:00,0,0,0
11/22/2020 20:00,1,0,1
11/22/2020 21:00,0,0,0
11/22/2020 22:00,0,0,0
11/22/2020 23:00,0,0,0
11/23/2020 0:00,0,0,0
11/23/2020 1:00,0,0,0
11/23/2020 2:00,0,0,0
11/23/2020 3:00,0,0,0
11/23/2020 4:00,0,0,0
11/23/2020 5:00,1,0,1
11/23/2020 6:00,3,1,2
11/23/2020 7:00,1,0,1
11/23/2020 8:00,1,1,0
11/23/2020 9:00,1,0,1
11/23/2020 10:00,3,3,0
11/23/2020 11:00,7,2,5
11/23/2020 12:00,3,1,2
11/23/2020 13:00,9,5,4
11/23/2020 14:00,7,4,3
11/23/2020 15:00,3,1,2
11/23/2020 16:00,10,5,5
11/23/2020 17:00,5,2,3
11/23/2020 18:00,6,1,5
11/23/2020 19:00,2,1,1
11/23/2020 20:00,4,4,0
11/23/2020 21:00,0,0,0
11/23/2020 22:00,5,2,3
11/23/2020 23:00,1,1,0
11/24/2020 0:00,1,0,1
11/24/2020 1:00,0,0,0
11/24/2020 2:00,0,0,0
11/24/2020 3:00,2,0,2
11/24/2020 4:00,0,0,0
11/24/2020 5:00,1,0,1
11/24/2020 6:00,2,0,2
11/24/2020 7:00,2,1,1
11/24/2020 8:00,5,2,3
11/24/2020 9:00,5,2,3
11/24/2020 10:00,3,1,2
11/24/2020 11:00,2,1,1
11/24/2020 12:00,4,3,1
11/24/2020 13:00,5,3,2
11/24/2020 14:00,5,2,3
11/24/2020 15:00,5,2,3
11/24/2020 16:00,1,1,0
11/24/2020 17:00,5,1,4
11/24/2020 18:00,3,0,3
11/24/2020 19:00,3,0,3
11/24/2020 20:00,2,1,1
11/24/2020 21:00,0,0,0
11/24/2020 22:00,0,0,0
11/24/2020 23:00,0,0,0
11/25/2020 0:00,1,0,1
11/25/2020 1:00,2,1,1
11/25/2020 2:00,0,0,0
11/25/2020 3:00,0,0,0
11/25/2020 4:00,0,0,0
11/25/2020 5:00,1,0,1
11/25/2020 6:00,0,0,0
11/25/2020 7:00,4,0,4
11/25/2020 8:00,4,2,2
11/25/2020 9:00,7,3,4
11/25/2020 10:00,8,2,6
11/25/2020 11:00,6,1,5
11/25/2020 12:00,6,3,3
11/25/2020 13:00,15,7,8
11/25/2020 14:00,13,8,5
11/25/2020 15:00,16,7,9
11/25/2020 16:00,7,3,4
11/25/2020 17:00,1,1,0
11/25/2020 18:00,2,0,2
11/25/2020 19:00,0,0,0
11/25/2020 20:00,1,0,1
11/25/2020 21:00,5,5,0
11/25/2020 22:00,1,0,1
11/25/2020 23:00,1,0,1
11/26/2020 0:00,0,0,0
11/26/2020 1:00,0,0,0
11/26/2020 2:00,1,1,0
11/26/2020 3:00,0,0,0
11/26/2020 4:00,0,0,0
11/26/2020 5:00,0,0,0
11/26/2020 6:00,0,0,0
11/26/2020 7:00,0,0,0
11/26/2020 8:00,3,2,1
11/26/2020 9:00,0,0,0
11/26/2020 10:00,7,2,5
11/26/2020 11:00,8,1,7
11/26/2020 12:00,4,4,0
11/26/2020 13:00,5,4,1
11/26/2020 14:00,1,1,0
11/26/2020 15:00,1,1,0
11/26/2020 16:00,0,0,0
11/26/2020 17:00,2,0,2
11/26/2020 18:00,0,0,0
11/26/2020 19:00,1,0,1
11/26/2020 20:00,0,0,0
11/26/2020 21:00,0,0,0
11/26/2020 22:00,0,0,0
11/26/2020 23:00,1,0,1
11/27/2020 0:00,0,0,0
11/27/2020 1:00,0,0,0
11/27/2020 2:00,0,0,0
11/27/2020 3:00,0,0,0
11/27/2020 4:00,1,0,1
11/27/2020 5:00,0,0,0
11/27/2020 6:00,1,0,1
11/27/2020 7:00,1,1,0
11/27/2020 8:00,5,3,2
11/27/2020 9:00,2,1,1
11/27/2020 10:00,8,5,3
11/27/2020 11:00,10,4,6
11/27/2020 12:00,18,7,11
11/27/2020 13:00,6,3,3
11/27/2020 14:00,13,8,5
11/27/2020 15:00,17,5,12
11/27/2020 16:00,13,8,5
11/27/2020 17:00,6,3,3
11/27/2020 18:00,1,1,0
11/27/2020 19:00,2,1,1
11/27/2020 20:00,0,0,0
11/27/2020 21:00,0,0,0
11/27/2020 22:00,1,1,0
11/27/2020 23:00,0,0,0
11/28/2020 0:00,0,0,0
11/28/2020 1:00,0,0,0
11/28/2020 2:00,0,0,0
11/28/2020 3:00,0,0,0
11/28/2020 4:00,1,0,1
11/28/2020 5:00,0,0,0
11/28/2020 6:00,0,0,0
11/28/2020 7:00,2,2,0
11/28/2020 8:00,2,2,0
11/28/2020 9:00,1,0,1
11/28/2020 10:00,0,0,0
11/28/2020 11:00,4,0,4
11/28/2020 12:00,4,1,3
11/28/2020 13:00,3,0,3
11/28/2020 14:00,14,4,10
11/28/2020 15:00,11,5,6
11/28/2020 16:00,7,2,5
11/28/2020 17:00,2,2,0
11/28/2020 18:00,2,0,2
11/28/2020 19:00,2,2,0
11/28/2020 20:00,0,0,0
11/28/2020 21:00,0,0,0
11/28/2020 22:00,0,0,0
11/28/2020 23:00,0,0,0
11/29/2020 0:00,0,0,0
11/29/2020 1:00,0,0,0
11/29/2020 2:00,0,0,0
11/29/2020 3:00,0,0,0
11/29/2020 4:00,0,0,0
11/29/2020 5:00,1,0,1
11/29/2020 6:00,2,0,2
11/29/2020 7:00,2,1,1
11/29/2020 8:00,1,1,0
11/29/2020 9:00,3,2,1
11/29/2020 10:00,5,2,3
11/29/2020 11:00,6,1,5
11/29/2020 12:00,7,0,7
11/29/2020 13:00,25,13,12
11/29/2020 14:00,19,9,10
11/29/2020 15:00,24,11,13
11/29/2020 16:00,16,10,6
11/29/2020 17:00,5,3,2
11/29/2020 18:00,1,0,1
11/29/2020 19:00,3,2,1
11/29/2020 20:00,0,0,0
11/29/2020 21:00,0,0,0
11/29/2020 22:00,2,2,0
11/29/2020 23:00,0,0,0
11/30/2020 0:00,0,0,0
11/30/2020 1:00,0,0,0
11/30/2020 2:00,0,0,0
11/30/2020 3:00,0,0,0
11/30/2020 4:00,0,0,0
11/30/2020 5:00,1,0,1
11/30/2020 6:00,1,1,0
11/30/2020 7:00,3,0,3
11/30/2020 8:00,5,2,3
11/30/2020 9:00,1,1,0
11/30/2020 10:00,2,0,2
11/30/2020 11:00,10,3,7
11/30/2020 12:00,4,1,3
11/30/2020 13:00,5,1,4
11/30/2020 14:00,5,1,4
11/30/2020 15:00,9,4,5
11/30/2020 16:00,9,6,3
11/30/2020 17:00,4,2,2
11/30/2020 18:00,3,2,1
11/30/2020 19:00,1,0,1
11/30/2020 20:00,3,2,1
11/30/2020 21:00,0,0,0
11/30/2020 22:00,0,0,0
11/30/2020 23:00,0,0,0
12/1/2020 0:00,0,0,0
12/1/2020 1:00,0,0,0
12/1/2020 2:00,0,0,0
12/1/2020 3:00,0,0,0
12/1/2020 4:00,0,0,0
12/1/2020 5:00,1,0,1
12/1/2020 6:00,0,0,0
12/1/2020 7:00,3,2,1
12/1/2020 8:00,5,3,2
12/1/2020 9:00,6,3,3
12/1/2020 10:00,3,2,1
12/1/2020 11:00,5,2,3
12/1/2020 12:00,12,5,7
12/1/2020 13:00,20,7,13
12/1/2020 14:00,12,6,6
12/1/2020 15:00,12,5,7
12/1/2020 16:00,13,6,7
12/1/2020 17:00,10,3,7
12/1/2020 18:00,3,1,2
12/1/2020 19:00,1,0,1
12/1/2020 20:00,1,1,0
12/1/2020 21:00,0,0,0
12/1/2020 22:00,1,1,0
12/1/2020 23:00,0,0,0
12/2/2020 0:00,0,0,0
12/2/2020 1:00,0,0,0
12/2/2020 2:00,0,0,0
12/2/2020 3:00,0,0,0
12/2/2020 4:00,1,1,0
12/2/2020 5:00,0,0,0
12/2/2020 6:00,0,0,0
12/2/2020 7:00,3,0,3
12/2/2020 8:00,2,1,1
12/2/2020 9:00,4,2,2
12/2/2020 10:00,3,1,2
12/2/2020 11:00,2,1,1
12/2/2020 12:00,9,7,2
12/2/2020 13:00,9,4,5
12/2/2020 14:00,8,4,4
12/2/2020 15:00,13,5,8
12/2/2020 16:00,13,3,10
12/2/2020 17:00,10,7,3
12/2/2020 18:00,6,3,3
12/2/2020 19:00,8,2,6
12/2/2020 20:00,0,0,0
12/2/2020 21:00,0,0,0
12/2/2020 22:00,0,0,0
12/2/2020 23:00,0,0,0
12/3/2020 0:00,0,0,0
12/3/2020 1:00,0,0,0
12/3/2020 2:00,0,0,0
12/3/2020 3:00,0,0,0
12/3/2020 4:00,0,0,0
12/3/2020 5:00,0,0,0
12/3/2020 6:00,0,0,0
12/3/2020 7:00,5,0,5
12/3/2020 8:00,4,1,3
12/3/2020 9:00,2,1,1
12/3/2020 10:00,4,1,3
12/3/2020 11:00,3,3,0
12/3/2020 12:00,8,4,4
12/3/2020 13:00,5,3,2
12/3/2020 14:00,15,5,10
12/3/2020 15:00,8,4,4
12/3/2020 16:00,6,3,3
12/3/2020 17:00,2,1,1
12/3/2020 18:00,3,1,2
12/3/2020 19:00,3,1,2
12/3/2020 20:00,2,1,1
12/3/2020 21:00,2,2,0
12/3/2020 22:00,0,0,0
12/3/2020 23:00,0,0,0
12/4/2020 0:00,0,0,0
12/4/2020 1:00,0,0,0
12/4/2020 2:00,0,0,0
12/4/2020 3:00,0,0,0
12/4/2020 4:00,0,0,0
12/4/2020 5:00,1,0,1
12/4/2020 6:00,1,0,1
12/4/2020 7:00,2,0,2
12/4/2020 8:00,2,1,1
12/4/2020 9:00,4,2,2
12/4/2020 10:00,5,3,2
12/4/2020 11:00,6,2,4
12/4/2020 12:00,8,5,3
12/4/2020 13:00,12,3,9
12/4/2020 14:00,12,3,9
12/4/2020 15:00,13,5,8
12/4/2020 16:00,20,11,9
12/4/2020 17:00,5,3,2
12/4/2020 18:00,7,2,5
12/4/2020 19:00,2,1,1
12/4/2020 20:00,2,1,1
12/4/2020 21:00,1,0,1
12/4/2020 22:00,2,0,2
12/4/2020 23:00,0,0,0
12/5/2020 0:00,0,0,0
12/5/2020 1:00,0,0,0
12/5/2020 2:00,0,0,0
12/5/2020 3:00,0,0,0
12/5/2020 4:00,0,0,0
12/5/2020 5:00,2,1,1
12/5/2020 6:00,0,0,0
12/5/2020 7:00,1,0,1
12/5/2020 8:00,2,1,1
12/5/2020 9:00,3,0,3
12/5/2020 10:00,10,3,7
12/5/2020 11:00,5,3,2
12/5/2020 12:00,12,6,6
12/5/2020 13:00,25,10,15
12/5/2020 14:00,28,11,17
12/5/2020 15:00,18,8,10
12/5/2020 16:00,13,8,5
12/5/2020 17:00,2,2,0
12/5/2020 18:00,2,1,1
12/5/2020 19:00,3,0,3
12/5/2020 20:00,1,0,1
12/5/2020 21:00,0,0,0
12/5/2020 22:00,0,0,0
12/5/2020 23:00,0,0,0
12/6/2020 0:00,1,1,0
12/6/2020 1:00,1,0,1
12/6/2020 2:00,0,0,0
12/6/2020 3:00,0,0,0
12/6/2020 4:00,0,0,0
12/6/2020 5:00,1,0,1
12/6/2020 6:00,3,0,3
12/6/2020 7:00,0,0,0
12/6/2020 8:00,2,2,0
12/6/2020 9:00,1,1,0
12/6/2020 10:00,3,1,2
12/6/2020 11:00,4,1,3
12/6/2020 12:00,8,3,5
12/6/2020 13:00,7,5,2
12/6/2020 14:00,5,0,5
12/6/2020 15:00,10,2,8
12/6/2020 16:00,12,9,3
12/6/2020 17:00,5,4,1
12/6/2020 18:00,2,1,1
12/6/2020 19:00,5,1,4
12/6/2020 20:00,2,1,1
12/6/2020 21:00,1,0,1
12/6/2020 22:00,2,1,1
12/6/2020 23:00,0,0,0
12/7/2020 0:00,1,1,0
12/7/2020 1:00,0,0,0
12/7/2020 2:00,0,0,0
12/7/2020 3:00,0,0,0
12/7/2020 4:00,0,0,0
12/7/2020 5:00,2,0,2
12/7/2020 6:00,0,0,0
12/7/2020 7:00,4,2,2
12/7/2020 8:00,6,3,3
12/7/2020 9:00,2,1,1
12/7/2020 10:00,3,0,3
12/7/2020 11:00,3,2,1
12/7/2020 12:00,4,1,3
12/7/2020 13:00,6,3,3
12/7/2020 14:00,9,5,4
12/7/2020 15:00,5,2,3
12/7/2020 16:00,5,4,1
12/7/2020 17:00,9,4,5
12/7/2020 18:00,2,1,1
12/7/2020 19:00,1,1,0
12/7/2020 20:00,0,0,0
12/7/2020 21:00,2,0,2
12/7/2020 22:00,0,0,0
12/7/2020 23:00,1,0,1
12/8/2020 0:00,1,1,0
12/8/2020 1:00,0,0,0
12/8/2020 2:00,0,0,0
12/8/2020 3:00,0,0,0
12/8/2020 4:00,0,0,0
12/8/2020 5:00,1,0,1
12/8/2020 6:00,0,0,0
12/8/2020 7:00,2,0,2
12/8/2020 8:00,2,1,1
12/8/2020 9:00,3,2,1
12/8/2020 10:00,0,0,0
12/8/2020 11:00,1,0,1
12/8/2020 12:00,2,1,1
12/8/2020 13:00,7,4,3
12/8/2020 14:00,4,2,2
12/8/2020 15:00,2,2,0
12/8/2020 16:00,8,5,3
12/8/2020 17:00,1,1,0
12/8/2020 18:00,2,2,0
12/8/2020 19:00,0,0,0
12/8/2020 20:00,1,0,1
12/8/2020 21:00,0,0,0
12/8/2020 22:00,0,0,0
12/8/2020 23:00,0,0,0
12/9/2020 0:00,1,1,0
12/9/2020 1:00,0,0,0
12/9/2020 2:00,0,0,0
12/9/2020 3:00,0,0,0
12/9/2020 4:00,0,0,0
12/9/2020 5:00,0,0,0
12/9/2020 6:00,0,0,0
12/9/2020 7:00,3,1,2
12/9/2020 8:00,0,0,0
12/9/2020 9:00,0,0,0
12/9/2020 10:00,4,0,4
12/9/2020 11:00,4,1,3
12/9/2020 12:00,5,3,2
12/9/2020 13:00,4,2,2
12/9/2020 14:00,14,8,6
12/9/2020 15:00,4,4,0
12/9/2020 16:00,10,5,5
12/9/2020 17:00,4,3,1
12/9/2020 18:00,7,4,3
12/9/2020 19:00,1,0,1
12/9/2020 20:00,4,2,2
12/9/2020 21:00,1,1,0
12/9/2020 22:00,0,0,0
12/9/2020 23:00,2,1,1
12/10/2020 0:00,0,0,0
12/10/2020 1:00,0,0,0
12/10/2020 2:00,0,0,0
12/10/2020 3:00,0,0,0
12/10/2020 4:00,0,0,0
12/10/2020 5:00,0,0,0
12/10/2020 6:00,0,0,0
12/10/2020 7:00,2,0,2
12/10/2020 8:00,0,0,0
12/10/2020 9:00,1,1,0
12/10/2020 10:00,2,0,2
12/10/2020 11:00,5,2,3
12/10/2020 12:00,3,0,3
12/10/2020 13:00,4,1,3
12/10/2020 14:00,7,4,3
12/10/2020 15:00,11,5,6
12/10/2020 16:00,13,8,5
12/10/2020 17:00,4,3,1
12/10/2020 18:00,4,2,2
12/10/2020 19:00,1,0,1
12/10/2020 20:00,2,1,1
12/10/2020 21:00,0,0,0
12/10/2020 22:00,1,0,1
12/10/2020 23:00,0,0,0
12/11/2020 0:00,2,1,1
12/11/2020 1:00,2,2,0
12/11/2020 2:00,0,0,0
12/11/2020 3:00,0,0,0
12/11/2020 4:00,0,0,0
12/11/2020 5:00,1,0,1
12/11/2020 6:00,0,0,0
12/11/2020 7:00,2,1,1
12/11/2020 8:00,1,0,1
12/11/2020 9:00,5,1,4
12/11/2020 10:00,2,1,1
12/11/2020 11:00,4,0,4
12/11/2020 12:00,7,5,2
12/11/2020 13:00,3,1,2
12/11/2020 14:00,10,7,3
12/11/2020 15:00,11,8,3
12/11/2020 16:00,6,2,4
12/11/2020 17:00,7,3,4
12/11/2020 18:00,4,2,2
12/11/2020 19:00,1,1,0
12/11/2020 20:00,0,0,0
12/11/2020 21:00,0,0,0
12/11/2020 22:00,2,0,2
12/11/2020 23:00,0,0,0
12/12/2020 0:00,0,0,0
12/12/2020 1:00,1,1,0
12/12/2020 2:00,0,0,0
12/12/2020 3:00,0,0,0
12/12/2020 4:00,0,0,0
12/12/2020 5:00,1,0,1
12/12/2020 6:00,2,0,2
12/12/2020 7:00,2,0,2
12/12/2020 8:00,2,2,0
12/12/2020 9:00,1,0,1
12/12/2020 10:00,4,2,2
12/12/2020 11:00,8,4,4
12/12/2020 12:00,11,5,6
12/12/2020 13:00,18,6,12
12/12/2020 14:00,17,7,10
12/12/2020 15:00,8,3,5
12/12/2020 16:00,15,10,5
12/12/2020 17:00,2,1,1
12/12/2020 18:00,3,1,2
12/12/2020 19:00,2,1,1
12/12/2020 20:00,2,1,1
12/12/2020 21:00,2,1,1
12/12/2020 22:00,1,1,0
12/12/2020 23:00,0,0,0
12/13/2020 0:00,0,0,0
12/13/2020 1:00,0,0,0
12/13/2020 2:00,0,0,0
12/13/2020 3:00,0,0,0
12/13/2020 4:00,0,0,0
12/13/2020 5:00,1,0,1
12/13/2020 6:00,2,0,2
12/13/2020 7:00,1,1,0
12/13/2020 8:00,4,2,2
12/13/2020 9:00,2,0,2
12/13/2020 10:00,4,2,2
12/13/2020 11:00,3,1,2
12/13/2020 12:00,2,1,1
12/13/2020 13:00,4,1,3
12/13/2020 14:00,3,2,1
12/13/2020 15:00,3,1,2
12/13/2020 16:00,6,6,0
12/13/2020 17:00,1,1,0
12/13/2020 18:00,3,2,1
12/13/2020 19:00,1,1,0
12/13/2020 20:00,0,0,0
12/13/2020 21:00,3,3,0
12/13/2020 22:00,1,1,0
12/13/2020 23:00,1,0,1
12/14/2020 0:00,2,1,1
12/14/2020 1:00,0,0,0
12/14/2020 2:00,0,0,0
12/14/2020 3:00,0,0,0
12/14/2020 4:00,0,0,0
12/14/2020 5:00,1,0,1
12/14/2020 6:00,2,1,1
12/14/2020 7:00,3,1,2
12/14/2020 8:00,3,2,1
12/14/2020 9:00,3,3,0
12/14/2020 10:00,5,2,3
12/14/2020 11:00,2,1,1
12/14/2020 12:00,5,2,3
12/14/2020 13:00,7,5,2
12/14/2020 14:00,10,7,3
12/14/2020 15:00,6,2,4
12/14/2020 16:00,2,2,0
12/14/2020 17:00,4,2,2
12/14/2020 18:00,1,1,0
12/14/2020 19:00,4,3,1
12/14/2020 20:00,1,0,1
12/14/2020 21:00,0,0,0
12/14/2020 22:00,1,1,0
12/14/2020 23:00,0,0,0
12/15/2020 0:00,0,0,0
12/15/2020 1:00,0,0,0
12/15/2020 2:00,0,0,0
12/15/2020 3:00,0,0,0
12/15/2020 4:00,0,0,0
12/15/2020 5:00,1,0,1
12/15/2020 6:00,1,0,1
12/15/2020 7:00,2,1,1
12/15/2020 8:00,2,1,1
12/15/2020 9:00,3,2,1
12/15/2020 10:00,2,2,0
12/15/2020 11:00,3,0,3
12/15/2020 12:00,2,2,0
12/15/2020 13:00,3,2,1
12/15/2020 14:00,8,6,2
12/15/2020 15:00,3,0,3
12/15/2020 16:00,4,3,1
12/15/2020 17:00,2,0,2
12/15/2020 18:00,4,1,3
12/15/2020 19:00,0,0,0
12/15/2020 20:00,1,0,1
12/15/2020 21:00,0,0,0
12/15/2020 22:00,1,1,0
12/15/2020 23:00,0,0,0
12/16/2020 0:00,0,0,0
12/16/2020 1:00,0,0,0
12/16/2020 2:00,0,0,0
12/16/2020 3:00,0,0,0
12/16/2020 4:00,0,0,0
12/16/2020 5:00,0,0,0
12/16/2020 6:00,1,0,1
12/16/2020 7:00,4,2,2
12/16/2020 8:00,3,2,1
12/16/2020 9:00,0,0,0
12/16/2020 10:00,2,0,2
12/16/2020 11:00,9,6,3
12/16/2020 12:00,4,2,2
12/16/2020 13:00,4,2,2
12/16/2020 14:00,2,1,1
12/16/2020 15:00,0,0,0
12/16/2020 16:00,1,1,0
12/16/2020 17:00,4,3,1
12/16/2020 18:00,2,1,1
12/16/2020 19:00,1,1,0
12/16/2020 20:00,2,0,2
12/16/2020 21:00,1,1,0
12/16/2020 22:00,0,0,0
12/16/2020 23:00,0,0,0
12/17/2020 0:00,1,1,0
12/17/2020 1:00,0,0,0
12/17/2020 2:00,1,0,1
12/17/2020 3:00,0,0,0
12/17/2020 4:00,0,0,0
12/17/2020 5:00,2,2,0
12/17/2020 6:00,1,0,1
12/17/2020 7:00,1,1,0
12/17/2020 8:00,0,0,0
12/17/2020 9:00,2,1,1
12/17/2020 10:00,2,1,1
12/17/2020 11:00,3,2,1
12/17/2020 12:00,3,3,0
12/17/2020 13:00,17,11,6
12/17/2020 14:00,17,6,11
12/17/2020 15:00,15,7,8
12/17/2020 16:00,3,2,1
12/17/2020 17:00,6,1,5
12/17/2020 18:00,1,0,1
12/17/2020 19:00,3,2,1
12/17/2020 20:00,1,1,0
12/17/2020 21:00,3,2,1
12/17/2020 22:00,2,1,1
12/17/2020 23:00,1,0,1
12/18/2020 0:00,0,0,0
12/18/2020 1:00,2,1,1
12/18/2020 2:00,0,0,0
12/18/2020 3:00,0,0,0
12/18/2020 4:00,0,0,0
12/18/2020 5:00,1,0,1
12/18/2020 6:00,1,0,1
12/18/2020 7:00,1,1,0
12/18/2020 8:00,2,0,2
12/18/2020 9:00,3,2,1
12/18/2020 10:00,3,1,2
12/18/2020 11:00,3,0,3
12/18/2020 12:00,1,1,0
12/18/2020 13:00,2,0,2
12/18/2020 14:00,5,1,4
12/18/2020 15:00,4,2,2
12/18/2020 16:00,4,1,3
12/18/2020 17:00,4,2,2
12/18/2020 18:00,5,2,3
12/18/2020 19:00,5,0,5
12/18/2020 20:00,0,0,0
12/18/2020 21:00,2,1,1
12/18/2020 22:00,1,0,1
12/18/2020 23:00,0,0,0
12/19/2020 0:00,0,0,0
12/19/2020 1:00,1,0,1
12/19/2020 2:00,0,0,0
12/19/2020 3:00,0,0,0
12/19/2020 4:00,0,0,0
12/19/2020 5:00,1,0,1
12/19/2020 6:00,2,1,1
12/19/2020 7:00,1,1,0
12/19/2020 8:00,1,0,1
12/19/2020 9:00,8,5,3
12/19/2020 10:00,4,1,3
12/19/2020 11:00,13,7,6
12/19/2020 12:00,6,4,2
12/19/2020 13:00,6,3,3
12/19/2020 14:00,6,1,5
12/19/2020 15:00,4,2,2
12/19/2020 16:00,3,1,2
12/19/2020 17:00,4,2,2
12/19/2020 18:00,1,0,1
12/19/2020 19:00,1,1,0
12/19/2020 20:00,1,0,1
12/19/2020 21:00,2,1,1
12/19/2020 22:00,0,0,0
12/19/2020 23:00,1,1,0
12/20/2020 0:00,0,0,0
12/20/2020 1:00,1,1,0
12/20/2020 2:00,0,0,0
12/20/2020 3:00,0,0,0
12/20/2020 4:00,0,0,0
12/20/2020 5:00,0,0,0
12/20/2020 6:00,0,0,0
12/20/2020 7:00,0,0,0
12/20/2020 8:00,0,0,0
12/20/2020 9:00,4,4,0
12/20/2020 10:00,3,2,1
12/20/2020 11:00,1,0,1
12/20/2020 12:00,2,2,0
12/20/2020 13:00,0,0,0
12/20/2020 14:00,0,0,0
12/20/2020 15:00,1,0,1
12/20/2020 16:00,6,5,1
12/20/2020 17:00,2,1,1
12/20/2020 18:00,1,1,0
12/20/2020 19:00,0,0,0
12/20/2020 20:00,0,0,0
12/20/2020 21:00,0,0,0
12/20/2020 22:00,0,0,0
12/20/2020 23:00,0,0,0
12/21/2020 0:00,0,0,0
12/21/2020 1:00,2,2,0
12/21/2020 2:00,0,0,0
12/21/2020 3:00,0,0,0
12/21/2020 4:00,0,0,0
12/21/2020 5:00,0,0,0
12/21/2020 6:00,0,0,0
12/21/2020 7:00,1,1,0
12/21/2020 8:00,0,0,0
12/21/2020 9:00,1,1,0
12/21/2020 10:00,3,2,1
12/21/2020 11:00,3,0,3
12/21/2020 12:00,2,1,1
12/21/2020 13:00,1,1,0
12/21/2020 14:00,0,0,0
12/21/2020 15:00,0,0,0
12/21/2020 16:00,1,0,1
12/21/2020 17:00,0,0,0
12/21/2020 18:00,0,0,0
12/21/2020 19:00,1,1,0
12/21/2020 20:00,0,0,0
12/21/2020 21:00,0,0,0
12/21/2020 22:00,0,0,0
12/21/2020 23:00,0,0,0
12/22/2020 0:00,0,0,0
12/22/2020 1:00,0,0,0
12/22/2020 2:00,0,0,0
12/22/2020 3:00,0,0,0
12/22/2020 4:00,0,0,0
12/22/2020 5:00,0,0,0
12/22/2020 6:00,1,0,1
12/22/2020 7:00,3,3,0
12/22/2020 8:00,3,1,2
12/22/2020 9:00,2,0,2
12/22/2020 10:00,4,3,1
12/22/2020 11:00,6,4,2
12/22/2020 12:00,5,3,2
12/22/2020 13:00,6,0,6
12/22/2020 14:00,4,1,3
12/22/2020 15:00,5,2,3
12/22/2020 16:00,5,1,4
12/22/2020 17:00,1,0,1
12/22/2020 18:00,1,0,1
12/22/2020 19:00,1,0,1
12/22/2020 20:00,0,0,0
12/22/2020 21:00,0,0,0
12/22/2020 22:00,0,0,0
12/22/2020 23:00,0,0,0
12/23/2020 0:00,0,0,0
12/23/2020 1:00,0,0,0
12/23/2020 2:00,0,0,0
12/23/2020 3:00,0,0,0
12/23/2020 4:00,0,0,0
12/23/2020 5:00,0,0,0
12/23/2020 6:00,1,0,1
12/23/2020 7:00,0,0,0
12/23/2020 8:00,0,0,0
12/23/2020 9:00,1,1,0
12/23/2020 10:00,1,1,0
12/23/2020 11:00,0,0,0
12/23/2020 12:00,0,0,0
12/23/2020 13:00,3,2,1
12/23/2020 14:00,1,1,0
12/23/2020 15:00,7,4,3
12/23/2020 16:00,3,0,3
12/23/2020 17:00,1,1,0
12/23/2020 18:00,0,0,0
12/23/2020 19:00,0,0,0
12/23/2020 20:00,1,1,0
12/23/2020 21:00,1,1,0
12/23/2020 22:00,0,0,0
12/23/2020 23:00,0,0,0
12/24/2020 0:00,0,0,0
12/24/2020 1:00,0,0,0
12/24/2020 2:00,0,0,0
12/24/2020 3:00,0,0,0
12/24/2020 4:00,0,0,0
12/24/2020 5:00,0,0,0
12/24/2020 6:00,0,0,0
12/24/2020 7:00,0,0,0
12/24/2020 8:00,0,0,0
12/24/2020 9:00,0,0,0
12/24/2020 10:00,3,2,1
12/24/2020 11:00,1,1,0
12/24/2020 12:00,7,2,5
12/24/2020 13:00,7,3,4
12/24/2020 14:00,7,5,2
12/24/2020 15:00,7,2,5
12/24/2020 16:00,8,5,3
12/24/2020 17:00,1,1,0
12/24/2020 18:00,1,1,0
12/24/2020 19:00,2,2,0
12/24/2020 20:00,0,0,0
12/24/2020 21:00,0,0,0
12/24/2020 22:00,0,0,0
12/24/2020 23:00,0,0,0
12/25/2020 0:00,0,0,0
12/25/2020 1:00,0,0,0
12/25/2020 2:00,0,0,0
12/25/2020 3:00,0,0,0
12/25/2020 4:00,0,0,0
12/25/2020 5:00,0,0,0
12/25/2020 6:00,0,0,0
12/25/2020 7:00,0,0,0
12/25/2020 8:00,0,0,0
12/25/2020 9:00,0,0,0
12/25/2020 10:00,0,0,0
12/25/2020 11:00,4,2,2
12/25/2020 12:00,1,0,1
12/25/2020 13:00,1,0,1
12/25/2020 14:00,2,2,0
12/25/2020 15:00,0,0,0
12/25/2020 16:00,1,0,1
12/25/2020 17:00,2,0,2
12/25/2020 18:00,0,0,0
12/25/2020 19:00,2,1,1
12/25/2020 20:00,1,1,0
12/25/2020 21:00,0,0,0
12/25/2020 22:00,0,0,0
12/25/2020 23:00,1,1,0
12/26/2020 0:00,1,1,0
12/26/2020 1:00,0,0,0
12/26/2020 2:00,0,0,0
12/26/2020 3:00,0,0,0
12/26/2020 4:00,0,0,0
12/26/2020 5:00,0,0,0
12/26/2020 6:00,0,0,0
12/26/2020 7:00,0,0,0
12/26/2020 8:00,0,0,0
12/26/2020 9:00,0,0,0
12/26/2020 10:00,0,0,0
12/26/2020 11:00,1,0,1
12/26/2020 12:00,7,3,4
12/26/2020 13:00,3,3,0
12/26/2020 14:00,10,3,7
12/26/2020 15:00,4,3,1
12/26/2020 16:00,4,2,2
12/26/2020 17:00,0,0,0
12/26/2020 18:00,2,1,1
12/26/2020 19:00,1,1,0
12/26/2020 20:00,1,0,1
12/26/2020 21:00,0,0,0
12/26/2020 22:00,0,0,0
12/26/2020 23:00,0,0,0
12/27/2020 0:00,0,0,0
12/27/2020 1:00,0,0,0
12/27/2020 2:00,0,0,0
12/27/2020 3:00,0,0,0
12/27/2020 4:00,0,0,0
12/27/2020 5:00,0,0,0
12/27/2020 6:00,0,0,0
12/27/2020 7:00,0,0,0
12/27/2020 8:00,0,0,0
12/27/2020 9:00,1,0,1
12/27/2020 10:00,0,0,0
12/27/2020 11:00,1,0,1
12/27/2020 12:00,4,1,3
12/27/2020 13:00,2,1,1
12/27/2020 14:00,8,7,1
12/27/2020 15:00,7,3,4
12/27/2020 16:00,1,1,0
12/27/2020 17:00,6,5,1
12/27/2020 18:00,2,1,1
12/27/2020 19:00,1,1,0
12/27/2020 20:00,0,0,0
12/27/2020 21:00,0,0,0
12/27/2020 22:00,1,1,0
12/27/2020 23:00,1,1,0
12/28/2020 0:00,0,0,0
12/28/2020 1:00,0,0,0
12/28/2020 2:00,0,0,0
12/28/2020 3:00,0,0,0
12/28/2020 4:00,0,0,0
12/28/2020 5:00,0,0,0
12/28/2020 6:00,0,0,0
12/28/2020 7:00,1,1,0
12/28/2020 8:00,1,1,0
12/28/2020 9:00,1,1,0
12/28/2020 10:00,0,0,0
12/28/2020 11:00,3,2,1
12/28/2020 12:00,0,0,0
12/28/2020 13:00,2,2,0
12/28/2020 14:00,9,5,4
12/28/2020 15:00,3,2,1
12/28/2020 16:00,2,1,1
12/28/2020 17:00,0,0,0
12/28/2020 18:00,1,0,1
12/28/2020 19:00,2,2,0
12/28/2020 20:00,2,2,0
12/28/2020 21:00,0,0,0
12/28/2020 22:00,1,0,1
12/28/2020 23:00,0,0,0
12/29/2020 0:00,0,0,0
12/29/2020 1:00,0,0,0
12/29/2020 2:00,2,1,1
12/29/2020 3:00,0,0,0
12/29/2020 4:00,0,0,0
12/29/2020 5:00,0,0,0
12/29/2020 6:00,0,0,0
12/29/2020 7:00,0,0,0
12/29/2020 8:00,1,0,1
12/29/2020 9:00,0,0,0
12/29/2020 10:00,2,1,1
12/29/2020 11:00,1,0,1
12/29/2020 12:00,1,0,1
12/29/2020 13:00,4,3,1
12/29/2020 14:00,1,1,0
12/29/2020 15:00,1,0,1
12/29/2020 16:00,1,1,0
12/29/2020 17:00,0,0,0
12/29/2020 18:00,1,1,0
12/29/2020 19:00,1,0,1
12/29/2020 20:00,1,0,1
12/29/2020 21:00,0,0,0
12/29/2020 22:00,0,0,0
12/29/2020 23:00,0,0,0
12/30/2020 0:00,0,0,0
12/30/2020 1:00,0,0,0
12/30/2020 2:00,0,0,0
12/30/2020 3:00,0,0,0
12/30/2020 4:00,0,0,0
12/30/2020 5:00,0,0,0
12/30/2020 6:00,0,0,0
12/30/2020 7:00,0,0,0
12/30/2020 8:00,2,0,2
12/30/2020 9:00,1,0,1
12/30/2020 10:00,0,0,0
12/30/2020 11:00,0,0,0
12/30/2020 12:00,0,0,0
12/30/2020 13:00,0,0,0
12/30/2020 14:00,2,1,1
12/30/2020 15:00,3,2,1
12/30/2020 16:00,4,3,1
12/30/2020 17:00,2,0,2
12/30/2020 18:00,0,0,0
12/30/2020 19:00,1,1,0
12/30/2020 20:00,1,0,1
12/30/2020 21:00,0,0,0
12/30/2020 22:00,0,0,0
12/30/2020 23:00,1,0,1
12/31/2020 0:00,0,0,0
12/31/2020 1:00,2,1,1
12/31/2020 2:00,0,0,0
12/31/2020 3:00,0,0,0
12/31/2020 4:00,0,0,0
12/31/2020 5:00,0,0,0
12/31/2020 6:00,0,0,0
12/31/2020 7:00,0,0,0
12/31/2020 8:00,1,0,1
12/31/2020 9:00,0,0,0
12/31/2020 10:00,2,1,1
12/31/2020 11:00,3,2,1
12/31/2020 12:00,3,2,1
12/31/2020 13:00,2,2,0
12/31/2020 14:00,3,2,1
12/31/2020 15:00,6,4,2
12/31/2020 16:00,2,0,2
12/31/2020 17:00,1,1,0
12/31/2020 18:00,4,2,2
12/31/2020 19:00,0,0,0
12/31/2020 20:00,4,2,2
12/31/2020 21:00,0,0,0
12/31/2020 22:00,1,1,0
12/31/2020 23:00,0,0,0
1/1/2021 0:00,0,0,0
1/1/2021 1:00,0,0,0
1/1/2021 2:00,0,0,0
1/1/2021 3:00,0,0,0
1/1/2021 4:00,0,0,0
1/1/2021 5:00,0,0,0
1/1/2021 6:00,0,0,0
1/1/2021 7:00,1,1,0
1/1/2021 8:00,0,0,0
1/1/2021 9:00,0,0,0
1/1/2021 10:00,0,0,0
1/1/2021 11:00,2,1,1
1/1/2021 12:00,4,4,0
1/1/2021 13:00,0,0,0
1/1/2021 14:00,2,2,0
1/1/2021 15:00,0,0,0
1/1/2021 16:00,0,0,0
1/1/2021 17:00,2,1,1
1/1/2021 18:00,2,1,1
1/1/2021 19:00,2,2,0
1/1/2021 20:00,0,0,0
1/1/2021 21:00,0,0,0
1/1/2021 22:00,0,0,0
1/1/2021 23:00,0,0,0
1/2/2021 0:00,0,0,0
1/2/2021 1:00,0,0,0
1/2/2021 2:00,0,0,0
1/2/2021 3:00,0,0,0
1/2/2021 4:00,0,0,0
1/2/2021 5:00,0,0,0
1/2/2021 6:00,0,0,0
1/2/2021 7:00,0,0,0
1/2/2021 8:00,0,0,0
1/2/2021 9:00,1,0,1
1/2/2021 10:00,1,1,0
1/2/2021 11:00,1,1,0
1/2/2021 12:00,2,0,2
1/2/2021 13:00,1,0,1
1/2/2021 14:00,2,2,0
1/2/2021 15:00,3,3,0
1/2/2021 16:00,4,3,1
1/2/2021 17:00,1,1,0
1/2/2021 18:00,0,0,0
1/2/2021 19:00,0,0,0
1/2/2021 20:00,0,0,0
1/2/2021 21:00,1,1,0
1/2/2021 22:00,0,0,0
1/2/2021 23:00,0,0,0
1/3/2021 0:00,0,0,0
1/3/2021 1:00,0,0,0
1/3/2021 2:00,0,0,0
1/3/2021 3:00,0,0,0
1/3/2021 4:00,0,0,0
1/3/2021 5:00,0,0,0
1/3/2021 6:00,0,0,0
1/3/2021 7:00,0,0,0
1/3/2021 8:00,0,0,0
1/3/2021 9:00,0,0,0
1/3/2021 10:00,0,0,0
1/3/2021 11:00,0,0,0
1/3/2021 12:00,3,3,0
1/3/2021 13:00,6,2,4
1/3/2021 14:00,1,1,0
1/3/2021 15:00,4,3,1
1/3/2021 16:00,3,2,1
1/3/2021 17:00,0,0,0
1/3/2021 18:00,2,2,0
1/3/2021 19:00,0,0,0
1/3/2021 20:00,0,0,0
1/3/2021 21:00,0,0,0
1/3/2021 22:00,0,0,0
1/3/2021 23:00,0,0,0
1/4/2021 0:00,0,0,0
1/4/2021 1:00,0,0,0
1/4/2021 2:00,0,0,0
1/4/2021 3:00,0,0,0
1/4/2021 4:00,0,0,0
1/4/2021 5:00,0,0,0
1/4/2021 6:00,0,0,0
1/4/2021 7:00,0,0,0
1/4/2021 8:00,1,1,0
1/4/2021 9:00,2,2,0
1/4/2021 10:00,0,0,0
1/4/2021 11:00,1,1,0
1/4/2021 12:00,1,1,0
1/4/2021 13:00,0,0,0
1/4/2021 14:00,1,1,0
1/4/2021 15:00,0,0,0
1/4/2021 16:00,2,1,1
1/4/2021 17:00,1,1,0
1/4/2021 18:00,0,0,0
1/4/2021 19:00,0,0,0
1/4/2021 20:00,0,0,0
1/4/2021 21:00,0,0,0
1/4/2021 22:00,1,1,0
1/4/2021 23:00,0,0,0
1/5/2021 0:00,0,0,0
1/5/2021 1:00,0,0,0
1/5/2021 2:00,0,0,0
1/5/2021 3:00,0,0,0
1/5/2021 4:00,0,0,0
1/5/2021 5:00,0,0,0
1/5/2021 6:00,0,0,0
1/5/2021 7:00,0,0,0
1/5/2021 8:00,2,0,2
1/5/2021 9:00,0,0,0
1/5/2021 10:00,0,0,0
1/5/2021 11:00,2,2,0
1/5/2021 12:00,2,2,0
1/5/2021 13:00,0,0,0
1/5/2021 14:00,1,1,0
1/5/2021 15:00,2,0,2
1/5/2021 16:00,2,0,2
1/5/2021 17:00,1,1,0
1/5/2021 18:00,1,0,1
1/5/2021 19:00,0,0,0
1/5/2021 20:00,1,0,1
1/5/2021 21:00,0,0,0
1/5/2021 22:00,0,0,0
1/5/2021 23:00,0,0,0
1/6/2021 0:00,0,0,0
1/6/2021 1:00,0,0,0
1/6/2021 2:00,0,0,0
1/6/2021 3:00,0,0,0
1/6/2021 4:00,0,0,0
1/6/2021 5:00,0,0,0
1/6/2021 6:00,0,0,0
1/6/2021 7:00,0,0,0
1/6/2021 8:00,2,2,0
1/6/2021 9:00,0,0,0
1/6/2021 10:00,3,2,1
1/6/2021 11:00,2,2,0
1/6/2021 12:00,3,1,2
1/6/2021 13:00,5,3,2
1/6/2021 14:00,14,12,2
1/6/2021 15:00,3,2,1
1/6/2021 16:00,5,5,0
1/6/2021 17:00,1,1,0
1/6/2021 18:00,1,0,1
1/6/2021 19:00,1,0,1
1/6/2021 20:00,0,0,0
1/6/2021 21:00,0,0,0
1/6/2021 22:00,0,0,0
1/6/2021 23:00,1,1,0
1/7/2021 0:00,0,0,0
1/7/2021 1:00,0,0,0
1/7/2021 2:00,0,0,0
1/7/2021 3:00,0,0,0
1/7/2021 4:00,0,0,0
1/7/2021 5:00,0,0,0
1/7/2021 6:00,0,0,0
1/7/2021 7:00,0,0,0
1/7/2021 8:00,1,0,1
1/7/2021 9:00,1,0,1
1/7/2021 10:00,1,1,0
1/7/2021 11:00,3,2,1
1/7/2021 12:00,3,2,1
1/7/2021 13:00,6,3,3
1/7/2021 14:00,8,4,4
1/7/2021 15:00,2,1,1
1/7/2021 16:00,3,3,0
1/7/2021 17:00,2,2,0
1/7/2021 18:00,1,0,1
1/7/2021 19:00,0,0,0
1/7/2021 20:00,0,0,0
1/7/2021 21:00,1,1,0
1/7/2021 22:00,0,0,0
1/7/2021 23:00,0,0,0
1/8/2021 0:00,0,0,0
1/8/2021 1:00,0,0,0
1/8/2021 2:00,0,0,0
1/8/2021 3:00,0,0,0
1/8/2021 4:00,0,0,0
1/8/2021 5:00,0,0,0
1/8/2021 6:00,0,0,0
1/8/2021 7:00,0,0,0
1/8/2021 8:00,0,0,0
1/8/2021 9:00,0,0,0
1/8/2021 10:00,1,1,0
1/8/2021 11:00,0,0,0
1/8/2021 12:00,0,0,0
1/8/2021 13:00,0,0,0
1/8/2021 14:00,0,0,0
1/8/2021 15:00,0,0,0
1/8/2021 16:00,4,4,0
1/8/2021 17:00,3,2,1
1/8/2021 18:00,0,0,0
1/8/2021 19:00,0,0,0
1/8/2021 20:00,0,0,0
1/8/2021 21:00,0,0,0
1/8/2021 22:00,0,0,0
1/8/2021 23:00,0,0,0
1/9/2021 0:00,0,0,0
1/9/2021 1:00,0,0,0
1/9/2021 2:00,0,0,0
1/9/2021 3:00,0,0,0
1/9/2021 4:00,0,0,0
1/9/2021 5:00,0,0,0
1/9/2021 6:00,0,0,0
1/9/2021 7:00,0,0,0
1/9/2021 8:00,0,0,0
1/9/2021 9:00,0,0,0
1/9/2021 10:00,2,2,0
1/9/2021 11:00,1,0,1
1/9/2021 12:00,0,0,0
1/9/2021 13:00,4,2,2
1/9/2021 14:00,3,0,3
1/9/2021 15:00,3,2,1
1/9/2021 16:00,5,4,1
1/9/2021 17:00,1,1,0
1/9/2021 18:00,1,1,0
1/9/2021 19:00,0,0,0
1/9/2021 20:00,1,1,0
1/9/2021 21:00,0,0,0
1/9/2021 22:00,0,0,0
1/9/2021 23:00,1,0,1
1/10/2021 0:00,1,1,0
1/10/2021 1:00,0,0,0
1/10/2021 2:00,0,0,0
1/10/2021 3:00,0,0,0
1/10/2021 4:00,0,0,0
1/10/2021 5:00,0,0,0
1/10/2021 6:00,0,0,0
1/10/2021 7:00,0,0,0
1/10/2021 8:00,1,0,1
1/10/2021 9:00,0,0,0
1/10/2021 10:00,1,0,1
1/10/2021 11:00,3,2,1
1/10/2021 12:00,8,5,3
1/10/2021 13:00,3,3,0
1/10/2021 14:00,3,3,0
1/10/2021 15:00,6,4,2
1/10/2021 16:00,9,9,0
1/10/2021 17:00,2,2,0
1/10/2021 18:00,1,1,0
1/10/2021 19:00,0,0,0
1/10/2021 20:00,1,0,1
1/10/2021 21:00,1,1,0
1/10/2021 22:00,0,0,0
1/10/2021 23:00,0,0,0
1/11/2021 0:00,0,0,0
1/11/2021 1:00,0,0,0
1/11/2021 2:00,0,0,0
1/11/2021 3:00,1,1,0
1/11/2021 4:00,0,0,0
1/11/2021 5:00,0,0,0
1/11/2021 6:00,0,0,0
1/11/2021 7:00,0,0,0
1/11/2021 8:00,2,2,0
1/11/2021 9:00,1,0,1
1/11/2021 10:00,0,0,0
1/11/2021 11:00,1,1,0
1/11/2021 12:00,1,1,0
1/11/2021 13:00,1,0,1
1/11/2021 14:00,5,3,2
1/11/2021 15:00,5,2,3
1/11/2021 16:00,0,0,0
1/11/2021 17:00,2,0,2
1/11/2021 18:00,0,0,0
1/11/2021 19:00,0,0,0
1/11/2021 20:00,0,0,0
1/11/2021 21:00,0,0,0
1/11/2021 22:00,0,0,0
1/11/2021 23:00,0,0,0
1/12/2021 0:00,0,0,0
1/12/2021 1:00,0,0,0
1/12/2021 2:00,0,0,0
1/12/2021 3:00,0,0,0
1/12/2021 4:00,0,0,0
1/12/2021 5:00,0,0,0
1/12/2021 6:00,0,0,0
1/12/2021 7:00,0,0,0
1/12/2021 8:00,2,1,1
1/12/2021 9:00,4,2,2
1/12/2021 10:00,0,0,0
1/12/2021 11:00,1,1,0
1/12/2021 12:00,5,5,0
1/12/2021 13:00,3,2,1
1/12/2021 14:00,8,3,5
1/12/2021 15:00,2,2,0
1/12/2021 16:00,2,0,2
1/12/2021 17:00,2,1,1
1/12/2021 18:00,1,0,1
1/12/2021 19:00,0,0,0
1/12/2021 20:00,0,0,0
1/12/2021 21:00,0,0,0
1/12/2021 22:00,0,0,0
1/12/2021 23:00,0,0,0
1/13/2021 0:00,0,0,0
1/13/2021 1:00,0,0,0
1/13/2021 2:00,1,0,1
1/13/2021 3:00,0,0,0
1/13/2021 4:00,0,0,0
1/13/2021 5:00,0,0,0
1/13/2021 6:00,0,0,0
1/13/2021 7:00,0,0,0
1/13/2021 8:00,0,0,0
1/13/2021 9:00,0,0,0
1/13/2021 10:00,0,0,0
1/13/2021 11:00,0,0,0
1/13/2021 12:00,2,1,1
1/13/2021 13:00,1,0,1
1/13/2021 14:00,1,1,0
1/13/2021 15:00,4,4,0
1/13/2021 16:00,4,3,1
1/13/2021 17:00,1,1,0
1/13/2021 18:00,1,1,0
1/13/2021 19:00,0,0,0
1/13/2021 20:00,2,2,0
1/13/2021 21:00,2,1,1
1/13/2021 22:00,0,0,0
1/13/2021 23:00,0,0,0
1/14/2021 0:00,0,0,0
1/14/2021 1:00,0,0,0
1/14/2021 2:00,0,0,0
1/14/2021 3:00,0,0,0
1/14/2021 4:00,0,0,0
1/14/2021 5:00,0,0,0
1/14/2021 6:00,0,0,0
1/14/2021 7:00,2,0,2
1/14/2021 8:00,0,0,0
1/14/2021 9:00,0,0,0
1/14/2021 10:00,0,0,0
1/14/2021 11:00,1,0,1
1/14/2021 12:00,9,3,6
1/14/2021 13:00,7,6,1
1/14/2021 14:00,5,5,0
1/14/2021 15:00,12,12,0
1/14/2021 16:00,9,7,2
1/14/2021 17:00,4,1,3
1/14/2021 18:00,2,0,2
1/14/2021 19:00,1,1,0
1/14/2021 20:00,2,1,1
1/14/2021 21:00,0,0,0
1/14/2021 22:00,0,0,0
1/14/2021 23:00,0,0,0
1/15/2021 0:00,0,0,0
1/15/2021 1:00,0,0,0
1/15/2021 2:00,0,0,0
1/15/2021 3:00,1,0,1
1/15/2021 4:00,0,0,0
1/15/2021 5:00,0,0,0
1/15/2021 6:00,1,0,1
1/15/2021 7:00,1,0,1
1/15/2021 8:00,2,2,0
1/15/2021 9:00,0,0,0
1/15/2021 10:00,0,0,0
1/15/2021 11:00,3,2,1
1/15/2021 12:00,3,1,2
1/15/2021 13:00,1,1,0
1/15/2021 14:00,5,3,2
1/15/2021 15:00,5,4,1
1/15/2021 16:00,7,2,5
1/15/2021 17:00,5,4,1
1/15/2021 18:00,0,0,0
1/15/2021 19:00,1,1,0
1/15/2021 20:00,0,0,0
1/15/2021 21:00,1,0,1
1/15/2021 22:00,0,0,0
1/15/2021 23:00,0,0,0
1/16/2021 0:00,0,0,0
1/16/2021 1:00,0,0,0
1/16/2021 2:00,0,0,0
1/16/2021 3:00,0,0,0
1/16/2021 4:00,0,0,0
1/16/2021 5:00,0,0,0
1/16/2021 6:00,0,0,0
1/16/2021 7:00,0,0,0
1/16/2021 8:00,1,0,1
1/16/2021 9:00,0,0,0
1/16/2021 10:00,1,1,0
1/16/2021 11:00,0,0,0
1/16/2021 12:00,1,1,0
1/16/2021 13:00,4,3,1
1/16/2021 14:00,2,1,1
1/16/2021 15:00,0,0,0
1/16/2021 16:00,1,1,0
1/16/2021 17:00,1,1,0
1/16/2021 18:00,0,0,0
1/16/2021 19:00,0,0,0
1/16/2021 20:00,1,0,1
1/16/2021 21:00,0,0,0
1/16/2021 22:00,0,0,0
1/16/2021 23:00,0,0,0
1/17/2021 0:00,0,0,0
1/17/2021 1:00,0,0,0
1/17/2021 2:00,0,0,0
1/17/2021 3:00,1,1,0
1/17/2021 4:00,0,0,0
1/17/2021 5:00,0,0,0
1/17/2021 6:00,0,0,0
1/17/2021 7:00,1,1,0
1/17/2021 8:00,0,0,0
1/17/2021 9:00,1,1,0
1/17/2021 10:00,2,1,1
1/17/2021 11:00,6,4,2
1/17/2021 12:00,7,5,2
1/17/2021 13:00,4,2,2
1/17/2021 14:00,6,6,0
1/17/2021 15:00,10,7,3
1/17/2021 16:00,3,1,2
1/17/2021 17:00,1,0,1
1/17/2021 18:00,0,0,0
1/17/2021 19:00,0,0,0
1/17/2021 20:00,0,0,0
1/17/2021 21:00,1,0,1
1/17/2021 22:00,0,0,0
1/17/2021 23:00,0,0,0
1/18/2021 0:00,0,0,0
1/18/2021 1:00,0,0,0
1/18/2021 2:00,0,0,0
1/18/2021 3:00,0,0,0
1/18/2021 4:00,0,0,0
1/18/2021 5:00,0,0,0
1/18/2021 6:00,0,0,0
1/18/2021 7:00,0,0,0
1/18/2021 8:00,1,1,0
1/18/2021 9:00,0,0,0
1/18/2021 10:00,3,1,2
1/18/2021 11:00,3,1,2
1/18/2021 12:00,3,0,3
1/18/2021 13:00,6,5,1
1/18/2021 14:00,3,2,1
1/18/2021 15:00,2,2,0
1/18/2021 16:00,5,2,3
1/18/2021 17:00,1,1,0
1/18/2021 18:00,1,1,0
1/18/2021 19:00,0,0,0
1/18/2021 20:00,1,1,0
1/18/2021 21:00,0,0,0
1/18/2021 22:00,0,0,0
1/18/2021 23:00,0,0,0
1/19/2021 0:00,0,0,0
1/19/2021 1:00,0,0,0
1/19/2021 2:00,0,0,0
1/19/2021 3:00,0,0,0
1/19/2021 4:00,0,0,0
1/19/2021 5:00,0,0,0
1/19/2021 6:00,0,0,0
1/19/2021 7:00,0,0,0
1/19/2021 8:00,0,0,0
1/19/2021 9:00,1,1,0
1/19/2021 10:00,1,1,0
1/19/2021 11:00,2,0,2
1/19/2021 12:00,0,0,0
1/19/2021 13:00,5,3,2
1/19/2021 14:00,3,1,2
1/19/2021 15:00,2,1,1
1/19/2021 16:00,0,0,0
1/19/2021 17:00,0,0,0
1/19/2021 18:00,0,0,0
1/19/2021 19:00,1,1,0
1/19/2021 20:00,1,1,0
1/19/2021 21:00,0,0,0
1/19/2021 22:00,0,0,0
1/19/2021 23:00,0,0,0
1/20/2021 0:00,0,0,0
1/20/2021 1:00,0,0,0
1/20/2021 2:00,0,0,0
1/20/2021 3:00,0,0,0
1/20/2021 4:00,0,0,0
1/20/2021 5:00,0,0,0
1/20/2021 6:00,0,0,0
1/20/2021 7:00,0,0,0
1/20/2021 8:00,0,0,0
1/20/2021 9:00,1,1,0
1/20/2021 10:00,0,0,0
1/20/2021 11:00,0,0,0
1/20/2021 12:00,5,2,3
1/20/2021 13:00,1,0,1
1/20/2021 14:00,1,0,1
1/20/2021 15:00,2,1,1
1/20/2021 16:00,2,1,1
1/20/2021 17:00,0,0,0
1/20/2021 18:00,1,1,0
1/20/2021 19:00,0,0,0
1/20/2021 20:00,1,0,1
1/20/2021 21:00,0,0,0
1/20/2021 22:00,0,0,0
1/20/2021 23:00,0,0,0
1/21/2021 0:00,0,0,0
1/21/2021 1:00,0,0,0
1/21/2021 2:00,0,0,0
1/21/2021 3:00,0,0,0
1/21/2021 4:00,0,0,0
1/21/2021 5:00,0,0,0
1/21/2021 6:00,0,0,0
1/21/2021 7:00,0,0,0
1/21/2021 8:00,2,2,0
1/21/2021 9:00,0,0,0
1/21/2021 10:00,1,1,0
1/21/2021 11:00,0,0,0
1/21/2021 12:00,1,1,0
1/21/2021 13:00,2,0,2
1/21/2021 14:00,0,0,0
1/21/2021 15:00,0,0,0
1/21/2021 16:00,1,1,0
1/21/2021 17:00,0,0,0
1/21/2021 18:00,1,1,0
1/21/2021 19:00,1,0,1
1/21/2021 20:00,0,0,0
1/21/2021 21:00,0,0,0
1/21/2021 22:00,0,0,0
1/21/2021 23:00,0,0,0
1/22/2021 0:00,0,0,0
1/22/2021 1:00,0,0,0
1/22/2021 2:00,0,0,0
1/22/2021 3:00,0,0,0
1/22/2021 4:00,0,0,0
1/22/2021 5:00,0,0,0
1/22/2021 6:00,0,0,0
1/22/2021 7:00,0,0,0
1/22/2021 8:00,0,0,0
1/22/2021 9:00,0,0,0
1/22/2021 10:00,4,3,1
1/22/2021 11:00,0,0,0
1/22/2021 12:00,4,3,1
1/22/2021 13:00,6,1,5
1/22/2021 14:00,3,2,1
1/22/2021 15:00,0,0,0
1/22/2021 16:00,3,2,1
1/22/2021 17:00,2,2,0
1/22/2021 18:00,1,0,1
1/22/2021 19:00,1,0,1
1/22/2021 20:00,1,1,0
1/22/2021 21:00,0,0,0
1/22/2021 22:00,0,0,0
1/22/2021 23:00,0,0,0
1/23/2021 0:00,0,0,0
1/23/2021 1:00,0,0,0
1/23/2021 2:00,0,0,0
1/23/2021 3:00,0,0,0
1/23/2021 4:00,0,0,0
1/23/2021 5:00,0,0,0
1/23/2021 6:00,0,0,0
1/23/2021 7:00,0,0,0
1/23/2021 8:00,0,0,0
1/23/2021 9:00,1,0,1
1/23/2021 10:00,0,0,0
1/23/2021 11:00,1,1,0
1/23/2021 12:00,5,3,2
1/23/2021 13:00,2,2,0
1/23/2021 14:00,1,1,0
1/23/2021 15:00,7,4,3
1/23/2021 16:00,11,8,3
1/23/2021 17:00,3,2,1
1/23/2021 18:00,3,3,0
1/23/2021 19:00,1,1,0
1/23/2021 20:00,0,0,0
1/23/2021 21:00,0,0,0
1/23/2021 22:00,0,0,0
1/23/2021 23:00,1,0,1
1/24/2021 0:00,1,1,0
1/24/2021 1:00,0,0,0
1/24/2021 2:00,1,1,0
1/24/2021 3:00,0,0,0
1/24/2021 4:00,0,0,0
1/24/2021 5:00,0,0,0
1/24/2021 6:00,0,0,0
1/24/2021 7:00,0,0,0
1/24/2021 8:00,0,0,0
1/24/2021 9:00,0,0,0
1/24/2021 10:00,0,0,0
1/24/2021 11:00,1,0,1
1/24/2021 12:00,6,4,2
1/24/2021 13:00,3,3,0
1/24/2021 14:00,0,0,0
1/24/2021 15:00,1,0,1
1/24/2021 16:00,4,2,2
1/24/2021 17:00,1,0,1
1/24/2021 18:00,0,0,0
1/24/2021 19:00,1,1,0
1/24/2021 20:00,1,1,0
1/24/2021 21:00,0,0,0
1/24/2021 22:00,0,0,0
1/24/2021 23:00,0,0,0
1/25/2021 0:00,0,0,0
1/25/2021 1:00,0,0,0
1/25/2021 2:00,0,0,0
1/25/2021 3:00,0,0,0
1/25/2021 4:00,0,0,0
1/25/2021 5:00,0,0,0
1/25/2021 6:00,0,0,0
1/25/2021 7:00,0,0,0
1/25/2021 8:00,1,1,0
1/25/2021 9:00,0,0,0
1/25/2021 10:00,2,1,1
1/25/2021 11:00,2,1,1
1/25/2021 12:00,0,0,0
1/25/2021 13:00,0,0,0
1/25/2021 14:00,6,6,0
1/25/2021 15:00,3,1,2
1/25/2021 16:00,6,4,2
1/25/2021 17:00,3,3,0
1/25/2021 18:00,0,0,0
1/25/2021 19:00,0,0,0
1/25/2021 20:00,0,0,0
1/25/2021 21:00,0,0,0
1/25/2021 22:00,0,0,0
1/25/2021 23:00,0,0,0
1/26/2021 0:00,0,0,0
1/26/2021 1:00,0,0,0
1/26/2021 2:00,0,0,0
1/26/2021 3:00,0,0,0
1/26/2021 4:00,0,0,0
1/26/2021 5:00,1,1,0
1/26/2021 6:00,1,0,1
1/26/2021 7:00,0,0,0
1/26/2021 8:00,1,0,1
1/26/2021 9:00,2,1,1
1/26/2021 10:00,0,0,0
1/26/2021 11:00,0,0,0
1/26/2021 12:00,0,0,0
1/26/2021 13:00,1,1,0
1/26/2021 14:00,3,2,1
1/26/2021 15:00,1,1,0
1/26/2021 16:00,4,3,1
1/26/2021 17:00,2,1,1
1/26/2021 18:00,1,0,1
1/26/2021 19:00,0,0,0
1/26/2021 20:00,0,0,0
1/26/2021 21:00,2,0,2
1/26/2021 22:00,0,0,0
1/26/2021 23:00,0,0,0
1/27/2021 0:00,0,0,0
1/27/2021 1:00,0,0,0
1/27/2021 2:00,1,1,0
1/27/2021 3:00,0,0,0
1/27/2021 4:00,0,0,0
1/27/2021 5:00,0,0,0
1/27/2021 6:00,0,0,0
1/27/2021 7:00,1,1,0
1/27/2021 8:00,0,0,0
1/27/2021 9:00,0,0,0
1/27/2021 10:00,1,0,1
1/27/2021 11:00,2,0,2
1/27/2021 12:00,3,3,0
1/27/2021 13:00,3,2,1
1/27/2021 14:00,0,0,0
1/27/2021 15:00,4,2,2
1/27/2021 16:00,3,1,2
1/27/2021 17:00,3,1,2
1/27/2021 18:00,5,2,3
1/27/2021 19:00,5,1,4
1/27/2021 20:00,0,0,0
1/27/2021 21:00,1,0,1
1/27/2021 22:00,0,0,0
1/27/2021 23:00,1,0,1
1/28/2021 0:00,1,0,1
1/28/2021 1:00,0,0,0
1/28/2021 2:00,0,0,0
1/28/2021 3:00,0,0,0
1/28/2021 4:00,0,0,0
1/28/2021 5:00,0,0,0
1/28/2021 6:00,0,0,0
1/28/2021 7:00,1,0,1
1/28/2021 8:00,1,1,0
1/28/2021 9:00,0,0,0
1/28/2021 10:00,2,1,1
1/28/2021 11:00,2,1,1
1/28/2021 12:00,1,0,1
1/28/2021 13:00,4,3,1
1/28/2021 14:00,1,1,0
1/28/2021 15:00,4,4,0
1/28/2021 16:00,2,2,0
1/28/2021 17:00,1,1,0
1/28/2021 18:00,3,2,1
1/28/2021 19:00,1,0,1
1/28/2021 20:00,0,0,0
1/28/2021 21:00,0,0,0
1/28/2021 22:00,0,0,0
1/28/2021 23:00,0,0,0
1/29/2021 0:00,0,0,0
1/29/2021 1:00,0,0,0
1/29/2021 2:00,0,0,0
1/29/2021 3:00,0,0,0
1/29/2021 4:00,0,0,0
1/29/2021 5:00,1,0,1
1/29/2021 6:00,0,0,0
1/29/2021 7:00,0,0,0
1/29/2021 8:00,0,0,0
1/29/2021 9:00,1,0,1
1/29/2021 10:00,1,0,1
1/29/2021 11:00,4,1,3
1/29/2021 12:00,4,0,4
1/29/2021 13:00,5,1,4
1/29/2021 14:00,3,1,2
1/29/2021 15:00,7,3,4
1/29/2021 16:00,5,5,0
1/29/2021 17:00,4,3,1
1/29/2021 18:00,3,3,0
1/29/2021 19:00,0,0,0
1/29/2021 20:00,0,0,0
1/29/2021 21:00,0,0,0
1/29/2021 22:00,0,0,0
1/29/2021 23:00,0,0,0
1/30/2021 0:00,0,0,0
1/30/2021 1:00,0,0,0
1/30/2021 2:00,0,0,0
1/30/2021 3:00,0,0,0
1/30/2021 4:00,0,0,0
1/30/2021 5:00,0,0,0
1/30/2021 6:00,0,0,0
1/30/2021 7:00,0,0,0
1/30/2021 8:00,1,1,0
1/30/2021 9:00,0,0,0
1/30/2021 10:00,2,1,1
1/30/2021 11:00,1,1,0
1/30/2021 12:00,1,0,1
1/30/2021 13:00,2,0,2
1/30/2021 14:00,3,2,1
1/30/2021 15:00,1,0,1
1/30/2021 16:00,1,1,0
1/30/2021 17:00,1,1,0
1/30/2021 18:00,0,0,0
1/30/2021 19:00,2,1,1
1/30/2021 20:00,1,0,1
1/30/2021 21:00,0,0,0
1/30/2021 22:00,0,0,0
1/30/2021 23:00,0,0,0
1/31/2021 0:00,0,0,0
1/31/2021 1:00,1,0,1
1/31/2021 2:00,0,0,0
1/31/2021 3:00,0,0,0
1/31/2021 4:00,0,0,0
1/31/2021 5:00,0,0,0
1/31/2021 6:00,0,0,0
1/31/2021 7:00,1,1,0
1/31/2021 8:00,0,0,0
1/31/2021 9:00,1,1,0
1/31/2021 10:00,2,1,1
1/31/2021 11:00,1,1,0
1/31/2021 12:00,0,0,0
1/31/2021 13:00,2,1,1
2/1/2021 0:00,0,0,0
2/1/2021 1:00,0,0,0
2/1/2021 2:00,0,0,0
2/1/2021 3:00,0,0,0
2/1/2021 4:00,0,0,0
2/1/2021 5:00,1,0,1
2/1/2021 6:00,1,0,1
2/1/2021 7:00,0,0,0
2/1/2021 8:00,3,2,1
2/1/2021 9:00,3,1,2
2/1/2021 10:00,1,1,0
2/1/2021 11:00,2,1,1
2/1/2021 12:00,6,1,5
2/1/2021 13:00,3,2,1
2/1/2021 14:00,3,2,1
2/1/2021 15:00,4,1,3
2/1/2021 16:00,0,0,0
2/1/2021 17:00,2,0,2
2/1/2021 18:00,2,1,1
2/1/2021 19:00,1,0,1
2/1/2021 20:00,0,0,0
2/1/2021 21:00,0,0,0
2/1/2021 22:00,0,0,0
2/1/2021 23:00,0,0,0
2/2/2021 0:00,1,0,1
2/2/2021 1:00,0,0,0
2/2/2021 2:00,0,0,0
2/2/2021 3:00,0,0,0
2/2/2021 4:00,0,0,0
2/2/2021 5:00,0,0,0
2/2/2021 6:00,1,0,1
2/2/2021 7:00,2,0,2
2/2/2021 8:00,1,0,1
2/2/2021 9:00,1,0,1
2/2/2021 10:00,1,0,1
2/2/2021 11:00,2,2,0
2/2/2021 12:00,2,2,0
2/2/2021 13:00,0,0,0
2/2/2021 14:00,1,0,1
2/2/2021 15:00,2,2,0
2/2/2021 16:00,0,0,0
2/2/2021 17:00,0,0,0
2/2/2021 18:00,1,0,1
2/2/2021 19:00,0,0,0
2/2/2021 20:00,0,0,0
2/2/2021 21:00,0,0,0
2/2/2021 22:00,0,0,0
2/2/2021 23:00,0,0,0
2/3/2021 0:00,0,0,0
2/3/2021 1:00,0,0,0
2/3/2021 2:00,0,0,0
2/3/2021 3:00,0,0,0
2/3/2021 4:00,0,0,0
2/3/2021 5:00,0,0,0
2/3/2021 6:00,0,0,0
2/3/2021 7:00,0,0,0
2/3/2021 8:00,0,0,0
2/3/2021 9:00,1,0,1
2/3/2021 10:00,1,0,1
2/3/2021 11:00,2,2,0
2/3/2021 12:00,2,2,0
2/3/2021 13:00,4,2,2
2/3/2021 14:00,3,2,1
2/3/2021 15:00,5,3,2
2/3/2021 16:00,7,5,2
2/3/2021 17:00,4,2,2
2/3/2021 18:00,1,1,0
2/3/2021 19:00,0,0,0
2/3/2021 20:00,0,0,0
2/3/2021 21:00,0,0,0
2/3/2021 22:00,0,0,0
2/3/2021 23:00,0,0,0
2/4/2021 0:00,0,0,0
2/4/2021 1:00,1,0,1
2/4/2021 2:00,1,0,1
2/4/2021 3:00,1,1,0
2/4/2021 4:00,0,0,0
2/4/2021 5:00,0,0,0
2/4/2021 6:00,1,1,0
2/4/2021 7:00,2,1,1
2/4/2021 8:00,1,1,0
2/4/2021 9:00,1,1,0
2/4/2021 10:00,1,0,1
2/4/2021 11:00,4,2,2
2/4/2021 12:00,1,0,1
2/4/2021 13:00,3,1,2
2/4/2021 14:00,1,1,0
2/4/2021 15:00,0,0,0
2/4/2021 16:00,4,3,1
2/4/2021 17:00,2,2,0
2/4/2021 18:00,1,0,1
2/4/2021 19:00,1,1,0
2/4/2021 20:00,1,1,0
2/4/2021 21:00,0,0,0
2/4/2021 22:00,0,0,0
2/4/2021 23:00,0,0,0
2/5/2021 0:00,0,0,0
2/5/2021 1:00,0,0,0
2/5/2021 2:00,0,0,0
2/5/2021 3:00,0,0,0
2/5/2021 4:00,0,0,0
2/5/2021 5:00,0,0,0
2/5/2021 6:00,1,0,1
2/5/2021 7:00,0,0,0
2/5/2021 8:00,1,1,0
2/5/2021 9:00,1,1,0
2/5/2021 10:00,3,2,1
2/5/2021 11:00,6,4,2
2/5/2021 12:00,4,3,1
2/5/2021 13:00,1,0,1
2/5/2021 14:00,3,2,1
2/5/2021 15:00,4,0,4
2/5/2021 16:00,4,2,2
2/5/2021 17:00,3,3,0
2/5/2021 18:00,4,1,3
2/5/2021 19:00,1,1,0
2/5/2021 20:00,2,0,2
2/5/2021 21:00,0,0,0
2/5/2021 22:00,0,0,0
2/5/2021 23:00,0,0,0
2/6/2021 0:00,0,0,0
2/6/2021 1:00,0,0,0
2/6/2021 2:00,0,0,0
2/6/2021 3:00,1,1,0
2/6/2021 4:00,0,0,0
2/6/2021 5:00,0,0,0
2/6/2021 6:00,0,0,0
2/6/2021 7:00,0,0,0
2/6/2021 8:00,1,0,1
2/6/2021 9:00,0,0,0
2/6/2021 10:00,0,0,0
2/6/2021 11:00,1,0,1
2/6/2021 12:00,4,3,1
2/6/2021 13:00,2,2,0
2/6/2021 14:00,4,2,2
2/6/2021 15:00,4,3,1
2/6/2021 16:00,7,4,3
2/6/2021 17:00,5,3,2
2/6/2021 18:00,2,1,1
2/6/2021 19:00,0,0,0
2/6/2021 20:00,2,0,2
2/6/2021 21:00,0,0,0
2/6/2021 22:00,0,0,0
2/6/2021 23:00,0,0,0
2/7/2021 0:00,0,0,0
2/7/2021 1:00,0,0,0
2/7/2021 2:00,0,0,0
2/7/2021 3:00,0,0,0
2/7/2021 4:00,0,0,0
2/7/2021 5:00,0,0,0
2/7/2021 6:00,0,0,0
2/7/2021 7:00,1,1,0
2/7/2021 8:00,0,0,0
2/7/2021 9:00,0,0,0
2/7/2021 10:00,0,0,0
2/7/2021 11:00,2,1,1
2/7/2021 12:00,3,3,0
2/7/2021 13:00,1,0,1
2/7/2021 14:00,5,1,4
2/7/2021 15:00,3,3,0
2/7/2021 16:00,1,1,0
2/7/2021 17:00,0,0,0
2/7/2021 18:00,0,0,0
2/7/2021 19:00,1,1,0
2/7/2021 20:00,0,0,0
2/7/2021 21:00,0,0,0
2/7/2021 22:00,0,0,0
2/7/2021 23:00,0,0,0
2/8/2021 0:00,0,0,0
2/8/2021 1:00,0,0,0
2/8/2021 2:00,0,0,0
2/8/2021 3:00,0,0,0
2/8/2021 4:00,0,0,0
2/8/2021 5:00,0,0,0
2/8/2021 6:00,0,0,0
2/8/2021 7:00,0,0,0
2/8/2021 8:00,3,2,1
2/8/2021 9:00,1,1,0
2/8/2021 10:00,1,0,1
2/8/2021 11:00,2,1,1
2/8/2021 12:00,0,0,0
2/8/2021 13:00,1,1,0
2/8/2021 14:00,2,2,0
2/8/2021 15:00,2,1,1
2/8/2021 16:00,1,1,0
2/8/2021 17:00,2,1,1
2/8/2021 18:00,2,1,1
2/8/2021 19:00,0,0,0
2/8/2021 20:00,0,0,0
2/8/2021 21:00,0,0,0
2/8/2021 22:00,0,0,0
2/8/2021 23:00,0,0,0
2/9/2021 0:00,0,0,0
2/9/2021 1:00,0,0,0
2/9/2021 2:00,0,0,0
2/9/2021 3:00,0,0,0
2/9/2021 4:00,0,0,0
2/9/2021 5:00,0,0,0
2/9/2021 6:00,0,0,0
2/9/2021 7:00,1,1,0
2/9/2021 8:00,2,2,0
2/9/2021 9:00,1,0,1
2/9/2021 10:00,1,1,0
2/9/2021 11:00,2,2,0
2/9/2021 12:00,2,2,0
2/9/2021 13:00,4,2,2
2/9/2021 14:00,1,0,1
2/9/2021 15:00,2,0,2
2/9/2021 16:00,2,1,1
2/9/2021 17:00,3,3,0
2/9/2021 18:00,0,0,0
2/9/2021 19:00,1,0,1
2/9/2021 20:00,0,0,0
2/9/2021 21:00,0,0,0
2/9/2021 22:00,1,1,0
2/9/2021 23:00,0,0,0
2/10/2021 0:00,0,0,0
2/10/2021 1:00,0,0,0
2/10/2021 2:00,0,0,0
2/10/2021 3:00,0,0,0
2/10/2021 4:00,0,0,0
2/10/2021 5:00,0,0,0
2/10/2021 6:00,0,0,0
2/10/2021 7:00,0,0,0
2/10/2021 8:00,0,0,0
2/10/2021 9:00,1,1,0
2/10/2021 10:00,0,0,0
2/10/2021 11:00,2,2,0
2/10/2021 12:00,1,1,0
2/10/2021 13:00,4,1,3
2/10/2021 14:00,0,0,0
2/10/2021 15:00,3,2,1
2/10/2021 16:00,1,0,1
2/10/2021 17:00,1,1,0
2/10/2021 18:00,0,0,0
2/10/2021 19:00,2,2,0
2/10/2021 20:00,0,0,0
2/10/2021 21:00,0,0,0
2/10/2021 22:00,0,0,0
2/10/2021 23:00,0,0,0
2/11/2021 0:00,0,0,0
2/11/2021 1:00,0,0,0
2/11/2021 2:00,1,1,0
2/11/2021 3:00,0,0,0
2/11/2021 4:00,0,0,0
2/11/2021 5:00,0,0,0
2/11/2021 6:00,0,0,0
2/11/2021 7:00,1,0,1
2/11/2021 8:00,1,1,0
2/11/2021 9:00,1,1,0
2/11/2021 10:00,0,0,0
2/11/2021 11:00,2,0,2
2/11/2021 12:00,1,1,0
2/11/2021 13:00,1,0,1
2/11/2021 14:00,1,0,1
2/11/2021 15:00,0,0,0
2/11/2021 16:00,3,2,1
2/11/2021 17:00,1,0,1
2/11/2021 18:00,1,0,1
2/11/2021 19:00,1,1,0
2/11/2021 20:00,0,0,0
2/11/2021 21:00,0,0,0
2/11/2021 22:00,0,0,0
2/11/2021 23:00,0,0,0
2/12/2021 0:00,0,0,0
2/12/2021 1:00,0,0,0
2/12/2021 2:00,0,0,0
2/12/2021 3:00,0,0,0
2/12/2021 4:00,0,0,0
2/12/2021 5:00,0,0,0
2/12/2021 6:00,0,0,0
2/12/2021 7:00,0,0,0
2/12/2021 8:00,1,1,0
2/12/2021 9:00,0,0,0
2/12/2021 10:00,0,0,0
2/12/2021 11:00,0,0,0
2/12/2021 12:00,0,0,0
2/12/2021 13:00,0,0,0
2/12/2021 14:00,1,1,0
2/12/2021 15:00,0,0,0
2/12/2021 16:00,0,0,0
2/12/2021 17:00,0,0,0
2/12/2021 18:00,0,0,0
2/12/2021 19:00,0,0,0
2/12/2021 20:00,0,0,0
2/12/2021 21:00,0,0,0
2/12/2021 22:00,0,0,0
2/12/2021 23:00,0,0,0
2/13/2021 0:00,0,0,0
2/13/2021 1:00,0,0,0
2/13/2021 2:00,0,0,0
2/13/2021 3:00,0,0,0
2/13/2021 4:00,0,0,0
2/13/2021 5:00,0,0,0
2/13/2021 6:00,0,0,0
2/13/2021 7:00,1,0,1
2/13/2021 8:00,0,0,0
2/13/2021 9:00,0,0,0
2/13/2021 10:00,0,0,0
2/13/2021 11:00,1,1,0
2/13/2021 12:00,0,0,0
2/13/2021 13:00,0,0,0
2/13/2021 14:00,1,1,0
2/13/2021 15:00,0,0,0
2/13/2021 16:00,1,1,0
2/13/2021 17:00,0,0,0
2/13/2021 18:00,0,0,0
2/13/2021 19:00,0,0,0
2/13/2021 20:00,0,0,0
2/13/2021 21:00,1,1,0
2/13/2021 22:00,0,0,0
2/13/2021 23:00,0,0,0
2/14/2021 0:00,1,0,1
2/14/2021 1:00,0,0,0
2/14/2021 2:00,0,0,0
2/14/2021 3:00,0,0,0
2/14/2021 4:00,0,0,0
2/14/2021 5:00,0,0,0
2/14/2021 6:00,0,0,0
2/14/2021 7:00,0,0,0
2/14/2021 8:00,0,0,0
2/14/2021 9:00,0,0,0
2/14/2021 10:00,0,0,0
2/14/2021 11:00,0,0,0
2/14/2021 12:00,0,0,0
2/14/2021 13:00,0,0,0
2/14/2021 14:00,0,0,0
2/14/2021 15:00,0,0,0
2/14/2021 16:00,0,0,0
2/14/2021 17:00,1,1,0
2/14/2021 18:00,2,1,1
2/14/2021 19:00,0,0,0
2/14/2021 20:00,0,0,0
2/14/2021 21:00,0,0,0
2/14/2021 22:00,0,0,0
2/14/2021 23:00,1,1,0
2/15/2021 0:00,0,0,0
2/15/2021 1:00,0,0,0
2/15/2021 2:00,0,0,0
2/15/2021 3:00,0,0,0
2/15/2021 4:00,0,0,0
2/15/2021 5:00,0,0,0
2/15/2021 6:00,0,0,0
2/15/2021 7:00,0,0,0
2/15/2021 8:00,1,1,0
2/15/2021 9:00,2,1,1
2/15/2021 10:00,1,1,0
2/15/2021 11:00,0,0,0
2/15/2021 12:00,2,1,1
2/15/2021 13:00,2,1,1
2/15/2021 14:00,1,0,1
2/15/2021 15:00,1,0,1
2/15/2021 16:00,0,0,0
2/15/2021 17:00,0,0,0
2/15/2021 18:00,2,2,0
2/15/2021 19:00,0,0,0
2/15/2021 20:00,0,0,0
2/15/2021 21:00,0,0,0
2/15/2021 22:00,2,1,1
2/15/2021 23:00,0,0,0
2/16/2021 0:00,0,0,0
2/16/2021 1:00,0,0,0
2/16/2021 2:00,0,0,0
2/16/2021 3:00,0,0,0
2/16/2021 4:00,0,0,0
2/16/2021 5:00,0,0,0
2/16/2021 6:00,0,0,0
2/16/2021 7:00,1,1,0
2/16/2021 8:00,1,0,1
2/16/2021 9:00,1,0,1
2/16/2021 10:00,0,0,0
2/16/2021 11:00,2,1,1
2/16/2021 12:00,6,1,5
2/16/2021 13:00,2,0,2
2/16/2021 14:00,1,0,1
2/16/2021 15:00,2,2,0
2/16/2021 16:00,3,3,0
2/16/2021 17:00,3,2,1
2/16/2021 18:00,1,1,0
2/16/2021 19:00,1,1,0
2/16/2021 20:00,1,1,0
2/16/2021 21:00,0,0,0
2/16/2021 22:00,1,0,1
2/16/2021 23:00,0,0,0
2/17/2021 0:00,0,0,0
2/17/2021 1:00,1,0,1
2/17/2021 2:00,0,0,0
2/17/2021 3:00,0,0,0
2/17/2021 4:00,0,0,0
2/17/2021 5:00,0,0,0
2/17/2021 6:00,1,1,0
2/17/2021 7:00,0,0,0
2/17/2021 8:00,1,1,0
2/17/2021 9:00,1,1,0
2/17/2021 10:00,1,0,1
2/17/2021 11:00,2,1,1
2/17/2021 12:00,5,5,0
2/17/2021 13:00,3,0,3
2/17/2021 14:00,3,1,2
2/17/2021 15:00,3,2,1
2/17/2021 16:00,3,1,2
2/17/2021 17:00,6,3,3
2/17/2021 18:00,0,0,0
2/17/2021 19:00,2,1,1
2/17/2021 20:00,0,0,0
2/17/2021 21:00,0,0,0
2/17/2021 22:00,0,0,0
2/17/2021 23:00,0,0,0
2/18/2021 0:00,0,0,0
2/18/2021 1:00,0,0,0
2/18/2021 2:00,0,0,0
2/18/2021 3:00,0,0,0
2/18/2021 4:00,0,0,0
2/18/2021 5:00,0,0,0
2/18/2021 6:00,0,0,0
2/18/2021 7:00,0,0,0
2/18/2021 8:00,2,2,0
2/18/2021 9:00,0,0,0
2/18/2021 10:00,2,1,1
2/18/2021 11:00,1,0,1
2/18/2021 12:00,1,0,1
2/18/2021 13:00,1,0,1
2/18/2021 14:00,1,0,1
2/18/2021 15:00,1,1,0
2/18/2021 16:00,2,0,2
2/18/2021 17:00,2,1,1
2/18/2021 18:00,0,0,0
2/18/2021 19:00,1,1,0
2/18/2021 20:00,0,0,0
2/18/2021 21:00,1,1,0
2/18/2021 22:00,0,0,0
2/18/2021 23:00,0,0,0
2/19/2021 0:00,0,0,0
2/19/2021 1:00,0,0,0
2/19/2021 2:00,0,0,0
2/19/2021 3:00,0,0,0
2/19/2021 4:00,1,0,1
2/19/2021 5:00,0,0,0
2/19/2021 6:00,0,0,0
2/19/2021 7:00,1,1,0
2/19/2021 8:00,2,2,0
2/19/2021 9:00,1,0,1
2/19/2021 10:00,2,0,2
2/19/2021 11:00,2,0,2
2/19/2021 12:00,4,3,1
2/19/2021 13:00,2,2,0
2/19/2021 14:00,7,3,4
2/19/2021 15:00,3,1,2
2/19/2021 16:00,1,1,0
2/19/2021 17:00,3,2,1
2/19/2021 18:00,0,0,0
2/19/2021 19:00,1,1,0
2/19/2021 20:00,1,0,1
2/19/2021 21:00,0,0,0
2/19/2021 22:00,0,0,0
2/19/2021 23:00,0,0,0
2/20/2021 0:00,0,0,0
2/20/2021 1:00,0,0,0
2/20/2021 2:00,0,0,0
2/20/2021 3:00,0,0,0
2/20/2021 4:00,0,0,0
2/20/2021 5:00,0,0,0
2/20/2021 6:00,0,0,0
2/20/2021 7:00,0,0,0
2/20/2021 8:00,0,0,0
2/20/2021 9:00,0,0,0
2/20/2021 10:00,2,2,0
2/20/2021 11:00,1,0,1
2/20/2021 12:00,2,2,0
2/20/2021 13:00,6,6,0
2/20/2021 14:00,7,3,4
2/20/2021 15:00,9,7,2
2/20/2021 16:00,2,0,2
2/20/2021 17:00,1,1,0
2/20/2021 18:00,1,0,1
2/20/2021 19:00,0,0,0
2/20/2021 20:00,0,0,0
2/20/2021 21:00,0,0,0
2/20/2021 22:00,0,0,0
2/20/2021 23:00,0,0,0
2/21/2021 0:00,1,1,0
2/21/2021 1:00,0,0,0
2/21/2021 2:00,0,0,0
2/21/2021 3:00,0,0,0
2/21/2021 4:00,0,0,0
2/21/2021 5:00,0,0,0
2/21/2021 6:00,0,0,0
2/21/2021 7:00,0,0,0
2/21/2021 8:00,0,0,0
2/21/2021 9:00,0,0,0
2/21/2021 10:00,4,2,2
2/21/2021 11:00,2,2,0
2/21/2021 12:00,2,2,0
2/21/2021 13:00,1,1,0
2/21/2021 14:00,4,4,0
2/21/2021 15:00,4,4,0
2/21/2021 16:00,0,0,0
2/21/2021 17:00,1,1,0
2/21/2021 18:00,1,1,0
2/21/2021 19:00,0,0,0
2/21/2021 20:00,1,0,1
2/21/2021 21:00,0,0,0
2/21/2021 22:00,0,0,0
2/21/2021 23:00,0,0,0
2/22/2021 0:00,0,0,0
2/22/2021 1:00,0,0,0
2/22/2021 2:00,1,1,0
2/22/2021 3:00,0,0,0
2/22/2021 4:00,0,0,0
2/22/2021 5:00,0,0,0
2/22/2021 6:00,0,0,0
2/22/2021 7:00,0,0,0
2/22/2021 8:00,1,1,0
2/22/2021 9:00,0,0,0
2/22/2021 10:00,3,1,2
2/22/2021 11:00,0,0,0
2/22/2021 12:00,0,0,0
2/22/2021 13:00,1,0,1
2/22/2021 14:00,1,0,1
2/22/2021 15:00,2,2,0
2/22/2021 16:00,0,0,0
2/22/2021 17:00,2,0,2
2/22/2021 18:00,0,0,0
2/22/2021 19:00,0,0,0
2/22/2021 20:00,0,0,0
2/22/2021 21:00,0,0,0
2/22/2021 22:00,0,0,0
2/22/2021 23:00,0,0,0
2/23/2021 0:00,0,0,0
2/23/2021 1:00,1,1,0
2/23/2021 2:00,0,0,0
2/23/2021 3:00,0,0,0
2/23/2021 4:00,0,0,0
2/23/2021 5:00,0,0,0
2/23/2021 6:00,0,0,0
2/23/2021 7:00,0,0,0
2/23/2021 8:00,0,0,0
2/23/2021 9:00,0,0,0
2/23/2021 10:00,0,0,0
2/23/2021 11:00,2,0,2
2/23/2021 12:00,3,2,1
2/23/2021 13:00,2,2,0
2/23/2021 14:00,1,1,0
2/23/2021 15:00,0,0,0
2/23/2021 16:00,2,2,0
2/23/2021 17:00,0,0,0
2/23/2021 18:00,1,0,1
2/23/2021 19:00,0,0,0
2/23/2021 20:00,0,0,0
2/23/2021 21:00,0,0,0
2/23/2021 22:00,1,1,0
2/23/2021 23:00,0,0,0
2/24/2021 0:00,0,0,0
2/24/2021 1:00,0,0,0
2/24/2021 2:00,0,0,0
2/24/2021 3:00,1,1,0
2/24/2021 4:00,0,0,0
2/24/2021 5:00,0,0,0
2/24/2021 6:00,0,0,0
2/24/2021 7:00,1,1,0
2/24/2021 8:00,0,0,0
2/24/2021 9:00,0,0,0
2/24/2021 10:00,0,0,0
2/24/2021 11:00,1,1,0
2/24/2021 12:00,4,1,3
2/24/2021 13:00,0,0,0
2/24/2021 14:00,1,0,1
2/24/2021 15:00,1,1,0
2/24/2021 16:00,1,0,1
2/24/2021 17:00,2,2,0
2/24/2021 18:00,0,0,0
2/24/2021 19:00,0,0,0
2/24/2021 20:00,1,0,1
2/24/2021 21:00,0,0,0
2/24/2021 22:00,0,0,0
2/24/2021 23:00,0,0,0
2/25/2021 0:00,0,0,0
2/25/2021 1:00,0,0,0
2/25/2021 2:00,0,0,0
2/25/2021 3:00,0,0,0
2/25/2021 4:00,0,0,0
2/25/2021 5:00,0,0,0
2/25/2021 6:00,0,0,0
2/25/2021 7:00,1,0,1
2/25/2021 8:00,1,1,0
2/25/2021 9:00,1,1,0
2/25/2021 10:00,1,0,1
2/25/2021 11:00,1,1,0
2/25/2021 12:00,1,1,0
2/25/2021 13:00,1,1,0
2/25/2021 14:00,2,2,0
2/25/2021 15:00,2,0,2
2/25/2021 16:00,1,0,1
2/25/2021 17:00,0,0,0
2/25/2021 18:00,1,1,0
2/25/2021 19:00,2,1,1
2/25/2021 20:00,0,0,0
2/25/2021 21:00,0,0,0
2/25/2021 22:00,0,0,0
2/25/2021 23:00,1,0,1
2/26/2021 0:00,1,0,1
2/26/2021 1:00,0,0,0
2/26/2021 2:00,0,0,0
2/26/2021 3:00,0,0,0
2/26/2021 4:00,0,0,0
2/26/2021 5:00,0,0,0
2/26/2021 6:00,1,0,1
2/26/2021 7:00,0,0,0
2/26/2021 8:00,0,0,0
2/26/2021 9:00,0,0,0
2/26/2021 10:00,0,0,0
2/26/2021 11:00,1,0,1
2/26/2021 12:00,2,1,1
2/26/2021 13:00,1,1,0
2/26/2021 14:00,2,2,0
2/26/2021 15:00,3,2,1
2/26/2021 16:00,2,1,1
2/26/2021 17:00,3,2,1
2/26/2021 18:00,4,3,1
2/26/2021 19:00,1,1,0
2/26/2021 20:00,2,1,1
2/26/2021 21:00,0,0,0
2/26/2021 22:00,0,0,0
2/26/2021 23:00,0,0,0
2/27/2021 0:00,0,0,0
2/27/2021 1:00,0,0,0
2/27/2021 2:00,0,0,0
2/27/2021 3:00,0,0,0
2/27/2021 4:00,0,0,0
2/27/2021 5:00,0,0,0
2/27/2021 6:00,0,0,0
2/27/2021 7:00,0,0,0
2/27/2021 8:00,1,0,1
2/27/2021 9:00,0,0,0
2/27/2021 10:00,3,1,2
2/27/2021 11:00,2,0,2
2/27/2021 12:00,4,1,3
2/27/2021 13:00,9,7,2
2/27/2021 14:00,4,2,2
2/27/2021 15:00,6,6,0
2/27/2021 16:00,0,0,0
2/27/2021 17:00,2,2,0
2/27/2021 18:00,1,1,0
2/27/2021 19:00,0,0,0
2/27/2021 20:00,0,0,0
2/27/2021 21:00,0,0,0
2/27/2021 22:00,0,0,0
2/27/2021 23:00,0,0,0
2/28/2021 0:00,0,0,0
2/28/2021 1:00,0,0,0
2/28/2021 2:00,0,0,0
2/28/2021 3:00,0,0,0
2/28/2021 4:00,0,0,0
2/28/2021 5:00,0,0,0
2/28/2021 6:00,0,0,0
2/28/2021 7:00,0,0,0
2/28/2021 8:00,1,0,1
2/28/2021 9:00,3,2,1
2/28/2021 10:00,0,0,0
2/28/2021 11:00,8,6,2
2/28/2021 12:00,4,2,2
2/28/2021 13:00,3,1,2
2/28/2021 14:00,5,4,1
2/28/2021 15:00,5,3,2
2/28/2021 16:00,7,6,1
2/28/2021 17:00,3,1,2
2/28/2021 18:00,1,0,1
2/28/2021 19:00,1,1,0
2/28/2021 20:00,2,0,2
2/28/2021 21:00,0,0,0
2/28/2021 22:00,0,0,0
2/28/2021 23:00,0,0,0
3/1/2021 0:00,0,0,0
3/1/2021 1:00,0,0,0
3/1/2021 2:00,0,0,0
3/1/2021 3:00,0,0,0
3/1/2021 4:00,0,0,0
3/1/2021 5:00,0,0,0
3/1/2021 6:00,0,0,0
3/1/2021 7:00,1,0,1
3/1/2021 8:00,1,1,0
3/1/2021 9:00,2,1,1
3/1/2021 10:00,2,0,2
3/1/2021 11:00,5,1,4
3/1/2021 12:00,3,1,2
3/1/2021 13:00,5,1,4
3/1/2021 14:00,1,1,0
3/1/2021 15:00,2,2,0
3/1/2021 16:00,3,1,2
3/1/2021 17:00,3,2,1
3/1/2021 18:00,0,0,0
3/1/2021 19:00,0,0,0
3/1/2021 20:00,0,0,0
3/1/2021 21:00,0,0,0
3/1/2021 22:00,0,0,0
3/1/2021 23:00,0,0,0
3/2/2021 0:00,0,0,0
3/2/2021 1:00,0,0,0
3/2/2021 2:00,0,0,0
3/2/2021 3:00,0,0,0
3/2/2021 4:00,0,0,0
3/2/2021 5:00,0,0,0
3/2/2021 6:00,0,0,0
3/2/2021 7:00,0,0,0
3/2/2021 8:00,1,0,1
3/2/2021 9:00,1,1,0
3/2/2021 10:00,0,0,0
3/2/2021 11:00,0,0,0
3/2/2021 12:00,1,1,0
3/2/2021 13:00,1,1,0
3/2/2021 14:00,2,1,1
3/2/2021 15:00,3,2,1
3/2/2021 16:00,2,1,1
3/2/2021 17:00,2,1,1
3/2/2021 18:00,0,0,0
3/2/2021 19:00,1,1,0
3/2/2021 20:00,0,0,0
3/2/2021 21:00,0,0,0
3/2/2021 22:00,1,1,0
3/2/2021 23:00,0,0,0
3/3/2021 0:00,0,0,0
3/3/2021 1:00,0,0,0
3/3/2021 2:00,0,0,0
3/3/2021 3:00,0,0,0
3/3/2021 4:00,0,0,0
3/3/2021 5:00,0,0,0
3/3/2021 6:00,0,0,0
3/3/2021 7:00,1,1,0
3/3/2021 8:00,0,0,0
3/3/2021 9:00,1,1,0
3/3/2021 10:00,2,2,0
3/3/2021 11:00,12,11,1
3/3/2021 12:00,4,4,0
3/3/2021 13:00,4,2,2
3/3/2021 14:00,3,2,1
3/3/2021 15:00,8,5,3
3/3/2021 16:00,8,6,2
3/3/2021 17:00,13,8,5
3/3/2021 18:00,3,2,1
3/3/2021 19:00,1,1,0
3/3/2021 20:00,0,0,0
3/3/2021 21:00,0,0,0
3/3/2021 22:00,0,0,0
3/3/2021 23:00,0,0,0
3/4/2021 0:00,0,0,0
3/4/2021 1:00,0,0,0
3/4/2021 2:00,0,0,0
3/4/2021 3:00,0,0,0
3/4/2021 4:00,0,0,0
3/4/2021 5:00,0,0,0
3/4/2021 6:00,0,0,0
3/4/2021 7:00,1,0,1
3/4/2021 8:00,2,2,0
3/4/2021 9:00,0,0,0
3/4/2021 10:00,4,2,2
3/4/2021 11:00,1,1,0
3/4/2021 12:00,4,1,3
3/4/2021 13:00,4,4,0
3/4/2021 14:00,0,0,0
3/4/2021 15:00,0,0,0
3/4/2021 16:00,1,1,0
3/4/2021 17:00,1,1,0
3/4/2021 18:00,2,2,0
3/4/2021 19:00,1,1,0
3/4/2021 20:00,0,0,0
3/4/2021 21:00,0,0,0
3/4/2021 22:00,0,0,0
3/4/2021 23:00,1,0,1
3/5/2021 0:00,0,0,0
3/5/2021 1:00,0,0,0
3/5/2021 2:00,0,0,0
3/5/2021 3:00,0,0,0
3/5/2021 4:00,0,0,0
3/5/2021 5:00,0,0,0
3/5/2021 6:00,0,0,0
3/5/2021 7:00,2,0,2
3/5/2021 8:00,0,0,0
3/5/2021 9:00,0,0,0
3/5/2021 10:00,3,0,3
3/5/2021 11:00,2,1,1
3/5/2021 12:00,2,1,1
3/5/2021 13:00,4,3,1
3/5/2021 14:00,2,1,1
3/5/2021 15:00,5,2,3
3/5/2021 16:00,2,1,1
3/5/2021 17:00,1,1,0
3/5/2021 18:00,1,1,0
3/5/2021 19:00,0,0,0
3/5/2021 20:00,3,1,2
3/5/2021 21:00,0,0,0
3/5/2021 22:00,0,0,0
3/5/2021 23:00,0,0,0
3/6/2021 0:00,0,0,0
3/6/2021 1:00,0,0,0
3/6/2021 2:00,0,0,0
3/6/2021 3:00,0,0,0
3/6/2021 4:00,0,0,0
3/6/2021 5:00,0,0,0
3/6/2021 6:00,0,0,0
3/6/2021 7:00,0,0,0
3/6/2021 8:00,0,0,0
3/6/2021 9:00,2,2,0
3/6/2021 10:00,1,1,0
3/6/2021 11:00,5,4,1
3/6/2021 12:00,4,3,1
3/6/2021 13:00,9,7,2
3/6/2021 14:00,2,1,1
3/6/2021 15:00,8,7,1
3/6/2021 16:00,8,5,3
3/6/2021 17:00,1,1,0
3/6/2021 18:00,0,0,0
3/6/2021 19:00,1,0,1
3/6/2021 20:00,0,0,0
3/6/2021 21:00,0,0,0
3/6/2021 22:00,0,0,0
3/6/2021 23:00,1,0,1
3/7/2021 0:00,0,0,0
3/7/2021 1:00,1,0,1
3/7/2021 2:00,0,0,0
3/7/2021 3:00,0,0,0
3/7/2021 4:00,0,0,0
3/7/2021 5:00,0,0,0
3/7/2021 6:00,0,0,0
3/7/2021 7:00,0,0,0
3/7/2021 8:00,1,0,1
3/7/2021 9:00,3,3,0
3/7/2021 10:00,0,0,0
3/7/2021 11:00,4,2,2
3/7/2021 12:00,0,0,0
3/7/2021 13:00,0,0,0
3/7/2021 14:00,2,0,2
3/7/2021 15:00,0,0,0
3/7/2021 16:00,0,0,0
3/7/2021 17:00,1,0,1
3/7/2021 18:00,0,0,0
3/7/2021 19:00,1,1,0
3/7/2021 20:00,2,0,2
3/7/2021 21:00,2,0,2
3/7/2021 22:00,0,0,0
3/7/2021 23:00,3,0,3
3/8/2021 0:00,0,0,0
3/8/2021 1:00,0,0,0
3/8/2021 2:00,1,0,1
3/8/2021 3:00,0,0,0
3/8/2021 4:00,0,0,0
3/8/2021 5:00,0,0,0
3/8/2021 6:00,1,0,1
3/8/2021 7:00,4,0,4
3/8/2021 8:00,5,0,5
3/8/2021 9:00,5,0,5
3/8/2021 10:00,1,0,1
3/8/2021 11:00,4,1,3
3/8/2021 12:00,4,4,0
3/8/2021 13:00,2,0,2
3/8/2021 14:00,0,0,0
3/8/2021 15:00,2,2,0
3/8/2021 16:00,1,1,0
3/8/2021 17:00,2,2,0
3/8/2021 18:00,0,0,0
3/8/2021 19:00,0,0,0
3/8/2021 20:00,2,1,1
3/8/2021 21:00,0,0,0
3/8/2021 22:00,0,0,0
3/8/2021 23:00,0,0,0
3/9/2021 0:00,1,1,0
3/9/2021 1:00,1,0,1
3/9/2021 2:00,0,0,0
3/9/2021 3:00,0,0,0
3/9/2021 4:00,0,0,0
3/9/2021 5:00,0,0,0
3/9/2021 6:00,0,0,0
3/9/2021 7:00,1,0,1
3/9/2021 8:00,0,0,0
3/9/2021 9:00,0,0,0
3/9/2021 10:00,0,0,0
3/9/2021 11:00,0,0,0
3/9/2021 12:00,2,1,1
3/9/2021 13:00,3,1,2
3/9/2021 14:00,1,1,0
3/9/2021 15:00,1,1,0
3/9/2021 16:00,3,1,2
3/9/2021 17:00,1,0,1
3/9/2021 18:00,0,0,0
3/9/2021 19:00,1,1,0
3/9/2021 20:00,0,0,0
3/9/2021 21:00,0,0,0
3/9/2021 22:00,0,0,0
3/9/2021 23:00,0,0,0
3/10/2021 0:00,0,0,0
3/10/2021 1:00,0,0,0
3/10/2021 2:00,0,0,0
3/10/2021 3:00,0,0,0
3/10/2021 4:00,0,0,0
3/10/2021 5:00,0,0,0
3/10/2021 6:00,1,0,1
3/10/2021 7:00,1,1,0
3/10/2021 8:00,6,3,3
3/10/2021 9:00,1,0,1
3/10/2021 10:00,1,1,0
3/10/2021 11:00,6,1,5
3/10/2021 12:00,4,1,3
3/10/2021 13:00,5,1,4
3/10/2021 14:00,0,0,0
3/10/2021 15:00,1,0,1
3/10/2021 16:00,1,0,1
3/10/2021 17:00,3,0,3
3/10/2021 18:00,4,0,4
3/10/2021 19:00,1,1,0
3/10/2021 20:00,2,0,2
3/10/2021 21:00,0,0,0
3/10/2021 22:00,0,0,0
3/10/2021 23:00,0,0,0
3/11/2021 0:00,0,0,0
3/11/2021 1:00,0,0,0
3/11/2021 2:00,0,0,0
3/11/2021 3:00,0,0,0
3/11/2021 4:00,0,0,0
3/11/2021 5:00,0,0,0
3/11/2021 6:00,1,0,1
3/11/2021 7:00,1,0,1
3/11/2021 8:00,1,1,0
3/11/2021 9:00,0,0,0
3/11/2021 10:00,0,0,0
3/11/2021 11:00,1,0,1
3/11/2021 12:00,4,1,3
3/11/2021 13:00,2,0,2
3/11/2021 14:00,3,1,2
3/11/2021 15:00,4,1,3
3/11/2021 16:00,4,1,3
3/11/2021 17:00,7,2,5
3/11/2021 18:00,9,3,6
3/11/2021 19:00,1,0,1
3/11/2021 20:00,7,0,7
3/11/2021 21:00,3,1,2
3/11/2021 22:00,3,1,2
3/11/2021 23:00,0,0,0
3/12/2021 0:00,0,0,0
3/12/2021 1:00,0,0,0
3/12/2021 2:00,2,0,2
3/12/2021 3:00,0,0,0
3/12/2021 4:00,0,0,0
3/12/2021 5:00,0,0,0
3/12/2021 6:00,0,0,0
3/12/2021 7:00,0,0,0
3/12/2021 8:00,5,0,5
3/12/2021 9:00,2,0,2
3/12/2021 10:00,4,0,4
3/12/2021 11:00,4,1,3
3/12/2021 12:00,5,0,5
3/12/2021 13:00,9,0,9
3/12/2021 14:00,1,1,0
3/12/2021 15:00,2,1,1
3/12/2021 16:00,2,1,1
3/12/2021 17:00,3,3,0
3/12/2021 18:00,3,2,1
3/12/2021 19:00,5,0,5
3/12/2021 20:00,5,0,5
3/12/2021 21:00,3,1,2
3/12/2021 22:00,1,0,1
3/12/2021 23:00,2,0,2
3/13/2021 0:00,3,0,3
3/13/2021 1:00,0,0,0
3/13/2021 2:00,0,0,0
3/13/2021 3:00,0,0,0
3/13/2021 4:00,1,0,1
3/13/2021 5:00,0,0,0
3/13/2021 6:00,1,0,1
3/13/2021 7:00,3,0,3
3/13/2021 8:00,7,0,7
3/13/2021 9:00,10,1,9
3/13/2021 10:00,6,1,5
3/13/2021 11:00,6,1,5
3/13/2021 12:00,9,0,9
3/13/2021 13:00,14,1,13
3/13/2021 14:00,7,2,5
3/13/2021 15:00,10,0,10
3/13/2021 16:00,11,2,9
3/13/2021 17:00,6,2,4
3/13/2021 18:00,13,1,12
3/13/2021 19:00,5,0,5
3/13/2021 20:00,7,0,7
3/13/2021 21:00,3,0,3
3/13/2021 22:00,5,0,5
3/13/2021 23:00,9,0,9
3/14/2021 0:00,4,0,4
3/14/2021 1:00,3,0,3
3/14/2021 2:00,,,
3/14/2021 3:00,0,0,0
3/14/2021 4:00,2,0,2
3/14/2021 5:00,1,0,1
3/14/2021 6:00,0,0,0
3/14/2021 7:00,1,0,1
3/14/2021 8:00,0,0,0
3/14/2021 9:00,5,0,5
3/14/2021 10:00,4,1,3
3/14/2021 11:00,4,0,4
3/14/2021 12:00,7,0,7
3/14/2021 13:00,8,0,8
3/14/2021 14:00,10,0,10
3/14/2021 15:00,5,0,5
3/14/2021 16:00,5,0,5
3/14/2021 17:00,3,0,3
3/14/2021 18:00,5,0,5
3/14/2021 19:00,10,1,9
3/14/2021 20:00,2,0,2
3/14/2021 21:00,2,0,2
3/14/2021 22:00,0,0,0
3/14/2021 23:00,1,0,1
3/15/2021 0:00,1,0,1
3/15/2021 1:00,1,0,1
3/15/2021 2:00,0,0,0
3/15/2021 3:00,0,0,0
3/15/2021 4:00,0,0,0
3/15/2021 5:00,0,0,0
3/15/2021 6:00,1,0,1
3/15/2021 7:00,5,0,5
3/15/2021 8:00,5,0,5
3/15/2021 9:00,4,1,3
3/15/2021 10:00,2,0,2
3/15/2021 11:00,1,0,1
3/15/2021 12:00,3,0,3
3/15/2021 13:00,3,0,3
3/15/2021 14:00,5,4,1
3/15/2021 15:00,2,0,2
3/15/2021 16:00,10,0,10
3/15/2021 17:00,9,0,9
3/15/2021 18:00,16,1,15
3/15/2021 19:00,8,0,8
3/15/2021 20:00,3,1,2
3/15/2021 21:00,3,0,3
3/15/2021 22:00,1,0,1
3/15/2021 23:00,3,0,3
3/16/2021 0:00,1,0,1
3/16/2021 1:00,0,0,0
3/16/2021 2:00,0,0,0
3/16/2021 3:00,0,0,0
3/16/2021 4:00,0,0,0
3/16/2021 5:00,0,0,0
3/16/2021 6:00,2,0,2
3/16/2021 7:00,3,1,2
3/16/2021 8:00,4,0,4
3/16/2021 9:00,7,0,7
3/16/2021 10:00,4,0,4
3/16/2021 11:00,2,0,2
3/16/2021 12:00,4,0,4
3/16/2021 13:00,0,0,0
3/16/2021 14:00,3,0,3
3/16/2021 15:00,0,0,0
3/16/2021 16:00,6,6,0
3/16/2021 17:00,0,0,0
3/16/2021 18:00,7,1,6
3/16/2021 19:00,11,1,10
3/16/2021 20:00,4,0,4
3/16/2021 21:00,4,0,4
3/16/2021 22:00,1,0,1
3/16/2021 23:00,0,0,0
3/17/2021 0:00,0,0,0
3/17/2021 1:00,1,0,1
3/17/2021 2:00,0,0,0
3/17/2021 3:00,0,0,0
3/17/2021 4:00,0,0,0
3/17/2021 5:00,0,0,0
3/17/2021 6:00,1,0,1
3/17/2021 7:00,2,0,2
3/17/2021 8:00,3,0,3
3/17/2021 9:00,2,1,1
3/17/2021 10:00,5,1,4
3/17/2021 11:00,11,0,11
3/17/2021 12:00,6,2,4
3/17/2021 13:00,9,1,8
3/17/2021 14:00,6,0,6
3/17/2021 15:00,7,0,7
3/17/2021 16:00,0,0,0
3/17/2021 17:00,1,0,1
3/17/2021 18:00,1,1,0
3/17/2021 19:00,2,2,0
3/17/2021 20:00,5,2,3
3/17/2021 21:00,4,0,4
3/17/2021 22:00,2,0,2
3/17/2021 23:00,1,0,1
3/18/2021 0:00,1,0,1
3/18/2021 1:00,0,0,0
3/18/2021 2:00,0,0,0
3/18/2021 3:00,0,0,0
3/18/2021 4:00,0,0,0
3/18/2021 5:00,1,0,1
3/18/2021 6:00,2,0,2
3/18/2021 7:00,4,0,4
3/18/2021 8:00,5,0,5
3/18/2021 9:00,6,0,6
3/18/2021 10:00,3,0,3
3/18/2021 11:00,2,0,2
3/18/2021 12:00,1,0,1
3/18/2021 13:00,4,0,4
3/18/2021 14:00,2,0,2
3/18/2021 15:00,6,4,2
3/18/2021 16:00,1,0,1
3/18/2021 17:00,4,1,3
3/18/2021 18:00,6,0,6
3/18/2021 19:00,12,0,12
3/18/2021 20:00,10,0,10
3/18/2021 21:00,2,0,2
3/18/2021 22:00,2,0,2
3/18/2021 23:00,1,0,1
3/19/2021 0:00,2,0,2
3/19/2021 1:00,0,0,0
3/19/2021 2:00,0,0,0
3/19/2021 3:00,0,0,0
3/19/2021 4:00,0,0,0
3/19/2021 5:00,0,0,0
3/19/2021 6:00,2,0,2
3/19/2021 7:00,3,0,3
3/19/2021 8:00,4,1,3
3/19/2021 9:00,8,0,8
3/19/2021 10:00,0,0,0
3/19/2021 11:00,3,0,3
3/19/2021 12:00,4,1,3
3/19/2021 13:00,2,1,1
3/19/2021 14:00,6,0,6
3/19/2021 15:00,6,1,5
3/19/2021 16:00,2,0,2
3/19/2021 17:00,3,0,3
3/19/2021 18:00,5,1,4
3/19/2021 19:00,7,0,7
3/19/2021 20:00,4,0,4
3/19/2021 21:00,4,0,4
3/19/2021 22:00,1,0,1
3/19/2021 23:00,1,0,1
3/20/2021 0:00,3,1,2
3/20/2021 1:00,1,0,1
3/20/2021 2:00,0,0,0
3/20/2021 3:00,1,0,1
3/20/2021 4:00,1,0,1
3/20/2021 5:00,2,0,2
3/20/2021 6:00,2,0,2
3/20/2021 7:00,4,0,4
3/20/2021 8:00,2,0,2
3/20/2021 9:00,4,0,4
3/20/2021 10:00,6,1,5
3/20/2021 11:00,6,1,5
3/20/2021 12:00,6,0,6
3/20/2021 13:00,12,1,11
3/20/2021 14:00,12,1,11
3/20/2021 15:00,13,2,11
3/20/2021 16:00,9,1,8
3/20/2021 17:00,10,1,9
3/20/2021 18:00,15,2,13
3/20/2021 19:00,6,0,6
3/20/2021 20:00,5,1,4
3/20/2021 21:00,2,0,2
3/20/2021 22:00,2,1,1
3/20/2021 23:00,4,1,3
3/21/2021 0:00,4,0,4
3/21/2021 1:00,0,0,0
3/21/2021 2:00,2,0,2
3/21/2021 3:00,1,0,1
3/21/2021 4:00,0,0,0
3/21/2021 5:00,0,0,0
3/21/2021 6:00,0,0,0
3/21/2021 7:00,2,0,2
3/21/2021 8:00,3,0,3
3/21/2021 9:00,9,1,8
3/21/2021 10:00,7,0,7
3/21/2021 11:00,8,0,8
3/21/2021 12:00,8,0,8
3/21/2021 13:00,7,0,7
3/21/2021 14:00,7,1,6
3/21/2021 15:00,8,0,8
3/21/2021 16:00,10,2,8
3/21/2021 17:00,8,0,8
3/21/2021 18:00,9,0,9
3/21/2021 19:00,10,1,9
3/21/2021 20:00,3,0,3
3/21/2021 21:00,2,0,2
3/21/2021 22:00,3,0,3
3/21/2021 23:00,1,0,1
3/22/2021 0:00,1,0,1
3/22/2021 1:00,1,0,1
3/22/2021 2:00,0,0,0
3/22/2021 3:00,0,0,0
3/22/2021 4:00,1,0,1
3/22/2021 5:00,0,0,0
3/22/2021 6:00,2,0,2
3/22/2021 7:00,0,0,0
3/22/2021 8:00,8,1,7
3/22/2021 9:00,4,0,4
3/22/2021 10:00,7,0,7
3/22/2021 11:00,6,0,6
3/22/2021 12:00,3,0,3
3/22/2021 13:00,3,0,3
3/22/2021 14:00,2,0,2
3/22/2021 15:00,2,0,2
3/22/2021 16:00,3,0,3
3/22/2021 17:00,4,1,3
3/22/2021 18:00,4,1,3
3/22/2021 19:00,8,0,8
3/22/2021 20:00,11,0,11
3/22/2021 21:00,5,0,5
3/22/2021 22:00,4,0,4
3/22/2021 23:00,1,0,1
3/23/2021 0:00,1,0,1
3/23/2021 1:00,0,0,0
3/23/2021 2:00,0,0,0
3/23/2021 3:00,0,0,0
3/23/2021 4:00,1,0,1
3/23/2021 5:00,3,0,3
3/23/2021 6:00,4,0,4
3/23/2021 7:00,3,0,3
3/23/2021 8:00,5,1,4
3/23/2021 9:00,6,0,6
3/23/2021 10:00,7,0,7
3/23/2021 11:00,0,0,0
3/23/2021 12:00,11,0,11
3/23/2021 13:00,5,1,4
3/23/2021 14:00,8,0,8
3/23/2021 15:00,6,4,2
3/23/2021 16:00,8,0,8
3/23/2021 17:00,5,0,5
3/23/2021 18:00,7,2,5
3/23/2021 19:00,10,0,10
3/23/2021 20:00,4,0,4
3/23/2021 21:00,1,0,1
3/23/2021 22:00,2,0,2
3/23/2021 23:00,5,0,5
3/24/2021 0:00,3,2,1
3/24/2021 1:00,1,0,1
3/24/2021 2:00,1,0,1
3/24/2021 3:00,1,0,1
3/24/2021 4:00,1,0,1
3/24/2021 5:00,2,0,2
3/24/2021 6:00,6,1,5
3/24/2021 7:00,0,0,0
3/24/2021 8:00,7,0,7
3/24/2021 9:00,5,1,4
3/24/2021 10:00,5,0,5
3/24/2021 11:00,5,0,5
3/24/2021 12:00,7,0,7
3/24/2021 13:00,14,1,13
3/24/2021 14:00,9,3,6
3/24/2021 15:00,1,1,0
3/24/2021 16:00,3,1,2
3/24/2021 17:00,2,1,1
3/24/2021 18:00,5,2,3
3/24/2021 19:00,2,2,0
3/24/2021 20:00,1,1,0
3/24/2021 21:00,1,0,1
3/24/2021 22:00,0,0,0
3/24/2021 23:00,0,0,0
3/25/2021 0:00,0,0,0
3/25/2021 1:00,0,0,0
3/25/2021 2:00,0,0,0
3/25/2021 3:00,0,0,0
3/25/2021 4:00,0,0,0
3/25/2021 5:00,1,0,1
3/25/2021 6:00,2,1,1
3/25/2021 7:00,3,1,2
3/25/2021 8:00,1,1,0
3/25/2021 9:00,0,0,0
3/25/2021 10:00,0,0,0
3/25/2021 11:00,3,1,2
3/25/2021 12:00,8,5,3
3/25/2021 13:00,5,3,2
3/25/2021 14:00,5,4,1
3/25/2021 15:00,10,6,4
3/25/2021 16:00,8,3,5
3/25/2021 17:00,13,7,6
3/25/2021 18:00,13,8,5
3/25/2021 19:00,4,2,2
3/25/2021 20:00,3,3,0
3/25/2021 21:00,1,1,0
3/25/2021 22:00,0,0,0
3/25/2021 23:00,0,0,0
3/26/2021 0:00,1,1,0
3/26/2021 1:00,0,0,0
3/26/2021 2:00,1,0,1
3/26/2021 3:00,0,0,0
3/26/2021 4:00,1,0,1
3/26/2021 5:00,0,0,0
3/26/2021 6:00,2,0,2
3/26/2021 7:00,6,0,6
3/26/2021 8:00,2,2,0
3/26/2021 9:00,3,1,2
3/26/2021 10:00,1,1,0
3/26/2021 11:00,3,1,2
3/26/2021 12:00,8,7,1
3/26/2021 13:00,5,2,3
3/26/2021 14:00,7,3,4
3/26/2021 15:00,5,2,3
3/26/2021 16:00,11,5,6
3/26/2021 17:00,13,7,6
3/26/2021 18:00,9,3,6
3/26/2021 19:00,2,2,0
3/26/2021 20:00,2,1,1
3/26/2021 21:00,2,2,0
3/26/2021 22:00,1,0,1
3/26/2021 23:00,0,0,0
3/27/2021 0:00,0,0,0
3/27/2021 1:00,0,0,0
3/27/2021 2:00,0,0,0
3/27/2021 3:00,0,0,0
3/27/2021 4:00,0,0,0
3/27/2021 5:00,0,0,0
3/27/2021 6:00,0,0,0
3/27/2021 7:00,3,1,2
3/27/2021 8:00,2,1,1
3/27/2021 9:00,3,1,2
3/27/2021 10:00,2,1,1
3/27/2021 11:00,9,5,4
3/27/2021 12:00,17,10,7
3/27/2021 13:00,13,7,6
3/27/2021 14:00,18,4,14
3/27/2021 15:00,12,7,5
3/27/2021 16:00,18,8,10
3/27/2021 17:00,8,6,2
3/27/2021 18:00,3,2,1
3/27/2021 19:00,2,2,0
3/27/2021 20:00,3,2,1
3/27/2021 21:00,2,0,2
3/27/2021 22:00,2,2,0
3/27/2021 23:00,2,1,1
3/28/2021 0:00,0,0,0
3/28/2021 1:00,0,0,0
3/28/2021 2:00,0,0,0
3/28/2021 3:00,0,0,0
3/28/2021 4:00,0,0,0
3/28/2021 5:00,0,0,0
3/28/2021 6:00,0,0,0
3/28/2021 7:00,2,1,1
3/28/2021 8:00,0,0,0
3/28/2021 9:00,1,0,1
3/28/2021 10:00,1,0,1
3/28/2021 11:00,2,1,1
3/28/2021 12:00,5,2,3
3/28/2021 13:00,0,0,0
3/28/2021 14:00,1,1,0
3/28/2021 15:00,1,1,0
3/28/2021 16:00,4,2,2
3/28/2021 17:00,2,0,2
3/28/2021 18:00,3,1,2
3/28/2021 19:00,3,2,1
3/28/2021 20:00,0,0,0
3/28/2021 21:00,0,0,0
3/28/2021 22:00,0,0,0
3/28/2021 23:00,0,0,0
3/29/2021 0:00,0,0,0
3/29/2021 1:00,0,0,0
3/29/2021 2:00,0,0,0
3/29/2021 3:00,0,0,0
3/29/2021 4:00,1,0,1
3/29/2021 5:00,2,1,1
3/29/2021 6:00,0,0,0
3/29/2021 7:00,4,1,3
3/29/2021 8:00,9,5,4
3/29/2021 9:00,2,2,0
3/29/2021 10:00,5,3,2
3/29/2021 11:00,9,2,7
3/29/2021 12:00,8,4,4
3/29/2021 13:00,7,4,3
3/29/2021 14:00,6,5,1
3/29/2021 15:00,11,6,5
3/29/2021 16:00,6,4,2
3/29/2021 17:00,19,12,7
3/29/2021 18:00,14,6,8
3/29/2021 19:00,2,1,1
3/29/2021 20:00,1,0,1
3/29/2021 21:00,0,0,0
3/29/2021 22:00,0,0,0
3/29/2021 23:00,0,0,0
3/30/2021 0:00,0,0,0
3/30/2021 1:00,0,0,0
3/30/2021 2:00,1,1,0
3/30/2021 3:00,0,0,0
3/30/2021 4:00,0,0,0
3/30/2021 5:00,0,0,0
3/30/2021 6:00,0,0,0
3/30/2021 7:00,4,2,2
3/30/2021 8:00,4,1,3
3/30/2021 9:00,4,3,1
3/30/2021 10:00,3,2,1
3/30/2021 11:00,1,0,1
3/30/2021 12:00,5,1,4
3/30/2021 13:00,7,1,6
3/30/2021 14:00,12,7,5
3/30/2021 15:00,8,5,3
3/30/2021 16:00,9,4,5
3/30/2021 17:00,14,2,12
3/30/2021 18:00,14,7,7
3/30/2021 19:00,9,5,4
3/30/2021 20:00,3,2,1
3/30/2021 21:00,2,2,0
3/30/2021 22:00,0,0,0
3/30/2021 23:00,1,0,1
3/31/2021 0:00,1,0,1
3/31/2021 1:00,0,0,0
3/31/2021 2:00,0,0,0
3/31/2021 3:00,0,0,0
3/31/2021 4:00,0,0,0
3/31/2021 5:00,1,0,1
3/31/2021 6:00,1,1,0
3/31/2021 7:00,3,2,1
3/31/2021 8:00,7,4,3
3/31/2021 9:00,4,3,1
3/31/2021 10:00,3,3,0
3/31/2021 11:00,5,3,2
3/31/2021 12:00,7,4,3
3/31/2021 13:00,5,1,4
3/31/2021 14:00,8,3,5
3/31/2021 15:00,7,2,5
3/31/2021 16:00,6,5,1
3/31/2021 17:00,15,9,6
3/31/2021 18:00,18,10,8
3/31/2021 19:00,7,4,3
3/31/2021 20:00,0,0,0
3/31/2021 21:00,2,2,0
3/31/2021 22:00,1,0,1
3/31/2021 23:00,0,0,0
4/1/2021 0:00,1,1,0
4/1/2021 1:00,0,0,0
4/1/2021 2:00,0,0,0
4/1/2021 3:00,0,0,0
4/1/2021 4:00,2,2,0
4/1/2021 5:00,1,0,1
4/1/2021 6:00,4,2,2
4/1/2021 7:00,7,4,3
4/1/2021 8:00,3,3,0
4/1/2021 9:00,1,0,1
4/1/2021 10:00,1,1,0
4/1/2021 11:00,3,2,1
4/1/2021 12:00,4,3,1
4/1/2021 13:00,3,1,2
4/1/2021 14:00,4,2,2
4/1/2021 15:00,4,2,2
4/1/2021 16:00,10,5,5
4/1/2021 17:00,5,2,3
4/1/2021 18:00,6,4,2
4/1/2021 19:00,4,3,1
4/1/2021 20:00,3,1,2
4/1/2021 21:00,0,0,0
4/1/2021 22:00,0,0,0
4/1/2021 23:00,0,0,0
4/2/2021 0:00,0,0,0
4/2/2021 1:00,0,0,0
4/2/2021 2:00,0,0,0
4/2/2021 3:00,0,0,0
4/2/2021 4:00,0,0,0
4/2/2021 5:00,1,0,1
4/2/2021 6:00,1,0,1
4/2/2021 7:00,4,1,3
4/2/2021 8:00,6,5,1
4/2/2021 9:00,3,1,2
4/2/2021 10:00,4,3,1
4/2/2021 11:00,6,3,3
4/2/2021 12:00,8,3,5
4/2/2021 13:00,7,1,6
4/2/2021 14:00,7,3,4
4/2/2021 15:00,8,6,2
4/2/2021 16:00,11,6,5
4/2/2021 17:00,18,6,12
4/2/2021 18:00,11,7,4
4/2/2021 19:00,6,5,1
4/2/2021 20:00,1,1,0
4/2/2021 21:00,2,2,0
4/2/2021 22:00,3,3,0
4/2/2021 23:00,0,0,0
4/3/2021 0:00,0,0,0
4/3/2021 1:00,1,0,1
4/3/2021 2:00,0,0,0
4/3/2021 3:00,1,0,1
4/3/2021 4:00,0,0,0
4/3/2021 5:00,0,0,0
4/3/2021 6:00,0,0,0
4/3/2021 7:00,1,1,0
4/3/2021 8:00,1,1,0
4/3/2021 9:00,10,6,4
4/3/2021 10:00,11,4,7
4/3/2021 11:00,7,3,4
4/3/2021 12:00,14,7,7
4/3/2021 13:00,18,7,11
4/3/2021 14:00,16,10,6
4/3/2021 15:00,9,5,4
4/3/2021 16:00,18,12,6
4/3/2021 17:00,12,5,7
4/3/2021 18:00,9,7,2
4/3/2021 19:00,5,3,2
4/3/2021 20:00,3,3,0
4/3/2021 21:00,0,0,0
4/3/2021 22:00,1,0,1
4/3/2021 23:00,0,0,0
4/4/2021 0:00,0,0,0
4/4/2021 1:00,0,0,0
4/4/2021 2:00,0,0,0
4/4/2021 3:00,0,0,0
4/4/2021 4:00,0,0,0
4/4/2021 5:00,0,0,0
4/4/2021 6:00,0,0,0
4/4/2021 7:00,3,0,3
4/4/2021 8:00,1,1,0
4/4/2021 9:00,4,3,1
4/4/2021 10:00,13,10,3
4/4/2021 11:00,6,2,4
4/4/2021 12:00,4,2,2
4/4/2021 13:00,7,3,4
4/4/2021 14:00,9,6,3
4/4/2021 15:00,3,3,0
4/4/2021 16:00,5,2,3
4/4/2021 17:00,1,0,1
4/4/2021 18:00,6,2,4
4/4/2021 19:00,3,0,3
4/4/2021 20:00,3,3,0
4/4/2021 21:00,0,0,0
4/4/2021 22:00,1,0,1
4/4/2021 23:00,0,0,0
4/5/2021 0:00,0,0,0
4/5/2021 1:00,0,0,0
4/5/2021 2:00,1,1,0
4/5/2021 3:00,0,0,0
4/5/2021 4:00,0,0,0
4/5/2021 5:00,2,1,1
4/5/2021 6:00,0,0,0
4/5/2021 7:00,2,0,2
4/5/2021 8:00,2,2,0
4/5/2021 9:00,2,2,0
4/5/2021 10:00,3,1,2
4/5/2021 11:00,1,0,1
4/5/2021 12:00,8,4,4
4/5/2021 13:00,5,2,3
4/5/2021 14:00,11,6,5
4/5/2021 15:00,13,7,6
4/5/2021 16:00,15,4,11
4/5/2021 17:00,20,9,11
4/5/2021 18:00,14,10,4
4/5/2021 19:00,17,9,8
4/5/2021 20:00,3,3,0
4/5/2021 21:00,0,0,0
4/5/2021 22:00,1,0,1
4/5/2021 23:00,0,0,0
4/6/2021 0:00,0,0,0
4/6/2021 1:00,0,0,0
4/6/2021 2:00,0,0,0
4/6/2021 3:00,0,0,0
4/6/2021 4:00,0,0,0
4/6/2021 5:00,0,0,0
4/6/2021 6:00,0,0,0
4/6/2021 7:00,5,3,2
4/6/2021 8:00,5,4,1
4/6/2021 9:00,3,1,2
4/6/2021 10:00,7,5,2
4/6/2021 11:00,2,1,1
4/6/2021 12:00,7,4,3
4/6/2021 13:00,5,4,1
4/6/2021 14:00,4,2,2
4/6/2021 15:00,3,1,2
4/6/2021 16:00,9,2,7
4/6/2021 17:00,18,9,9
4/6/2021 18:00,13,10,3
4/6/2021 19:00,7,6,1
4/6/2021 20:00,4,4,0
4/6/2021 21:00,1,1,0
4/6/2021 22:00,1,0,1
4/6/2021 23:00,0,0,0
4/7/2021 0:00,0,0,0
4/7/2021 1:00,0,0,0
4/7/2021 2:00,0,0,0
4/7/2021 3:00,0,0,0
4/7/2021 4:00,0,0,0
4/7/2021 5:00,0,0,0
4/7/2021 6:00,1,1,0
4/7/2021 7:00,3,0,3
4/7/2021 8:00,2,1,1
4/7/2021 9:00,4,3,1
4/7/2021 10:00,4,1,3
4/7/2021 11:00,5,2,3
4/7/2021 12:00,3,2,1
4/7/2021 13:00,1,1,0
4/7/2021 14:00,0,0,0
4/7/2021 15:00,3,0,3
4/7/2021 16:00,6,3,3
4/7/2021 17:00,2,0,2
4/7/2021 18:00,3,1,2
4/7/2021 19:00,3,2,1
4/7/2021 20:00,0,0,0
4/7/2021 21:00,0,0,0
4/7/2021 22:00,0,0,0
4/7/2021 23:00,0,0,0
4/8/2021 0:00,0,0,0
4/8/2021 1:00,0,0,0
4/8/2021 2:00,0,0,0
4/8/2021 3:00,0,0,0
4/8/2021 4:00,0,0,0
4/8/2021 5:00,1,0,1
4/8/2021 6:00,3,1,2
4/8/2021 7:00,2,1,1
4/8/2021 8:00,3,2,1
4/8/2021 9:00,4,2,2
4/8/2021 10:00,8,7,1
4/8/2021 11:00,1,1,0
4/8/2021 12:00,2,0,2
4/8/2021 13:00,3,1,2
4/8/2021 14:00,10,5,5
4/8/2021 15:00,10,2,8
4/8/2021 16:00,12,6,6
4/8/2021 17:00,11,4,7
4/8/2021 18:00,11,9,2
4/8/2021 19:00,12,9,3
4/8/2021 20:00,2,0,2
4/8/2021 21:00,1,1,0
4/8/2021 22:00,0,0,0
4/8/2021 23:00,0,0,0
4/9/2021 0:00,0,0,0
4/9/2021 1:00,0,0,0
4/9/2021 2:00,0,0,0
4/9/2021 3:00,0,0,0
4/9/2021 4:00,0,0,0
4/9/2021 5:00,1,0,1
4/9/2021 6:00,0,0,0
4/9/2021 7:00,5,2,3
4/9/2021 8:00,8,6,2
4/9/2021 9:00,2,2,0
4/9/2021 10:00,5,1,4
4/9/2021 11:00,3,1,2
4/9/2021 12:00,5,2,3
4/9/2021 13:00,4,0,4
4/9/2021 14:00,3,2,1
4/9/2021 15:00,3,2,1
4/9/2021 16:00,4,1,3
4/9/2021 17:00,4,2,2
4/9/2021 18:00,9,6,3
4/9/2021 19:00,3,2,1
4/9/2021 20:00,1,0,1
4/9/2021 21:00,1,1,0
4/9/2021 22:00,1,1,0
4/9/2021 23:00,0,0,0
4/10/2021 0:00,0,0,0
4/10/2021 1:00,1,0,1
4/10/2021 2:00,0,0,0
4/10/2021 3:00,0,0,0
4/10/2021 4:00,0,0,0
4/10/2021 5:00,0,0,0
4/10/2021 6:00,0,0,0
4/10/2021 7:00,3,3,0
4/10/2021 8:00,3,3,0
4/10/2021 9:00,8,4,4
4/10/2021 10:00,9,3,6
4/10/2021 11:00,13,6,7
4/10/2021 12:00,16,9,7
4/10/2021 13:00,17,4,13
4/10/2021 14:00,14,7,7
4/10/2021 15:00,12,7,5
4/10/2021 16:00,16,9,7
4/10/2021 17:00,3,1,2
4/10/2021 18:00,3,1,2
4/10/2021 19:00,4,2,2
4/10/2021 20:00,0,0,0
4/10/2021 21:00,0,0,0
4/10/2021 22:00,1,0,1
4/10/2021 23:00,0,0,0
4/11/2021 0:00,1,1,0
4/11/2021 1:00,0,0,0
4/11/2021 2:00,0,0,0
4/11/2021 3:00,0,0,0
4/11/2021 4:00,0,0,0
4/11/2021 5:00,0,0,0
4/11/2021 6:00,0,0,0
4/11/2021 7:00,2,0,2
4/11/2021 8:00,2,1,1
4/11/2021 9:00,9,4,5
4/11/2021 10:00,6,1,5
4/11/2021 11:00,18,9,9
4/11/2021 12:00,10,3,7
4/11/2021 13:00,12,5,7
4/11/2021 14:00,13,8,5
4/11/2021 15:00,19,10,9
4/11/2021 16:00,13,10,3
4/11/2021 17:00,13,3,10
4/11/2021 18:00,7,5,2
4/11/2021 19:00,10,8,2
4/11/2021 20:00,2,2,0
4/11/2021 21:00,0,0,0
4/11/2021 22:00,0,0,0
4/11/2021 23:00,0,0,0
4/12/2021 0:00,0,0,0
4/12/2021 1:00,1,1,0
4/12/2021 2:00,0,0,0
4/12/2021 3:00,0,0,0
4/12/2021 4:00,0,0,0
4/12/2021 5:00,1,1,0
4/12/2021 6:00,0,0,0
4/12/2021 7:00,1,0,1
4/12/2021 8:00,2,2,0
4/12/2021 9:00,3,1,2
4/12/2021 10:00,3,0,3
4/12/2021 11:00,2,0,2
4/12/2021 12:00,5,2,3
4/12/2021 13:00,5,5,0
4/12/2021 14:00,6,3,3
4/12/2021 15:00,5,3,2
4/12/2021 16:00,7,4,3
4/12/2021 17:00,6,3,3
4/12/2021 18:00,9,4,5
4/12/2021 19:00,12,9,3
4/12/2021 20:00,3,3,0
4/12/2021 21:00,1,1,0
4/12/2021 22:00,1,0,1
4/12/2021 23:00,0,0,0
4/13/2021 0:00,0,0,0
4/13/2021 1:00,0,0,0
4/13/2021 2:00,0,0,0
4/13/2021 3:00,0,0,0
4/13/2021 4:00,0,0,0
4/13/2021 5:00,0,0,0
4/13/2021 6:00,0,0,0
4/13/2021 7:00,2,0,2
4/13/2021 8:00,6,2,4
4/13/2021 9:00,7,6,1
4/13/2021 10:00,7,4,3
4/13/2021 11:00,4,2,2
4/13/2021 12:00,10,7,3
4/13/2021 13:00,7,4,3
4/13/2021 14:00,9,5,4
4/13/2021 15:00,9,5,4
4/13/2021 16:00,18,8,10
4/13/2021 17:00,22,11,11
4/13/2021 18:00,26,10,16
4/13/2021 19:00,11,4,7
4/13/2021 20:00,4,1,3
4/13/2021 21:00,2,2,0
4/13/2021 22:00,3,1,2
4/13/2021 23:00,1,1,0
4/14/2021 0:00,0,0,0
4/14/2021 1:00,0,0,0
4/14/2021 2:00,0,0,0
4/14/2021 3:00,0,0,0
4/14/2021 4:00,0,0,0
4/14/2021 5:00,0,0,0
4/14/2021 6:00,0,0,0
4/14/2021 7:00,5,2,3
4/14/2021 8:00,7,4,3
4/14/2021 9:00,4,4,0
4/14/2021 10:00,2,0,2
4/14/2021 11:00,3,1,2
4/14/2021 12:00,8,5,3
4/14/2021 13:00,6,1,5
4/14/2021 14:00,8,3,5
4/14/2021 15:00,3,2,1
4/14/2021 16:00,8,4,4
4/14/2021 17:00,15,5,10
4/14/2021 18:00,14,9,5
4/14/2021 19:00,9,2,7
4/14/2021 20:00,7,5,2
4/14/2021 21:00,1,0,1
4/14/2021 22:00,1,1,0
4/14/2021 23:00,2,1,1
4/15/2021 0:00,0,0,0
4/15/2021 1:00,0,0,0
4/15/2021 2:00,0,0,0
4/15/2021 3:00,1,0,1
4/15/2021 4:00,0,0,0
4/15/2021 5:00,1,0,1
4/15/2021 6:00,2,1,1
4/15/2021 7:00,2,0,2
4/15/2021 8:00,4,2,2
4/15/2021 9:00,5,3,2
4/15/2021 10:00,3,1,2
4/15/2021 11:00,5,5,0
4/15/2021 12:00,6,4,2
4/15/2021 13:00,7,1,6
4/15/2021 14:00,12,7,5
4/15/2021 15:00,18,10,8
4/15/2021 16:00,13,7,6
4/15/2021 17:00,14,9,5
4/15/2021 18:00,19,4,15
4/15/2021 19:00,9,5,4
4/15/2021 20:00,9,9,0
4/15/2021 21:00,2,1,1
4/15/2021 22:00,4,3,1
4/15/2021 23:00,2,1,1
4/16/2021 0:00,0,0,0
4/16/2021 1:00,0,0,0
4/16/2021 2:00,0,0,0
4/16/2021 3:00,0,0,0
4/16/2021 4:00,0,0,0
4/16/2021 5:00,0,0,0
4/16/2021 6:00,2,0,2
4/16/2021 7:00,6,2,4
4/16/2021 8:00,3,1,2
4/16/2021 9:00,4,3,1
4/16/2021 10:00,5,2,3
4/16/2021 11:00,9,4,5
4/16/2021 12:00,15,7,8
4/16/2021 13:00,5,4,1
4/16/2021 14:00,10,5,5
4/16/2021 15:00,17,13,4
4/16/2021 16:00,21,7,14
4/16/2021 17:00,20,11,9
4/16/2021 18:00,10,3,7
4/16/2021 19:00,14,9,5
4/16/2021 20:00,8,8,0
4/16/2021 21:00,3,1,2
4/16/2021 22:00,0,0,0
4/16/2021 23:00,0,0,0
4/17/2021 0:00,2,2,0
4/17/2021 1:00,0,0,0
4/17/2021 2:00,0,0,0
4/17/2021 3:00,0,0,0
4/17/2021 4:00,0,0,0
4/17/2021 5:00,0,0,0
4/17/2021 6:00,0,0,0
4/17/2021 7:00,2,1,1
4/17/2021 8:00,4,3,1
4/17/2021 9:00,5,3,2
4/17/2021 10:00,13,8,5
4/17/2021 11:00,8,4,4
4/17/2021 12:00,11,3,8
4/17/2021 13:00,18,10,8
4/17/2021 14:00,16,9,7
4/17/2021 15:00,9,2,7
4/17/2021 16:00,21,10,11
4/17/2021 17:00,13,5,8
4/17/2021 18:00,13,8,5
4/17/2021 19:00,7,6,1
4/17/2021 20:00,4,2,2
4/17/2021 21:00,3,2,1
4/17/2021 22:00,1,1,0
4/17/2021 23:00,2,0,2
4/18/2021 0:00,2,0,2
4/18/2021 1:00,0,0,0
4/18/2021 2:00,0,0,0
4/18/2021 3:00,0,0,0
4/18/2021 4:00,1,1,0
4/18/2021 5:00,0,0,0
4/18/2021 6:00,4,1,3
4/18/2021 7:00,1,1,0
4/18/2021 8:00,5,3,2
4/18/2021 9:00,4,1,3
4/18/2021 10:00,16,9,7
4/18/2021 11:00,18,7,11
4/18/2021 12:00,23,8,15
4/18/2021 13:00,29,13,16
4/18/2021 14:00,23,16,7
4/18/2021 15:00,20,13,7
4/18/2021 16:00,23,7,16
4/18/2021 17:00,20,13,7
4/18/2021 18:00,16,9,7
4/18/2021 19:00,6,6,0
4/18/2021 20:00,3,0,3
4/18/2021 21:00,2,2,0
4/18/2021 22:00,3,3,0
4/18/2021 23:00,0,0,0
4/19/2021 0:00,0,0,0
4/19/2021 1:00,0,0,0
4/19/2021 2:00,2,0,2
4/19/2021 3:00,0,0,0
4/19/2021 4:00,0,0,0
4/19/2021 5:00,1,1,0
4/19/2021 6:00,2,0,2
4/19/2021 7:00,4,2,2
4/19/2021 8:00,8,4,4
4/19/2021 9:00,2,0,2
4/19/2021 10:00,3,1,2
4/19/2021 11:00,6,3,3
4/19/2021 12:00,4,3,1
4/19/2021 13:00,4,3,1
4/19/2021 14:00,4,3,1
4/19/2021 15:00,7,4,3
4/19/2021 16:00,3,1,2
4/19/2021 17:00,8,5,3
4/19/2021 18:00,9,7,2
4/19/2021 19:00,9,4,5
4/19/2021 20:00,2,2,0
4/19/2021 21:00,2,0,2
4/19/2021 22:00,1,0,1
4/19/2021 23:00,0,0,0
4/20/2021 0:00,0,0,0
4/20/2021 1:00,0,0,0
4/20/2021 2:00,0,0,0
4/20/2021 3:00,0,0,0
4/20/2021 4:00,0,0,0
4/20/2021 5:00,1,0,1
4/20/2021 6:00,0,0,0
4/20/2021 7:00,2,1,1
4/20/2021 8:00,12,8,4
4/20/2021 9:00,6,0,6
4/20/2021 10:00,10,4,6
4/20/2021 11:00,3,2,1
4/20/2021 12:00,17,7,10
4/20/2021 13:00,6,4,2
4/20/2021 14:00,9,2,7
4/20/2021 15:00,13,7,6
4/20/2021 16:00,12,6,6
4/20/2021 17:00,15,3,12
4/20/2021 18:00,14,8,6
4/20/2021 19:00,9,7,2
4/20/2021 20:00,10,8,2
4/20/2021 21:00,2,2,0
4/20/2021 22:00,1,1,0
4/20/2021 23:00,0,0,0
4/21/2021 0:00,0,0,0
4/21/2021 1:00,2,0,2
4/21/2021 2:00,1,1,0
4/21/2021 3:00,0,0,0
4/21/2021 4:00,0,0,0
4/21/2021 5:00,0,0,0
4/21/2021 6:00,1,0,1
4/21/2021 7:00,4,3,1
4/21/2021 8:00,6,4,2
4/21/2021 9:00,4,2,2
4/21/2021 10:00,5,1,4
4/21/2021 11:00,5,3,2
4/21/2021 12:00,6,2,4
4/21/2021 13:00,3,1,2
4/21/2021 14:00,2,1,1
4/21/2021 15:00,14,5,9
4/21/2021 16:00,16,5,11
4/21/2021 17:00,16,8,8
4/21/2021 18:00,9,6,3
4/21/2021 19:00,6,2,4
4/21/2021 20:00,5,3,2
4/21/2021 21:00,5,4,1
4/21/2021 22:00,1,1,0
4/21/2021 23:00,1,1,0
4/22/2021 0:00,0,0,0
4/22/2021 1:00,0,0,0
4/22/2021 2:00,0,0,0
4/22/2021 3:00,0,0,0
4/22/2021 4:00,0,0,0
4/22/2021 5:00,1,0,1
4/22/2021 6:00,2,0,2
4/22/2021 7:00,5,2,3
4/22/2021 8:00,5,4,1
4/22/2021 9:00,3,1,2
4/22/2021 10:00,4,2,2
4/22/2021 11:00,6,4,2
4/22/2021 12:00,9,2,7
4/22/2021 13:00,9,5,4
4/22/2021 14:00,3,1,2
4/22/2021 15:00,9,2,7
4/22/2021 16:00,17,7,10
4/22/2021 17:00,11,4,7
4/22/2021 18:00,11,5,6
4/22/2021 19:00,10,6,4
4/22/2021 20:00,3,2,1
4/22/2021 21:00,0,0,0
4/22/2021 22:00,2,2,0
4/22/2021 23:00,0,0,0
4/23/2021 0:00,0,0,0
4/23/2021 1:00,0,0,0
4/23/2021 2:00,0,0,0
4/23/2021 3:00,0,0,0
4/23/2021 4:00,0,0,0
4/23/2021 5:00,0,0,0
4/23/2021 6:00,2,1,1
4/23/2021 7:00,6,3,3
4/23/2021 8:00,7,2,5
4/23/2021 9:00,4,2,2
4/23/2021 10:00,4,3,1
4/23/2021 11:00,8,3,5
4/23/2021 12:00,7,2,5
4/23/2021 13:00,8,4,4
4/23/2021 14:00,5,3,2
4/23/2021 15:00,15,7,8
4/23/2021 16:00,8,1,7
4/23/2021 17:00,10,6,4
4/23/2021 18:00,10,4,6
4/23/2021 19:00,7,4,3
4/23/2021 20:00,2,1,1
4/23/2021 21:00,0,0,0
4/23/2021 22:00,2,1,1
4/23/2021 23:00,4,1,3
4/24/2021 0:00,0,0,0
4/24/2021 1:00,0,0,0
4/24/2021 2:00,0,0,0
4/24/2021 3:00,0,0,0
4/24/2021 4:00,0,0,0
4/24/2021 5:00,0,0,0
4/24/2021 6:00,0,0,0
4/24/2021 7:00,2,1,1
4/24/2021 8:00,1,1,0
4/24/2021 9:00,3,2,1
4/24/2021 10:00,3,2,1
4/24/2021 11:00,3,2,1
4/24/2021 12:00,2,0,2
4/24/2021 13:00,2,1,1
4/24/2021 14:00,3,3,0
4/24/2021 15:00,1,0,1
4/24/2021 16:00,3,2,1
4/24/2021 17:00,0,0,0
4/24/2021 18:00,6,2,4
4/24/2021 19:00,2,1,1
4/24/2021 20:00,1,0,1
4/24/2021 21:00,0,0,0
4/24/2021 22:00,0,0,0
4/24/2021 23:00,0,0,0
4/25/2021 0:00,0,0,0
4/25/2021 1:00,0,0,0
4/25/2021 2:00,0,0,0
4/25/2021 3:00,0,0,0
4/25/2021 4:00,0,0,0
4/25/2021 5:00,0,0,0
4/25/2021 6:00,1,0,1
4/25/2021 7:00,1,1,0
4/25/2021 8:00,1,1,0
4/25/2021 9:00,2,0,2
4/25/2021 10:00,2,0,2
4/25/2021 11:00,7,5,2
4/25/2021 12:00,7,3,4
4/25/2021 13:00,22,9,13
4/25/2021 14:00,7,5,2
4/25/2021 15:00,12,6,6
4/25/2021 16:00,12,9,3
4/25/2021 17:00,7,3,4
4/25/2021 18:00,10,2,8
4/25/2021 19:00,10,8,2
4/25/2021 20:00,3,3,0
4/25/2021 21:00,0,0,0
4/25/2021 22:00,0,0,0
4/25/2021 23:00,0,0,0
4/26/2021 0:00,0,0,0
4/26/2021 1:00,0,0,0
4/26/2021 2:00,0,0,0
4/26/2021 3:00,0,0,0
4/26/2021 4:00,0,0,0
4/26/2021 5:00,1,1,0
4/26/2021 6:00,2,1,1
4/26/2021 7:00,3,1,2
4/26/2021 8:00,2,1,1
4/26/2021 9:00,0,0,0
4/26/2021 10:00,7,3,4
4/26/2021 11:00,5,2,3
4/26/2021 12:00,6,4,2
4/26/2021 13:00,10,8,2
4/26/2021 14:00,6,3,3
4/26/2021 15:00,10,4,6
4/26/2021 16:00,11,7,4
4/26/2021 17:00,13,8,5
4/26/2021 18:00,12,4,8
4/26/2021 19:00,4,2,2
4/26/2021 20:00,5,3,2
4/26/2021 21:00,2,2,0
4/26/2021 22:00,0,0,0
4/26/2021 23:00,0,0,0
4/27/2021 0:00,0,0,0
4/27/2021 1:00,1,0,1
4/27/2021 2:00,0,0,0
4/27/2021 3:00,0,0,0
4/27/2021 4:00,1,0,1
4/27/2021 5:00,0,0,0
4/27/2021 6:00,0,0,0
4/27/2021 7:00,2,2,0
4/27/2021 8:00,7,3,4
4/27/2021 9:00,1,1,0
4/27/2021 10:00,3,3,0
4/27/2021 11:00,5,2,3
4/27/2021 12:00,10,7,3
4/27/2021 13:00,11,3,8
4/27/2021 14:00,7,6,1
4/27/2021 15:00,6,3,3
4/27/2021 16:00,14,4,10
4/27/2021 17:00,16,7,9
4/27/2021 18:00,16,8,8
4/27/2021 19:00,7,4,3
4/27/2021 20:00,1,0,1
4/27/2021 21:00,3,3,0
4/27/2021 22:00,2,1,1
4/27/2021 23:00,1,1,0
4/28/2021 0:00,1,0,1
4/28/2021 1:00,0,0,0
4/28/2021 2:00,0,0,0
4/28/2021 3:00,0,0,0
4/28/2021 4:00,0,0,0
4/28/2021 5:00,0,0,0
4/28/2021 6:00,1,0,1
4/28/2021 7:00,8,4,4
4/28/2021 8:00,4,4,0
4/28/2021 9:00,3,1,2
4/28/2021 10:00,5,3,2
4/28/2021 11:00,2,0,2
4/28/2021 12:00,7,6,1
4/28/2021 13:00,8,6,2
4/28/2021 14:00,6,2,4
4/28/2021 15:00,12,5,7
4/28/2021 16:00,8,3,5
4/28/2021 17:00,10,5,5
4/28/2021 18:00,14,7,7
4/28/2021 19:00,7,1,6
4/28/2021 20:00,11,7,4
4/28/2021 21:00,1,1,0
4/28/2021 22:00,1,0,1
4/28/2021 23:00,0,0,0
4/29/2021 0:00,0,0,0
4/29/2021 1:00,0,0,0
4/29/2021 2:00,0,0,0
4/29/2021 3:00,0,0,0
4/29/2021 4:00,1,0,1
4/29/2021 5:00,0,0,0
4/29/2021 6:00,1,0,1
4/29/2021 7:00,5,3,2
4/29/2021 8:00,4,3,1
4/29/2021 9:00,7,4,3
4/29/2021 10:00,5,1,4
4/29/2021 11:00,4,2,2
4/29/2021 12:00,5,4,1
4/29/2021 13:00,3,2,1
4/29/2021 14:00,8,4,4
4/29/2021 15:00,17,12,5
4/29/2021 16:00,15,9,6
4/29/2021 17:00,13,5,8
4/29/2021 18:00,26,15,11
4/29/2021 19:00,14,11,3
4/29/2021 20:00,2,2,0
4/29/2021 21:00,0,0,0
4/29/2021 22:00,1,1,0
4/29/2021 23:00,1,1,0
4/30/2021 0:00,0,0,0
4/30/2021 1:00,0,0,0
4/30/2021 2:00,0,0,0
4/30/2021 3:00,0,0,0
4/30/2021 4:00,0,0,0
4/30/2021 5:00,1,0,1
4/30/2021 6:00,0,0,0
4/30/2021 7:00,3,3,0
4/30/2021 8:00,1,1,0
4/30/2021 9:00,3,3,0
4/30/2021 10:00,4,3,1
4/30/2021 11:00,4,2,2
4/30/2021 12:00,5,3,2
4/30/2021 13:00,14,7,7
4/30/2021 14:00,11,5,6
4/30/2021 15:00,11,6,5
4/30/2021 16:00,15,7,8
4/30/2021 17:00,17,8,9
4/30/2021 18:00,11,3,8
4/30/2021 19:00,11,7,4
4/30/2021 20:00,4,4,0
4/30/2021 21:00,4,2,2
4/30/2021 22:00,1,1,0
4/30/2021 23:00,0,0,0
5/1/2021 0:00,0,0,0
5/1/2021 1:00,0,0,0
5/1/2021 2:00,1,1,0
5/1/2021 3:00,0,0,0
5/1/2021 4:00,0,0,0
5/1/2021 5:00,0,0,0
5/1/2021 6:00,0,0,0
5/1/2021 7:00,6,2,4
5/1/2021 8:00,1,1,0
5/1/2021 9:00,2,0,2
5/1/2021 10:00,8,3,5
5/1/2021 11:00,11,4,7
5/1/2021 12:00,5,2,3
5/1/2021 13:00,17,5,12
5/1/2021 14:00,14,7,7
5/1/2021 15:00,5,3,2
5/1/2021 16:00,19,11,8
5/1/2021 17:00,10,6,4
5/1/2021 18:00,6,5,1
5/1/2021 19:00,11,6,5
5/1/2021 20:00,3,0,3
5/1/2021 21:00,0,0,0
5/1/2021 22:00,2,1,1
5/1/2021 23:00,1,1,0
5/2/2021 0:00,1,1,0
5/2/2021 1:00,1,1,0
5/2/2021 2:00,0,0,0
5/2/2021 3:00,0,0,0
5/2/2021 4:00,0,0,0
5/2/2021 5:00,0,0,0
5/2/2021 6:00,1,0,1
5/2/2021 7:00,3,2,1
5/2/2021 8:00,3,1,2
5/2/2021 9:00,8,4,4
5/2/2021 10:00,11,3,8
5/2/2021 11:00,14,2,12
5/2/2021 12:00,10,5,5
5/2/2021 13:00,25,9,16
5/2/2021 14:00,23,10,13
5/2/2021 15:00,16,11,5
5/2/2021 16:00,18,6,12
5/2/2021 17:00,21,13,8
5/2/2021 18:00,15,11,4
5/2/2021 19:00,9,5,4
5/2/2021 20:00,12,7,5
5/2/2021 21:00,2,2,0
5/2/2021 22:00,2,0,2
5/2/2021 23:00,0,0,0
5/3/2021 0:00,0,0,0
5/3/2021 1:00,0,0,0
5/3/2021 2:00,0,0,0
5/3/2021 3:00,0,0,0
5/3/2021 4:00,0,0,0
5/3/2021 5:00,1,1,0
5/3/2021 6:00,0,0,0
5/3/2021 7:00,5,1,4
5/3/2021 8:00,6,3,3
5/3/2021 9:00,4,4,0
5/3/2021 10:00,6,3,3
5/3/2021 11:00,7,4,3
5/3/2021 12:00,5,2,3
5/3/2021 13:00,4,1,3
5/3/2021 14:00,2,2,0
5/3/2021 15:00,4,4,0
5/3/2021 16:00,1,1,0
5/3/2021 17:00,2,2,0
5/3/2021 18:00,3,0,3
5/3/2021 19:00,2,0,2
5/3/2021 20:00,1,1,0
5/3/2021 21:00,1,0,1
5/3/2021 22:00,0,0,0
5/3/2021 23:00,0,0,0
5/4/2021 0:00,0,0,0
5/4/2021 1:00,0,0,0
5/4/2021 2:00,0,0,0
5/4/2021 3:00,0,0,0
5/4/2021 4:00,0,0,0
5/4/2021 5:00,0,0,0
5/4/2021 6:00,2,1,1
5/4/2021 7:00,4,2,2
5/4/2021 8:00,7,6,1
5/4/2021 9:00,5,3,2
5/4/2021 10:00,5,3,2
5/4/2021 11:00,6,5,1
5/4/2021 12:00,7,2,5
5/4/2021 13:00,6,4,2
5/4/2021 14:00,13,7,6
5/4/2021 15:00,12,6,6
5/4/2021 16:00,11,6,5
5/4/2021 17:00,22,14,8
5/4/2021 18:00,12,5,7
5/4/2021 19:00,20,8,12
5/4/2021 20:00,5,5,0
5/4/2021 21:00,2,0,2
5/4/2021 22:00,1,1,0
5/4/2021 23:00,0,0,0
5/5/2021 0:00,0,0,0
5/5/2021 1:00,0,0,0
5/5/2021 2:00,0,0,0
5/5/2021 3:00,0,0,0
5/5/2021 4:00,0,0,0
5/5/2021 5:00,0,0,0
5/5/2021 6:00,0,0,0
5/5/2021 7:00,4,1,3
5/5/2021 8:00,8,5,3
5/5/2021 9:00,4,1,3
5/5/2021 10:00,5,3,2
5/5/2021 11:00,9,3,6
5/5/2021 12:00,9,5,4
5/5/2021 13:00,4,3,1
5/5/2021 14:00,6,2,4
5/5/2021 15:00,13,3,10
5/5/2021 16:00,7,3,4
5/5/2021 17:00,15,9,6
5/5/2021 18:00,20,7,13
5/5/2021 19:00,7,3,4
5/5/2021 20:00,4,2,2
5/5/2021 21:00,4,4,0
5/5/2021 22:00,0,0,0
5/5/2021 23:00,0,0,0
5/6/2021 0:00,0,0,0
5/6/2021 1:00,0,0,0
5/6/2021 2:00,0,0,0
5/6/2021 3:00,1,1,0
5/6/2021 4:00,0,0,0
5/6/2021 5:00,0,0,0
5/6/2021 6:00,2,0,2
5/6/2021 7:00,6,4,2
5/6/2021 8:00,4,2,2
5/6/2021 9:00,3,3,0
5/6/2021 10:00,6,3,3
5/6/2021 11:00,7,3,4
5/6/2021 12:00,10,6,4
5/6/2021 13:00,9,5,4
5/6/2021 14:00,7,2,5
5/6/2021 15:00,3,1,2
5/6/2021 16:00,6,3,3
5/6/2021 17:00,12,6,6
5/6/2021 18:00,7,6,1
5/6/2021 19:00,2,1,1
5/6/2021 20:00,0,0,0
5/6/2021 21:00,2,1,1
5/6/2021 22:00,0,0,0
5/6/2021 23:00,0,0,0
5/7/2021 0:00,0,0,0
5/7/2021 1:00,0,0,0
5/7/2021 2:00,1,0,1
5/7/2021 3:00,0,0,0
5/7/2021 4:00,0,0,0
5/7/2021 5:00,1,0,1
5/7/2021 6:00,0,0,0
5/7/2021 7:00,5,4,1
5/7/2021 8:00,3,1,2
5/7/2021 9:00,3,3,0
5/7/2021 10:00,1,1,0
5/7/2021 11:00,2,1,1
5/7/2021 12:00,7,2,5
5/7/2021 13:00,4,3,1
5/7/2021 14:00,4,2,2
5/7/2021 15:00,6,2,4
5/7/2021 16:00,7,4,3
5/7/2021 17:00,7,4,3
5/7/2021 18:00,6,2,4
5/7/2021 19:00,5,2,3
5/7/2021 20:00,2,0,2
5/7/2021 21:00,1,0,1
5/7/2021 22:00,1,1,0
5/7/2021 23:00,1,0,1
5/8/2021 0:00,0,0,0
5/8/2021 1:00,0,0,0
5/8/2021 2:00,0,0,0
5/8/2021 3:00,0,0,0
5/8/2021 4:00,0,0,0
5/8/2021 5:00,0,0,0
5/8/2021 6:00,2,1,1
5/8/2021 7:00,5,2,3
5/8/2021 8:00,4,3,1
5/8/2021 9:00,2,1,1
5/8/2021 10:00,5,2,3
5/8/2021 11:00,7,3,4
5/8/2021 12:00,12,0,12
5/8/2021 13:00,14,7,7
5/8/2021 14:00,18,13,5
5/8/2021 15:00,8,5,3
5/8/2021 16:00,17,8,9
5/8/2021 17:00,9,3,6
5/8/2021 18:00,5,5,0
5/8/2021 19:00,4,3,1
5/8/2021 20:00,1,1,0
5/8/2021 21:00,2,2,0
5/8/2021 22:00,0,0,0
5/8/2021 23:00,0,0,0
5/9/2021 0:00,1,0,1
5/9/2021 1:00,0,0,0
5/9/2021 2:00,0,0,0
5/9/2021 3:00,0,0,0
5/9/2021 4:00,1,0,1
5/9/2021 5:00,0,0,0
5/9/2021 6:00,0,0,0
5/9/2021 7:00,1,1,0
5/9/2021 8:00,3,1,2
5/9/2021 9:00,5,0,5
5/9/2021 10:00,15,7,8
5/9/2021 11:00,9,4,5
5/9/2021 12:00,7,3,4
5/9/2021 13:00,10,5,5
5/9/2021 14:00,9,4,5
5/9/2021 15:00,13,7,6
5/9/2021 16:00,21,13,8
5/9/2021 17:00,20,9,11
5/9/2021 18:00,8,4,4
5/9/2021 19:00,8,5,3
5/9/2021 20:00,2,0,2
5/9/2021 21:00,1,1,0
5/9/2021 22:00,0,0,0
5/9/2021 23:00,0,0,0
5/10/2021 0:00,0,0,0
5/10/2021 1:00,0,0,0
5/10/2021 2:00,0,0,0
5/10/2021 3:00,0,0,0
5/10/2021 4:00,0,0,0
5/10/2021 5:00,0,0,0
5/10/2021 6:00,1,1,0
5/10/2021 7:00,2,1,1
5/10/2021 8:00,4,3,1
5/10/2021 9:00,5,4,1
5/10/2021 10:00,4,1,3
5/10/2021 11:00,4,2,2
5/10/2021 12:00,5,2,3
5/10/2021 13:00,2,1,1
5/10/2021 14:00,11,5,6
5/10/2021 15:00,14,5,9
5/10/2021 16:00,10,4,6
5/10/2021 17:00,27,11,16
5/10/2021 18:00,9,3,6
5/10/2021 19:00,6,3,3
5/10/2021 20:00,1,1,0
5/10/2021 21:00,7,6,1
5/10/2021 22:00,1,1,0
5/10/2021 23:00,0,0,0
5/11/2021 0:00,0,0,0
5/11/2021 1:00,0,0,0
5/11/2021 2:00,0,0,0
5/11/2021 3:00,0,0,0
5/11/2021 4:00,0,0,0
5/11/2021 5:00,0,0,0
5/11/2021 6:00,2,0,2
5/11/2021 7:00,5,2,3
5/11/2021 8:00,10,6,4
5/11/2021 9:00,4,3,1
5/11/2021 10:00,4,2,2
5/11/2021 11:00,5,1,4
5/11/2021 12:00,5,2,3
5/11/2021 13:00,3,2,1
5/11/2021 14:00,14,6,8
5/11/2021 15:00,20,10,10
5/11/2021 16:00,11,5,6
5/11/2021 17:00,29,16,13
5/11/2021 18:00,11,6,5
5/11/2021 19:00,17,7,10
5/11/2021 20:00,4,2,2
5/11/2021 21:00,2,2,0
5/11/2021 22:00,0,0,0
5/11/2021 23:00,0,0,0
5/12/2021 0:00,0,0,0
5/12/2021 1:00,0,0,0
5/12/2021 2:00,0,0,0
5/12/2021 3:00,0,0,0
5/12/2021 4:00,0,0,0
5/12/2021 5:00,1,0,1
5/12/2021 6:00,1,0,1
5/12/2021 7:00,11,6,5
5/12/2021 8:00,3,1,2
5/12/2021 9:00,5,4,1
5/12/2021 10:00,5,2,3
5/12/2021 11:00,9,5,4
5/12/2021 12:00,1,1,0
5/12/2021 13:00,6,5,1
5/12/2021 14:00,6,3,3
5/12/2021 15:00,17,7,10
5/12/2021 16:00,18,8,10
5/12/2021 17:00,15,9,6
5/12/2021 18:00,14,8,6
5/12/2021 19:00,7,4,3
5/12/2021 20:00,6,5,1
5/12/2021 21:00,3,2,1
5/12/2021 22:00,1,1,0
5/12/2021 23:00,0,0,0
5/13/2021 0:00,0,0,0
5/13/2021 1:00,0,0,0
5/13/2021 2:00,0,0,0
5/13/2021 3:00,0,0,0
5/13/2021 4:00,0,0,0
5/13/2021 5:00,0,0,0
5/13/2021 6:00,2,1,1
5/13/2021 7:00,6,4,2
5/13/2021 8:00,5,3,2
5/13/2021 9:00,4,2,2
5/13/2021 10:00,5,3,2
5/13/2021 11:00,7,4,3
5/13/2021 12:00,6,3,3
5/13/2021 13:00,5,3,2
5/13/2021 14:00,15,6,9
5/13/2021 15:00,13,7,6
5/13/2021 16:00,18,8,10
5/13/2021 17:00,22,11,11
5/13/2021 18:00,22,9,13
5/13/2021 19:00,9,4,5
5/13/2021 20:00,16,13,3
5/13/2021 21:00,3,3,0
5/13/2021 22:00,1,1,0
5/13/2021 23:00,1,1,0
5/14/2021 0:00,0,0,0
5/14/2021 1:00,0,0,0
5/14/2021 2:00,0,0,0
5/14/2021 3:00,0,0,0
5/14/2021 4:00,0,0,0
5/14/2021 5:00,1,0,1
5/14/2021 6:00,1,0,1
5/14/2021 7:00,6,2,4
5/14/2021 8:00,8,5,3
5/14/2021 9:00,7,6,1
5/14/2021 10:00,10,4,6
5/14/2021 11:00,9,5,4
5/14/2021 12:00,5,2,3
5/14/2021 13:00,10,3,7
5/14/2021 14:00,6,3,3
5/14/2021 15:00,10,6,4
5/14/2021 16:00,13,7,6
5/14/2021 17:00,22,7,15
5/14/2021 18:00,16,8,8
5/14/2021 19:00,15,6,9
5/14/2021 20:00,11,5,6
5/14/2021 21:00,8,7,1
5/14/2021 22:00,4,3,1
5/14/2021 23:00,1,1,0
5/15/2021 0:00,0,0,0
5/15/2021 1:00,0,0,0
5/15/2021 2:00,0,0,0
5/15/2021 3:00,1,1,0
5/15/2021 4:00,0,0,0
5/15/2021 5:00,0,0,0
5/15/2021 6:00,1,0,1
5/15/2021 7:00,3,0,3
5/15/2021 8:00,3,2,1
5/15/2021 9:00,6,4,2
5/15/2021 10:00,12,7,5
5/15/2021 11:00,6,2,4
5/15/2021 12:00,17,5,12
5/15/2021 13:00,14,7,7
5/15/2021 14:00,23,10,13
5/15/2021 15:00,17,6,11
5/15/2021 16:00,13,6,7
5/15/2021 17:00,16,9,7
5/15/2021 18:00,15,11,4
5/15/2021 19:00,9,3,6
5/15/2021 20:00,11,5,6
5/15/2021 21:00,3,1,2
5/15/2021 22:00,1,0,1
5/15/2021 23:00,0,0,0
5/16/2021 0:00,1,1,0
5/16/2021 1:00,0,0,0
5/16/2021 2:00,0,0,0
5/16/2021 3:00,0,0,0
5/16/2021 4:00,0,0,0
5/16/2021 5:00,0,0,0
5/16/2021 6:00,2,0,2
5/16/2021 7:00,3,2,1
5/16/2021 8:00,7,5,2
5/16/2021 9:00,15,8,7
5/16/2021 10:00,12,4,8
5/16/2021 11:00,14,6,8
5/16/2021 12:00,14,7,7
5/16/2021 13:00,16,6,10
5/16/2021 14:00,13,8,5
5/16/2021 15:00,19,6,13
5/16/2021 16:00,13,6,7
5/16/2021 17:00,11,8,3
5/16/2021 18:00,12,9,3
5/16/2021 19:00,5,5,0
5/16/2021 20:00,4,1,3
5/16/2021 21:00,3,2,1
5/16/2021 22:00,1,1,0
5/16/2021 23:00,1,1,0
5/17/2021 0:00,0,0,0
5/17/2021 1:00,0,0,0
5/17/2021 2:00,1,0,1
5/17/2021 3:00,0,0,0
5/17/2021 4:00,0,0,0
5/17/2021 5:00,0,0,0
5/17/2021 6:00,0,0,0
5/17/2021 7:00,3,3,0
5/17/2021 8:00,3,0,3
5/17/2021 9:00,5,5,0
5/17/2021 10:00,4,4,0
5/17/2021 11:00,2,2,0
5/17/2021 12:00,2,0,2
5/17/2021 13:00,6,1,5
5/17/2021 14:00,7,3,4
5/17/2021 15:00,7,4,3
5/17/2021 16:00,5,3,2
5/17/2021 17:00,10,3,7
5/17/2021 18:00,8,3,5
5/17/2021 19:00,1,1,0
5/17/2021 20:00,5,2,3
5/17/2021 21:00,1,1,0
5/17/2021 22:00,1,1,0
5/17/2021 23:00,2,2,0
5/18/2021 0:00,0,0,0
5/18/2021 1:00,0,0,0
5/18/2021 2:00,0,0,0
5/18/2021 3:00,0,0,0
5/18/2021 4:00,0,0,0
5/18/2021 5:00,0,0,0
5/18/2021 6:00,0,0,0
5/18/2021 7:00,6,3,3
5/18/2021 8:00,5,3,2
5/18/2021 9:00,6,5,1
5/18/2021 10:00,3,1,2
5/18/2021 11:00,10,4,6
5/18/2021 12:00,15,5,10
5/18/2021 13:00,7,3,4
5/18/2021 14:00,2,1,1
5/18/2021 15:00,6,2,4
5/18/2021 16:00,5,4,1
5/18/2021 17:00,7,3,4
5/18/2021 18:00,7,4,3
5/18/2021 19:00,3,3,0
5/18/2021 20:00,6,0,6
5/18/2021 21:00,3,2,1
5/18/2021 22:00,0,0,0
5/18/2021 23:00,1,1,0
5/19/2021 0:00,0,0,0
5/19/2021 1:00,0,0,0
5/19/2021 2:00,0,0,0
5/19/2021 3:00,0,0,0
5/19/2021 4:00,0,0,0
5/19/2021 5:00,1,0,1
5/19/2021 6:00,1,1,0
5/19/2021 7:00,7,3,4
5/19/2021 8:00,4,2,2
5/19/2021 9:00,4,3,1
5/19/2021 10:00,14,7,7
5/19/2021 11:00,8,3,5
5/19/2021 12:00,5,4,1
5/19/2021 13:00,5,1,4
5/19/2021 14:00,6,2,4
5/19/2021 15:00,16,12,4
5/19/2021 16:00,7,3,4
5/19/2021 17:00,13,3,10
5/19/2021 18:00,9,5,4
5/19/2021 19:00,11,5,6
5/19/2021 20:00,7,5,2
5/19/2021 21:00,0,0,0
5/19/2021 22:00,1,1,0
5/19/2021 23:00,0,0,0
5/20/2021 0:00,1,0,1
5/20/2021 1:00,0,0,0
5/20/2021 2:00,2,1,1
5/20/2021 3:00,0,0,0
5/20/2021 4:00,0,0,0
5/20/2021 5:00,0,0,0
5/20/2021 6:00,1,1,0
5/20/2021 7:00,5,4,1
5/20/2021 8:00,2,0,2
5/20/2021 9:00,4,3,1
5/20/2021 10:00,5,2,3
5/20/2021 11:00,6,3,3
5/20/2021 12:00,10,5,5
5/20/2021 13:00,4,1,3
5/20/2021 14:00,5,1,4
5/20/2021 15:00,7,3,4
5/20/2021 16:00,14,8,6
5/20/2021 17:00,11,4,7
5/20/2021 18:00,8,3,5
5/20/2021 19:00,9,6,3
5/20/2021 20:00,8,4,4
5/20/2021 21:00,4,2,2
5/20/2021 22:00,2,1,1
5/20/2021 23:00,2,0,2
5/21/2021 0:00,0,0,0
5/21/2021 1:00,0,0,0
5/21/2021 2:00,0,0,0
5/21/2021 3:00,0,0,0
5/21/2021 4:00,0,0,0
5/21/2021 5:00,1,0,1
5/21/2021 6:00,0,0,0
5/21/2021 7:00,6,1,5
5/21/2021 8:00,8,6,2
5/21/2021 9:00,8,6,2
5/21/2021 10:00,8,3,5
5/21/2021 11:00,4,1,3
5/21/2021 12:00,17,5,12
5/21/2021 13:00,7,2,5
5/21/2021 14:00,6,3,3
5/21/2021 15:00,9,6,3
5/21/2021 16:00,14,10,4
5/21/2021 17:00,13,5,8
5/21/2021 18:00,15,10,5
5/21/2021 19:00,7,4,3
5/21/2021 20:00,6,2,4
5/21/2021 21:00,1,1,0
5/21/2021 22:00,1,0,1
5/21/2021 23:00,0,0,0
5/22/2021 0:00,0,0,0
5/22/2021 1:00,0,0,0
5/22/2021 2:00,0,0,0
5/22/2021 3:00,0,0,0
5/22/2021 4:00,0,0,0
5/22/2021 5:00,0,0,0
5/22/2021 6:00,0,0,0
5/22/2021 7:00,0,0,0
5/22/2021 8:00,0,0,0
5/22/2021 9:00,0,0,0
5/22/2021 10:00,0,0,0
5/22/2021 11:00,0,0,0
5/22/2021 12:00,0,0,0
5/22/2021 13:00,8,2,6
5/22/2021 14:00,9,6,3
5/22/2021 15:00,16,12,4
5/22/2021 16:00,24,12,12
5/22/2021 17:00,13,9,4
5/22/2021 18:00,9,6,3
5/22/2021 19:00,11,5,6
5/22/2021 20:00,8,5,3
5/22/2021 21:00,1,1,0
5/22/2021 22:00,3,2,1
5/22/2021 23:00,1,1,0
5/23/2021 0:00,0,0,0
5/23/2021 1:00,0,0,0
5/23/2021 2:00,0,0,0
5/23/2021 3:00,0,0,0
5/23/2021 4:00,0,0,0
5/23/2021 5:00,0,0,0
5/23/2021 6:00,1,0,1
5/23/2021 7:00,2,1,1
5/23/2021 8:00,3,3,0
5/23/2021 9:00,3,1,2
5/23/2021 10:00,6,0,6
5/23/2021 11:00,12,8,4
5/23/2021 12:00,4,4,0
5/23/2021 13:00,8,5,3
5/23/2021 14:00,24,11,13
5/23/2021 15:00,6,4,2
5/23/2021 16:00,8,3,5
5/23/2021 17:00,11,9,2
5/23/2021 18:00,3,2,1
5/23/2021 19:00,5,3,2
5/23/2021 20:00,2,1,1
5/23/2021 21:00,2,1,1
5/23/2021 22:00,0,0,0
5/23/2021 23:00,0,0,0
5/24/2021 0:00,0,0,0
5/24/2021 1:00,0,0,0
5/24/2021 2:00,1,0,1
5/24/2021 3:00,1,1,0
5/24/2021 4:00,0,0,0
5/24/2021 5:00,0,0,0
5/24/2021 6:00,0,0,0
5/24/2021 7:00,3,1,2
5/24/2021 8:00,5,5,0
5/24/2021 9:00,6,4,2
5/24/2021 10:00,2,1,1
5/24/2021 11:00,2,1,1
5/24/2021 12:00,6,5,1
5/24/2021 13:00,2,1,1
5/24/2021 14:00,5,2,3
5/24/2021 15:00,3,1,2
5/24/2021 16:00,7,6,1
5/24/2021 17:00,13,4,9
5/24/2021 18:00,11,6,5
5/24/2021 19:00,6,1,5
5/24/2021 20:00,5,2,3
5/24/2021 21:00,2,2,0
5/24/2021 22:00,0,0,0
5/24/2021 23:00,0,0,0
5/25/2021 0:00,0,0,0
5/25/2021 1:00,0,0,0
5/25/2021 2:00,0,0,0
5/25/2021 3:00,0,0,0
5/25/2021 4:00,0,0,0
5/25/2021 5:00,0,0,0
5/25/2021 6:00,2,0,2
5/25/2021 7:00,8,4,4
5/25/2021 8:00,2,2,0
5/25/2021 9:00,3,1,2
5/25/2021 10:00,3,2,1
5/25/2021 11:00,9,4,5
5/25/2021 12:00,5,2,3
5/25/2021 13:00,5,4,1
5/25/2021 14:00,10,7,3
5/25/2021 15:00,5,2,3
5/25/2021 16:00,10,4,6
5/25/2021 17:00,12,8,4
5/25/2021 18:00,12,7,5
5/25/2021 19:00,9,6,3
5/25/2021 20:00,5,4,1
5/25/2021 21:00,2,2,0
5/25/2021 22:00,1,1,0
5/25/2021 23:00,0,0,0
5/26/2021 0:00,1,1,0
5/26/2021 1:00,0,0,0
5/26/2021 2:00,0,0,0
5/26/2021 3:00,2,2,0
5/26/2021 4:00,0,0,0
5/26/2021 5:00,1,0,1
5/26/2021 6:00,0,0,0
5/26/2021 7:00,8,4,4
5/26/2021 8:00,6,3,3
5/26/2021 9:00,7,4,3
5/26/2021 10:00,8,1,7
5/26/2021 11:00,2,2,0
5/26/2021 12:00,7,4,3
5/26/2021 13:00,10,5,5
5/26/2021 14:00,6,5,1
5/26/2021 15:00,5,0,5
5/26/2021 16:00,12,7,5
5/26/2021 17:00,9,4,5
5/26/2021 18:00,10,4,6
5/26/2021 19:00,6,3,3
5/26/2021 20:00,10,4,6
5/26/2021 21:00,5,2,3
5/26/2021 22:00,0,0,0
5/26/2021 23:00,0,0,0
5/27/2021 0:00,1,1,0
5/27/2021 1:00,0,0,0
5/27/2021 2:00,0,0,0
5/27/2021 3:00,0,0,0
5/27/2021 4:00,0,0,0
5/27/2021 5:00,1,0,1
5/27/2021 6:00,1,0,1
5/27/2021 7:00,3,2,1
5/27/2021 8:00,0,0,0
5/27/2021 9:00,0,0,0
5/27/2021 10:00,0,0,0
5/27/2021 11:00,0,0,0
5/27/2021 12:00,2,1,1
5/27/2021 13:00,2,1,1
5/27/2021 14:00,2,1,1
5/27/2021 15:00,1,1,0
5/27/2021 16:00,3,1,2
5/27/2021 17:00,5,5,0
5/27/2021 18:00,5,2,3
5/27/2021 19:00,1,0,1
5/27/2021 20:00,1,1,0
5/27/2021 21:00,0,0,0
5/27/2021 22:00,1,0,1
5/27/2021 23:00,0,0,0
5/28/2021 0:00,0,0,0
5/28/2021 1:00,0,0,0
5/28/2021 2:00,0,0,0
5/28/2021 3:00,0,0,0
5/28/2021 4:00,0,0,0
5/28/2021 5:00,1,0,1
5/28/2021 6:00,0,0,0
5/28/2021 7:00,6,3,3
5/28/2021 8:00,6,6,0
5/28/2021 9:00,3,3,0
5/28/2021 10:00,9,6,3
5/28/2021 11:00,10,1,9
5/28/2021 12:00,6,3,3
5/28/2021 13:00,5,3,2
5/28/2021 14:00,6,3,3
5/28/2021 15:00,6,3,3
5/28/2021 16:00,10,5,5
5/28/2021 17:00,11,4,7
5/28/2021 18:00,10,4,6
5/28/2021 19:00,8,2,6
5/28/2021 20:00,3,3,0
5/28/2021 21:00,5,2,3
5/28/2021 22:00,3,0,3
5/28/2021 23:00,0,0,0
5/29/2021 0:00,1,1,0
5/29/2021 1:00,0,0,0
5/29/2021 2:00,0,0,0
5/29/2021 3:00,0,0,0
5/29/2021 4:00,0,0,0
5/29/2021 5:00,0,0,0
5/29/2021 6:00,1,0,1
5/29/2021 7:00,2,1,1
5/29/2021 8:00,7,3,4
5/29/2021 9:00,5,2,3
5/29/2021 10:00,8,3,5
5/29/2021 11:00,17,11,6
5/29/2021 12:00,25,15,10
5/29/2021 13:00,15,6,9
5/29/2021 14:00,10,4,6
5/29/2021 15:00,15,9,6
5/29/2021 16:00,21,10,11
5/29/2021 17:00,12,9,3
5/29/2021 18:00,5,3,2
5/29/2021 19:00,3,1,2
5/29/2021 20:00,5,2,3
5/29/2021 21:00,1,1,0
5/29/2021 22:00,1,1,0
5/29/2021 23:00,1,0,1
5/30/2021 0:00,0,0,0
5/30/2021 1:00,1,1,0
5/30/2021 2:00,0,0,0
5/30/2021 3:00,0,0,0
5/30/2021 4:00,1,0,1
5/30/2021 5:00,0,0,0
5/30/2021 6:00,1,0,1
5/30/2021 7:00,2,1,1
5/30/2021 8:00,3,1,2
5/30/2021 9:00,4,2,2
5/30/2021 10:00,7,2,5
5/30/2021 11:00,18,6,12
5/30/2021 12:00,12,5,7
5/30/2021 13:00,6,4,2
5/30/2021 14:00,12,6,6
5/30/2021 15:00,18,10,8
5/30/2021 16:00,10,5,5
5/30/2021 17:00,15,10,5
5/30/2021 18:00,8,5,3
5/30/2021 19:00,2,0,2
5/30/2021 20:00,4,2,2
5/30/2021 21:00,1,1,0
5/30/2021 22:00,0,0,0
5/30/2021 23:00,1,0,1
5/31/2021 0:00,1,1,0
5/31/2021 1:00,2,2,0
5/31/2021 2:00,0,0,0
5/31/2021 3:00,0,0,0
5/31/2021 4:00,0,0,0
5/31/2021 5:00,0,0,0
5/31/2021 6:00,0,0,0
5/31/2021 7:00,3,1,2
5/31/2021 8:00,4,2,2
5/31/2021 9:00,4,1,3
5/31/2021 10:00,8,4,4
5/31/2021 11:00,18,10,8
5/31/2021 12:00,20,10,10
5/31/2021 13:00,12,7,5
5/31/2021 14:00,25,14,11
5/31/2021 15:00,20,12,8
5/31/2021 16:00,13,11,2
5/31/2021 17:00,11,5,6
5/31/2021 18:00,15,12,3
5/31/2021 19:00,13,10,3
5/31/2021 20:00,2,1,1
5/31/2021 21:00,2,2,0
5/31/2021 22:00,1,0,1
5/31/2021 23:00,0,0,0
6/1/2021 0:00,0,0,0
6/1/2021 1:00,0,0,0
6/1/2021 2:00,0,0,0
6/1/2021 3:00,0,0,0
6/1/2021 4:00,1,0,1
6/1/2021 5:00,1,0,1
6/1/2021 6:00,3,1,2
6/1/2021 7:00,9,5,4
6/1/2021 8:00,5,1,4
6/1/2021 9:00,3,1,2
6/1/2021 10:00,5,1,4
6/1/2021 11:00,1,0,1
6/1/2021 12:00,7,2,5
6/1/2021 13:00,6,2,4
6/1/2021 14:00,7,3,4
6/1/2021 15:00,7,5,2
6/1/2021 16:00,8,3,5
6/1/2021 17:00,23,14,9
6/1/2021 18:00,15,8,7
6/1/2021 19:00,17,8,9
6/1/2021 20:00,9,5,4
6/1/2021 21:00,7,6,1
6/1/2021 22:00,1,1,0
6/1/2021 23:00,0,0,0
6/2/2021 0:00,0,0,0
6/2/2021 1:00,0,0,0
6/2/2021 2:00,0,0,0
6/2/2021 3:00,0,0,0
6/2/2021 4:00,0,0,0
6/2/2021 5:00,1,0,1
6/2/2021 6:00,2,0,2
6/2/2021 7:00,2,1,1
6/2/2021 8:00,9,4,5
6/2/2021 9:00,8,4,4
6/2/2021 10:00,9,2,7
6/2/2021 11:00,12,5,7
6/2/2021 12:00,3,1,2
6/2/2021 13:00,8,5,3
6/2/2021 14:00,11,4,7
6/2/2021 15:00,5,1,4
6/2/2021 16:00,19,9,10
6/2/2021 17:00,15,5,10
6/2/2021 18:00,18,7,11
6/2/2021 19:00,8,4,4
6/2/2021 20:00,14,9,5
6/2/2021 21:00,5,3,2
6/2/2021 22:00,5,3,2
6/2/2021 23:00,1,1,0
6/3/2021 0:00,1,0,1
6/3/2021 1:00,1,1,0
6/3/2021 2:00,2,0,2
6/3/2021 3:00,0,0,0
6/3/2021 4:00,0,0,0
6/3/2021 5:00,1,0,1
6/3/2021 6:00,0,0,0
6/3/2021 7:00,8,3,5
6/3/2021 8:00,10,7,3
6/3/2021 9:00,4,4,0
6/3/2021 10:00,4,1,3
6/3/2021 11:00,8,2,6
6/3/2021 12:00,13,4,9
6/3/2021 13:00,7,5,2
6/3/2021 14:00,8,3,5
6/3/2021 15:00,13,10,3
6/3/2021 16:00,17,9,8
6/3/2021 17:00,21,11,10
6/3/2021 18:00,12,1,11
6/3/2021 19:00,16,7,9
6/3/2021 20:00,11,4,7
6/3/2021 21:00,4,3,1
6/3/2021 22:00,3,2,1
6/3/2021 23:00,2,2,0
6/4/2021 0:00,0,0,0
6/4/2021 1:00,0,0,0
6/4/2021 2:00,0,0,0
6/4/2021 3:00,0,0,0
6/4/2021 4:00,0,0,0
6/4/2021 5:00,1,0,1
6/4/2021 6:00,0,0,0
6/4/2021 7:00,4,2,2
6/4/2021 8:00,10,3,7
6/4/2021 9:00,12,5,7
6/4/2021 10:00,3,1,2
6/4/2021 11:00,4,2,2
6/4/2021 12:00,6,1,5
6/4/2021 13:00,7,3,4
6/4/2021 14:00,11,7,4
6/4/2021 15:00,5,2,3
6/4/2021 16:00,13,6,7
6/4/2021 17:00,13,6,7
6/4/2021 18:00,16,10,6
6/4/2021 19:00,12,6,6
6/4/2021 20:00,6,4,2
6/4/2021 21:00,1,1,0
6/4/2021 22:00,4,1,3
6/4/2021 23:00,0,0,0
6/5/2021 0:00,0,0,0
6/5/2021 1:00,0,0,0
6/5/2021 2:00,0,0,0
6/5/2021 3:00,0,0,0
6/5/2021 4:00,0,0,0
6/5/2021 5:00,0,0,0
6/5/2021 6:00,1,1,0
6/5/2021 7:00,4,1,3
6/5/2021 8:00,2,2,0
6/5/2021 9:00,5,5,0
6/5/2021 10:00,11,4,7
6/5/2021 11:00,11,5,6
6/5/2021 12:00,7,4,3
6/5/2021 13:00,5,3,2
6/5/2021 14:00,5,3,2
6/5/2021 15:00,8,4,4
6/5/2021 16:00,10,4,6
6/5/2021 17:00,8,6,2
6/5/2021 18:00,2,1,1
6/5/2021 19:00,3,1,2
6/5/2021 20:00,2,1,1
6/5/2021 21:00,0,0,0
6/5/2021 22:00,1,0,1
6/5/2021 23:00,0,0,0
6/6/2021 0:00,1,0,1
6/6/2021 1:00,0,0,0
6/6/2021 2:00,0,0,0
6/6/2021 3:00,0,0,0
6/6/2021 4:00,0,0,0
6/6/2021 5:00,0,0,0
6/6/2021 6:00,0,0,0
6/6/2021 7:00,2,0,2
6/6/2021 8:00,2,2,0
6/6/2021 9:00,8,2,6
6/6/2021 10:00,4,2,2
6/6/2021 11:00,7,2,5
6/6/2021 12:00,9,3,6
6/6/2021 13:00,4,2,2
6/6/2021 14:00,5,1,4
6/6/2021 15:00,3,0,3
6/6/2021 16:00,7,3,4
6/6/2021 17:00,6,6,0
6/6/2021 18:00,3,3,0
6/6/2021 19:00,3,3,0
6/6/2021 20:00,5,2,3
6/6/2021 21:00,2,1,1
6/6/2021 22:00,0,0,0
6/6/2021 23:00,0,0,0
6/7/2021 0:00,0,0,0
6/7/2021 1:00,1,1,0
6/7/2021 2:00,1,0,1
6/7/2021 3:00,0,0,0
6/7/2021 4:00,0,0,0
6/7/2021 5:00,0,0,0
6/7/2021 6:00,0,0,0
6/7/2021 7:00,3,2,1
6/7/2021 8:00,5,2,3
6/7/2021 9:00,3,1,2
6/7/2021 10:00,4,3,1
6/7/2021 11:00,9,6,3
6/7/2021 12:00,7,4,3
6/7/2021 13:00,6,3,3
6/7/2021 14:00,9,5,4
6/7/2021 15:00,15,5,10
6/7/2021 16:00,15,7,8
6/7/2021 17:00,16,9,7
6/7/2021 18:00,12,6,6
6/7/2021 19:00,7,4,3
6/7/2021 20:00,3,1,2
6/7/2021 21:00,1,0,1
6/7/2021 22:00,1,1,0
6/7/2021 23:00,0,0,0
6/8/2021 0:00,0,0,0
6/8/2021 1:00,0,0,0
6/8/2021 2:00,0,0,0
6/8/2021 3:00,0,0,0
6/8/2021 4:00,0,0,0
6/8/2021 5:00,1,0,1
6/8/2021 6:00,2,1,1
6/8/2021 7:00,4,2,2
6/8/2021 8:00,5,4,1
6/8/2021 9:00,4,3,1
6/8/2021 10:00,8,1,7
6/8/2021 11:00,8,3,5
6/8/2021 12:00,17,13,4
6/8/2021 13:00,9,5,4
6/8/2021 14:00,6,3,3
6/8/2021 15:00,8,4,4
6/8/2021 16:00,15,6,9
6/8/2021 17:00,22,10,12
6/8/2021 18:00,15,8,7
6/8/2021 19:00,8,5,3
6/8/2021 20:00,5,3,2
6/8/2021 21:00,1,0,1
6/8/2021 22:00,2,1,1
6/8/2021 23:00,1,1,0
6/9/2021 0:00,0,0,0
6/9/2021 1:00,0,0,0
6/9/2021 2:00,0,0,0
6/9/2021 3:00,0,0,0
6/9/2021 4:00,0,0,0
6/9/2021 5:00,1,0,1
6/9/2021 6:00,0,0,0
6/9/2021 7:00,8,4,4
6/9/2021 8:00,9,3,6
6/9/2021 9:00,4,4,0
6/9/2021 10:00,8,1,7
6/9/2021 11:00,5,2,3
6/9/2021 12:00,8,4,4
6/9/2021 13:00,8,3,5
6/9/2021 14:00,6,1,5
6/9/2021 15:00,15,11,4
6/9/2021 16:00,14,5,9
6/9/2021 17:00,16,6,10
6/9/2021 18:00,14,4,10
6/9/2021 19:00,11,4,7
6/9/2021 20:00,14,4,10
6/9/2021 21:00,6,6,0
6/9/2021 22:00,1,0,1
6/9/2021 23:00,1,0,1
6/10/2021 0:00,0,0,0
6/10/2021 1:00,0,0,0
6/10/2021 2:00,0,0,0
6/10/2021 3:00,0,0,0
6/10/2021 4:00,0,0,0
6/10/2021 5:00,1,0,1
6/10/2021 6:00,3,1,2
6/10/2021 7:00,4,3,1
6/10/2021 8:00,8,6,2
6/10/2021 9:00,6,3,3
6/10/2021 10:00,7,1,6
6/10/2021 11:00,7,3,4
6/10/2021 12:00,8,5,3
6/10/2021 13:00,3,1,2
6/10/2021 14:00,10,7,3
6/10/2021 15:00,5,3,2
6/10/2021 16:00,15,7,8
6/10/2021 17:00,15,5,10
6/10/2021 18:00,13,3,10
6/10/2021 19:00,12,7,5
6/10/2021 20:00,11,5,6
6/10/2021 21:00,2,0,2
6/10/2021 22:00,0,0,0
6/10/2021 23:00,3,1,2
6/11/2021 0:00,0,0,0
6/11/2021 1:00,0,0,0
6/11/2021 2:00,0,0,0
6/11/2021 3:00,0,0,0
6/11/2021 4:00,0,0,0
6/11/2021 5:00,0,0,0
6/11/2021 6:00,2,0,2
6/11/2021 7:00,4,3,1
6/11/2021 8:00,2,2,0
6/11/2021 9:00,2,2,0
6/11/2021 10:00,9,4,5
6/11/2021 11:00,2,1,1
6/11/2021 12:00,3,2,1
6/11/2021 13:00,4,1,3
6/11/2021 14:00,6,1,5
6/11/2021 15:00,3,3,0
6/11/2021 16:00,3,2,1
6/11/2021 17:00,9,6,3
6/11/2021 18:00,5,4,1
6/11/2021 19:00,3,3,0
6/11/2021 20:00,1,1,0
6/11/2021 21:00,2,0,2
6/11/2021 22:00,2,1,1
6/11/2021 23:00,1,0,1
6/12/2021 0:00,2,2,0
6/12/2021 1:00,0,0,0
6/12/2021 2:00,0,0,0
6/12/2021 3:00,0,0,0
6/12/2021 4:00,1,0,1
6/12/2021 5:00,0,0,0
6/12/2021 6:00,2,1,1
6/12/2021 7:00,6,3,3
6/12/2021 8:00,5,1,4
6/12/2021 9:00,7,2,5
6/12/2021 10:00,10,4,6
6/12/2021 11:00,9,3,6
6/12/2021 12:00,16,7,9
6/12/2021 13:00,13,4,9
6/12/2021 14:00,28,13,15
6/12/2021 15:00,19,10,9
6/12/2021 16:00,9,5,4
6/12/2021 17:00,20,16,4
6/12/2021 18:00,5,3,2
6/12/2021 19:00,12,5,7
6/12/2021 20:00,7,4,3
6/12/2021 21:00,5,2,3
6/12/2021 22:00,2,0,2
6/12/2021 23:00,2,1,1
6/13/2021 0:00,0,0,0
6/13/2021 1:00,0,0,0
6/13/2021 2:00,0,0,0
6/13/2021 3:00,1,0,1
6/13/2021 4:00,0,0,0
6/13/2021 5:00,0,0,0
6/13/2021 6:00,1,0,1
6/13/2021 7:00,0,0,0
6/13/2021 8:00,0,0,0
6/13/2021 9:00,1,1,0
6/13/2021 10:00,9,4,5
6/13/2021 11:00,7,2,5
6/13/2021 12:00,8,6,2
6/13/2021 13:00,17,8,9
6/13/2021 14:00,5,1,4
6/13/2021 15:00,10,6,4
6/13/2021 16:00,2,2,0
6/13/2021 17:00,8,3,5
6/13/2021 18:00,1,1,0
6/13/2021 19:00,4,3,1
6/13/2021 20:00,1,1,0
6/13/2021 21:00,1,1,0
6/13/2021 22:00,1,0,1
6/13/2021 23:00,0,0,0
6/14/2021 0:00,0,0,0
6/14/2021 1:00,1,0,1
6/14/2021 2:00,0,0,0
6/14/2021 3:00,0,0,0
6/14/2021 4:00,1,0,1
6/14/2021 5:00,0,0,0
6/14/2021 6:00,0,0,0
6/14/2021 7:00,3,1,2
6/14/2021 8:00,4,4,0
6/14/2021 9:00,6,3,3
6/14/2021 10:00,3,2,1
6/14/2021 11:00,3,3,0
6/14/2021 12:00,6,3,3
6/14/2021 13:00,3,3,0
6/14/2021 14:00,2,0,2
6/14/2021 15:00,9,2,7
6/14/2021 16:00,4,2,2
6/14/2021 17:00,14,6,8
6/14/2021 18:00,12,5,7
6/14/2021 19:00,8,6,2
6/14/2021 20:00,2,1,1
6/14/2021 21:00,2,2,0
6/14/2021 22:00,3,2,1
6/14/2021 23:00,0,0,0
6/15/2021 0:00,0,0,0
6/15/2021 1:00,0,0,0
6/15/2021 2:00,0,0,0
6/15/2021 3:00,0,0,0
6/15/2021 4:00,0,0,0
6/15/2021 5:00,0,0,0
6/15/2021 6:00,0,0,0
6/15/2021 7:00,0,0,0
6/15/2021 8:00,0,0,0
6/15/2021 9:00,0,0,0
6/15/2021 10:00,0,0,0
6/15/2021 11:00,0,0,0
6/15/2021 12:00,0,0,0
6/15/2021 13:00,0,0,0
6/15/2021 14:00,0,0,0
6/15/2021 15:00,0,0,0
6/15/2021 16:00,0,0,0
6/15/2021 17:00,0,0,0
6/15/2021 18:00,0,0,0
6/15/2021 19:00,0,0,0
6/15/2021 20:00,0,0,0
6/15/2021 21:00,0,0,0
6/15/2021 22:00,0,0,0
6/15/2021 23:00,0,0,0
6/16/2021 0:00,0,0,0
6/16/2021 1:00,0,0,0
6/16/2021 2:00,0,0,0
6/16/2021 3:00,0,0,0
6/16/2021 4:00,0,0,0
6/16/2021 5:00,0,0,0
6/16/2021 6:00,0,0,0
6/16/2021 7:00,0,0,0
6/16/2021 8:00,0,0,0
6/16/2021 9:00,0,0,0
6/16/2021 10:00,0,0,0
6/16/2021 11:00,0,0,0
6/16/2021 12:00,0,0,0
6/16/2021 13:00,0,0,0
6/16/2021 14:00,0,0,0
6/16/2021 15:00,0,0,0
6/16/2021 16:00,0,0,0
6/16/2021 17:00,0,0,0
6/16/2021 18:00,0,0,0
6/16/2021 19:00,0,0,0
6/16/2021 20:00,0,0,0
6/16/2021 21:00,0,0,0
6/16/2021 22:00,0,0,0
6/16/2021 23:00,0,0,0
6/17/2021 0:00,0,0,0
6/17/2021 1:00,0,0,0
6/17/2021 2:00,0,0,0
6/17/2021 3:00,0,0,0
6/17/2021 4:00,0,0,0
6/17/2021 5:00,0,0,0
6/17/2021 6:00,0,0,0
6/17/2021 7:00,0,0,0
6/17/2021 8:00,0,0,0
6/17/2021 9:00,0,0,0
6/17/2021 10:00,4,1,3
6/17/2021 11:00,6,4,2
6/17/2021 12:00,8,6,2
6/17/2021 13:00,7,2,5
6/17/2021 14:00,7,4,3
6/17/2021 15:00,12,4,8
6/17/2021 16:00,12,5,7
6/17/2021 17:00,25,9,16
6/17/2021 18:00,16,8,8
6/17/2021 19:00,14,12,2
6/17/2021 20:00,7,5,2
6/17/2021 21:00,7,3,4
6/17/2021 22:00,0,0,0
6/17/2021 23:00,0,0,0
6/18/2021 0:00,0,0,0
6/18/2021 1:00,0,0,0
6/18/2021 2:00,0,0,0
6/18/2021 3:00,0,0,0
6/18/2021 4:00,0,0,0
6/18/2021 5:00,0,0,0
6/18/2021 6:00,3,0,3
6/18/2021 7:00,1,0,1
6/18/2021 8:00,8,5,3
6/18/2021 9:00,10,7,3
6/18/2021 10:00,6,0,6
6/18/2021 11:00,15,7,8
6/18/2021 12:00,13,6,7
6/18/2021 13:00,15,9,6
6/18/2021 14:00,15,5,10
6/18/2021 15:00,16,5,11
6/18/2021 16:00,14,7,7
6/18/2021 17:00,14,6,8
6/18/2021 18:00,11,3,8
6/18/2021 19:00,7,3,4
6/18/2021 20:00,2,2,0
6/18/2021 21:00,4,2,2
6/18/2021 22:00,0,0,0
6/18/2021 23:00,1,1,0
6/19/2021 0:00,0,0,0
6/19/2021 1:00,0,0,0
6/19/2021 2:00,2,0,2
6/19/2021 3:00,0,0,0
6/19/2021 4:00,0,0,0
6/19/2021 5:00,0,0,0
6/19/2021 6:00,2,0,2
6/19/2021 7:00,3,2,1
6/19/2021 8:00,1,0,1
6/19/2021 9:00,7,4,3
6/19/2021 10:00,4,3,1
6/19/2021 11:00,9,2,7
6/19/2021 12:00,14,6,8
6/19/2021 13:00,19,7,12
6/19/2021 14:00,9,3,6
6/19/2021 15:00,16,6,10
6/19/2021 16:00,14,8,6
6/19/2021 17:00,7,4,3
6/19/2021 18:00,9,4,5
6/19/2021 19:00,16,9,7
6/19/2021 20:00,3,2,1
6/19/2021 21:00,6,3,3
6/19/2021 22:00,4,1,3
6/19/2021 23:00,2,2,0
6/20/2021 0:00,0,0,0
6/20/2021 1:00,0,0,0
6/20/2021 2:00,0,0,0
6/20/2021 3:00,0,0,0
6/20/2021 4:00,1,1,0
6/20/2021 5:00,1,0,1
6/20/2021 6:00,0,0,0
6/20/2021 7:00,1,1,0
6/20/2021 8:00,3,0,3
6/20/2021 9:00,10,5,5
6/20/2021 10:00,11,1,10
6/20/2021 11:00,15,5,10
6/20/2021 12:00,15,11,4
6/20/2021 13:00,20,9,11
6/20/2021 14:00,20,9,11
6/20/2021 15:00,9,1,8
6/20/2021 16:00,23,14,9
6/20/2021 17:00,19,14,5
6/20/2021 18:00,12,8,4
6/20/2021 19:00,4,3,1
6/20/2021 20:00,10,5,5
6/20/2021 21:00,3,3,0
6/20/2021 22:00,2,1,1
6/20/2021 23:00,1,1,0
6/21/2021 0:00,0,0,0
6/21/2021 1:00,0,0,0
6/21/2021 2:00,1,0,1
6/21/2021 3:00,0,0,0
6/21/2021 4:00,0,0,0
6/21/2021 5:00,0,0,0
6/21/2021 6:00,1,0,1
6/21/2021 7:00,3,2,1
6/21/2021 8:00,12,7,5
6/21/2021 9:00,7,6,1
6/21/2021 10:00,7,2,5
6/21/2021 11:00,7,2,5
6/21/2021 12:00,8,5,3
6/21/2021 13:00,7,3,4
6/21/2021 14:00,10,7,3
6/21/2021 15:00,6,3,3
6/21/2021 16:00,18,7,11
6/21/2021 17:00,10,8,2
6/21/2021 18:00,15,8,7
6/21/2021 19:00,1,1,0
6/21/2021 20:00,1,1,0
6/21/2021 21:00,8,7,1
6/21/2021 22:00,2,1,1
6/21/2021 23:00,0,0,0
6/22/2021 0:00,0,0,0
6/22/2021 1:00,0,0,0
6/22/2021 2:00,0,0,0
6/22/2021 3:00,0,0,0
6/22/2021 4:00,0,0,0
6/22/2021 5:00,0,0,0
6/22/2021 6:00,3,2,1
6/22/2021 7:00,6,1,5
6/22/2021 8:00,15,6,9
6/22/2021 9:00,5,3,2
6/22/2021 10:00,8,3,5
6/22/2021 11:00,17,5,12
6/22/2021 12:00,12,6,6
6/22/2021 13:00,8,4,4
6/22/2021 14:00,10,3,7
6/22/2021 15:00,16,12,4
6/22/2021 16:00,8,3,5
6/22/2021 17:00,14,9,5
6/22/2021 18:00,17,5,12
6/22/2021 19:00,6,3,3
6/22/2021 20:00,15,6,9
6/22/2021 21:00,10,7,3
6/22/2021 22:00,1,0,1
6/22/2021 23:00,1,1,0
6/23/2021 0:00,1,1,0
6/23/2021 1:00,0,0,0
6/23/2021 2:00,0,0,0
6/23/2021 3:00,0,0,0
6/23/2021 4:00,0,0,0
6/23/2021 5:00,0,0,0
6/23/2021 6:00,1,0,1
6/23/2021 7:00,2,1,1
6/23/2021 8:00,7,4,3
6/23/2021 9:00,9,4,5
6/23/2021 10:00,7,4,3
6/23/2021 11:00,7,2,5
6/23/2021 12:00,5,3,2
6/23/2021 13:00,5,1,4
6/23/2021 14:00,14,8,6
6/23/2021 15:00,8,1,7
6/23/2021 16:00,17,8,9
6/23/2021 17:00,22,14,8
6/23/2021 18:00,14,6,8
6/23/2021 19:00,11,8,3
6/23/2021 20:00,8,2,6
6/23/2021 21:00,8,5,3
6/23/2021 22:00,2,0,2
6/23/2021 23:00,2,2,0
6/24/2021 0:00,0,0,0
6/24/2021 1:00,0,0,0
6/24/2021 2:00,0,0,0
6/24/2021 3:00,0,0,0
6/24/2021 4:00,2,0,2
6/24/2021 5:00,0,0,0
6/24/2021 6:00,3,2,1
6/24/2021 7:00,4,2,2
6/24/2021 8:00,5,3,2
6/24/2021 9:00,7,4,3
6/24/2021 10:00,17,9,8
6/24/2021 11:00,7,2,5
6/24/2021 12:00,12,8,4
6/24/2021 13:00,10,5,5
6/24/2021 14:00,2,2,0
6/24/2021 15:00,5,2,3
6/24/2021 16:00,18,8,10
6/24/2021 17:00,17,9,8
6/24/2021 18:00,17,9,8
6/24/2021 19:00,9,3,6
6/24/2021 20:00,6,3,3
6/24/2021 21:00,7,4,3
6/24/2021 22:00,2,1,1
6/24/2021 23:00,1,1,0
6/25/2021 0:00,0,0,0
6/25/2021 1:00,2,2,0
6/25/2021 2:00,0,0,0
6/25/2021 3:00,0,0,0
6/25/2021 4:00,1,0,1
6/25/2021 5:00,2,1,1
6/25/2021 6:00,1,1,0
6/25/2021 7:00,4,0,4
6/25/2021 8:00,5,3,2
6/25/2021 9:00,8,6,2
6/25/2021 10:00,16,12,4
6/25/2021 11:00,11,2,9
6/25/2021 12:00,11,7,4
6/25/2021 13:00,11,3,8
6/25/2021 14:00,8,4,4
6/25/2021 15:00,7,4,3
6/25/2021 16:00,10,7,3
6/25/2021 17:00,20,10,10
6/25/2021 18:00,9,5,4
6/25/2021 19:00,9,4,5
6/25/2021 20:00,8,3,5
6/25/2021 21:00,6,3,3
6/25/2021 22:00,3,3,0
6/25/2021 23:00,0,0,0
6/26/2021 0:00,0,0,0
6/26/2021 1:00,1,0,1
6/26/2021 2:00,0,0,0
6/26/2021 3:00,2,2,0
6/26/2021 4:00,1,1,0
6/26/2021 5:00,0,0,0
6/26/2021 6:00,3,1,2
6/26/2021 7:00,5,1,4
6/26/2021 8:00,4,0,4
6/26/2021 9:00,10,4,6
6/26/2021 10:00,33,6,27
6/26/2021 11:00,4,2,2
6/26/2021 12:00,14,10,4
6/26/2021 13:00,12,4,8
6/26/2021 14:00,5,2,3
6/26/2021 15:00,9,4,5
6/26/2021 16:00,3,2,1
6/26/2021 17:00,2,1,1
6/26/2021 18:00,11,7,4
6/26/2021 19:00,7,6,1
6/26/2021 20:00,1,0,1
6/26/2021 21:00,7,4,3
6/26/2021 22:00,2,2,0
6/26/2021 23:00,3,2,1
6/27/2021 0:00,1,0,1
6/27/2021 1:00,0,0,0
6/27/2021 2:00,0,0,0
6/27/2021 3:00,0,0,0
6/27/2021 4:00,1,1,0
6/27/2021 5:00,0,0,0
6/27/2021 6:00,4,2,2
6/27/2021 7:00,1,0,1
6/27/2021 8:00,8,2,6
6/27/2021 9:00,8,3,5
6/27/2021 10:00,14,5,9
6/27/2021 11:00,17,10,7
6/27/2021 12:00,13,10,3
6/27/2021 13:00,10,4,6
6/27/2021 14:00,5,1,4
6/27/2021 15:00,1,0,1
6/27/2021 16:00,4,2,2
6/27/2021 17:00,5,3,2
6/27/2021 18:00,1,0,1
6/27/2021 19:00,3,3,0
6/27/2021 20:00,2,2,0
6/27/2021 21:00,5,3,2
6/27/2021 22:00,1,0,1
6/27/2021 23:00,0,0,0
6/28/2021 0:00,0,0,0
6/28/2021 1:00,1,1,0
6/28/2021 2:00,0,0,0
6/28/2021 3:00,0,0,0
6/28/2021 4:00,1,0,1
6/28/2021 5:00,0,0,0
6/28/2021 6:00,1,0,1
6/28/2021 7:00,7,4,3
6/28/2021 8:00,6,2,4
6/28/2021 9:00,9,5,4
6/28/2021 10:00,2,1,1
6/28/2021 11:00,3,2,1
6/28/2021 12:00,6,3,3
6/28/2021 13:00,3,2,1
6/28/2021 14:00,3,1,2
6/28/2021 15:00,7,2,5
6/28/2021 16:00,6,2,4
6/28/2021 17:00,5,3,2
6/28/2021 18:00,2,1,1
6/28/2021 19:00,4,3,1
6/28/2021 20:00,4,1,3
6/28/2021 21:00,1,1,0
6/28/2021 22:00,1,1,0
6/28/2021 23:00,0,0,0
6/29/2021 0:00,0,0,0
6/29/2021 1:00,1,0,1
6/29/2021 2:00,1,0,1
6/29/2021 3:00,0,0,0
6/29/2021 4:00,0,0,0
6/29/2021 5:00,1,0,1
6/29/2021 6:00,0,0,0
6/29/2021 7:00,11,5,6
6/29/2021 8:00,7,3,4
6/29/2021 9:00,6,5,1
6/29/2021 10:00,11,6,5
6/29/2021 11:00,6,3,3
6/29/2021 12:00,5,3,2
6/29/2021 13:00,7,3,4
6/29/2021 14:00,4,2,2
6/29/2021 15:00,7,3,4
6/29/2021 16:00,8,5,3
6/29/2021 17:00,12,5,7
6/29/2021 18:00,16,5,11
6/29/2021 19:00,6,4,2
6/29/2021 20:00,2,1,1
6/29/2021 21:00,7,5,2
6/29/2021 22:00,2,1,1
6/29/2021 23:00,4,3,1
6/30/2021 0:00,1,1,0
6/30/2021 1:00,1,0,1
6/30/2021 2:00,0,0,0
6/30/2021 3:00,0,0,0
6/30/2021 4:00,1,1,0
6/30/2021 5:00,0,0,0
6/30/2021 6:00,2,0,2
6/30/2021 7:00,6,5,1
6/30/2021 8:00,2,1,1
6/30/2021 9:00,0,0,0
6/30/2021 10:00,0,0,0
6/30/2021 11:00,0,0,0
6/30/2021 12:00,0,0,0
6/30/2021 13:00,0,0,0
6/30/2021 14:00,0,0,0
6/30/2021 15:00,0,0,0
6/30/2021 16:00,4,1,3
6/30/2021 17:00,17,9,8
6/30/2021 18:00,10,4,6
6/30/2021 19:00,11,7,4
6/30/2021 20:00,9,3,6
6/30/2021 21:00,8,5,3
6/30/2021 22:00,0,0,0
6/30/2021 23:00,2,0,2
7/1/2021 0:00,2,0,2
7/1/2021 1:00,0,0,0
7/1/2021 2:00,0,0,0
7/1/2021 3:00,0,0,0
7/1/2021 4:00,0,0,0
7/1/2021 5:00,3,0,3
7/1/2021 6:00,1,0,1
7/1/2021 7:00,5,3,2
7/1/2021 8:00,6,4,2
7/1/2021 9:00,12,6,6
7/1/2021 10:00,9,5,4
7/1/2021 11:00,6,1,5
7/1/2021 12:00,13,8,5
7/1/2021 13:00,7,5,2
7/1/2021 14:00,7,4,3
7/1/2021 15:00,5,0,5
7/1/2021 16:00,19,12,7
7/1/2021 17:00,19,7,12
7/1/2021 18:00,13,7,6
7/1/2021 19:00,6,3,3
7/1/2021 20:00,6,0,6
7/1/2021 21:00,3,1,2
7/1/2021 22:00,5,4,1
7/1/2021 23:00,3,0,3
7/2/2021 0:00,1,1,0
7/2/2021 1:00,0,0,0
7/2/2021 2:00,0,0,0
7/2/2021 3:00,0,0,0
7/2/2021 4:00,0,0,0
7/2/2021 5:00,1,1,0
7/2/2021 6:00,3,1,2
7/2/2021 7:00,9,5,4
7/2/2021 8:00,9,7,2
7/2/2021 9:00,8,6,2
7/2/2021 10:00,9,3,6
7/2/2021 11:00,7,5,2
7/2/2021 12:00,3,3,0
7/2/2021 13:00,6,3,3
7/2/2021 14:00,11,6,5
7/2/2021 15:00,7,2,5
7/2/2021 16:00,11,4,7
7/2/2021 17:00,13,3,10
7/2/2021 18:00,13,7,6
7/2/2021 19:00,11,5,6
7/2/2021 20:00,6,3,3
7/2/2021 21:00,5,5,0
7/2/2021 22:00,5,2,3
7/2/2021 23:00,0,0,0
7/3/2021 0:00,1,0,1
7/3/2021 1:00,1,1,0
7/3/2021 2:00,0,0,0
7/3/2021 3:00,0,0,0
7/3/2021 4:00,0,0,0
7/3/2021 5:00,1,0,1
7/3/2021 6:00,0,0,0
7/3/2021 7:00,6,3,3
7/3/2021 8:00,3,3,0
7/3/2021 9:00,4,3,1
7/3/2021 10:00,9,3,6
7/3/2021 11:00,11,7,4
7/3/2021 12:00,6,3,3
7/3/2021 13:00,6,3,3
7/3/2021 14:00,10,4,6
7/3/2021 15:00,9,4,5
7/3/2021 16:00,9,2,7
7/3/2021 17:00,13,4,9
7/3/2021 18:00,8,3,5
7/3/2021 19:00,6,2,4
7/3/2021 20:00,2,1,1
7/3/2021 21:00,5,3,2
7/3/2021 22:00,2,0,2
7/3/2021 23:00,2,0,2
7/4/2021 0:00,1,0,1
7/4/2021 1:00,0,0,0
7/4/2021 2:00,0,0,0
7/4/2021 3:00,2,0,2
7/4/2021 4:00,0,0,0
7/4/2021 5:00,0,0,0
7/4/2021 6:00,1,1,0
7/4/2021 7:00,3,1,2
7/4/2021 8:00,3,1,2
7/4/2021 9:00,6,4,2
7/4/2021 10:00,13,3,10
7/4/2021 11:00,18,10,8
7/4/2021 12:00,10,6,4
7/4/2021 13:00,17,4,13
7/4/2021 14:00,11,6,5
7/4/2021 15:00,11,5,6
7/4/2021 16:00,9,2,7
7/4/2021 17:00,14,11,3
7/4/2021 18:00,8,4,4
7/4/2021 19:00,10,6,4
7/4/2021 20:00,6,4,2
7/4/2021 21:00,4,0,4
7/4/2021 22:00,2,2,0
7/4/2021 23:00,1,1,0
7/5/2021 0:00,2,2,0
7/5/2021 1:00,0,0,0
7/5/2021 2:00,2,1,1
7/5/2021 3:00,2,1,1
7/5/2021 4:00,0,0,0
7/5/2021 5:00,0,0,0
7/5/2021 6:00,1,0,1
7/5/2021 7:00,2,1,1
7/5/2021 8:00,7,3,4
7/5/2021 9:00,10,3,7
7/5/2021 10:00,4,1,3
7/5/2021 11:00,12,7,5
7/5/2021 12:00,12,7,5
7/5/2021 13:00,12,6,6
7/5/2021 14:00,9,5,4
7/5/2021 15:00,20,10,10
7/5/2021 16:00,22,11,11
7/5/2021 17:00,17,12,5
7/5/2021 18:00,14,11,3
7/5/2021 19:00,9,3,6
7/5/2021 20:00,2,1,1
7/5/2021 21:00,3,1,2
7/5/2021 22:00,0,0,0
7/5/2021 23:00,0,0,0
7/6/2021 0:00,0,0,0
7/6/2021 1:00,0,0,0
7/6/2021 2:00,0,0,0
7/6/2021 3:00,0,0,0
7/6/2021 4:00,0,0,0
7/6/2021 5:00,0,0,0
7/6/2021 6:00,0,0,0
7/6/2021 7:00,1,1,0
7/6/2021 8:00,2,1,1
7/6/2021 9:00,1,0,1
7/6/2021 10:00,0,0,0
7/6/2021 11:00,0,0,0
7/6/2021 12:00,1,1,0
7/6/2021 13:00,0,0,0
7/6/2021 14:00,0,0,0
7/6/2021 15:00,0,0,0
7/6/2021 16:00,1,1,0
7/6/2021 17:00,0,0,0
7/6/2021 18:00,0,0,0
7/6/2021 19:00,2,1,1
7/6/2021 20:00,6,2,4
7/6/2021 21:00,4,2,2
7/6/2021 22:00,0,0,0
7/6/2021 23:00,0,0,0
7/7/2021 0:00,0,0,0
7/7/2021 1:00,0,0,0
7/7/2021 2:00,0,0,0
7/7/2021 3:00,0,0,0
7/7/2021 4:00,0,0,0
7/7/2021 5:00,0,0,0
7/7/2021 6:00,0,0,0
7/7/2021 7:00,0,0,0
7/7/2021 8:00,0,0,0
7/7/2021 9:00,0,0,0
7/7/2021 10:00,0,0,0
7/7/2021 11:00,0,0,0
7/7/2021 12:00,0,0,0
7/7/2021 13:00,0,0,0
7/7/2021 14:00,0,0,0
7/7/2021 15:00,0,0,0
7/7/2021 16:00,0,0,0
7/7/2021 17:00,0,0,0
7/7/2021 18:00,0,0,0
7/7/2021 19:00,0,0,0
7/7/2021 20:00,0,0,0
7/7/2021 21:00,0,0,0
7/7/2021 22:00,0,0,0
7/7/2021 23:00,0,0,0
7/8/2021 0:00,0,0,0
7/8/2021 1:00,0,0,0
7/8/2021 2:00,0,0,0
7/8/2021 3:00,0,0,0
7/8/2021 4:00,0,0,0
7/8/2021 5:00,0,0,0
7/8/2021 6:00,0,0,0
7/8/2021 7:00,0,0,0
7/8/2021 8:00,0,0,0
7/8/2021 9:00,0,0,0
7/8/2021 10:00,0,0,0
7/8/2021 11:00,0,0,0
7/8/2021 12:00,0,0,0
7/8/2021 13:00,0,0,0
7/8/2021 14:00,0,0,0
7/8/2021 15:00,0,0,0
7/8/2021 16:00,0,0,0
7/8/2021 17:00,4,3,1
7/8/2021 18:00,19,10,9
7/8/2021 19:00,10,6,4
7/8/2021 20:00,8,3,5
7/8/2021 21:00,5,4,1
7/8/2021 22:00,7,5,2
7/8/2021 23:00,0,0,0
7/9/2021 0:00,0,0,0
7/9/2021 1:00,0,0,0
7/9/2021 2:00,2,1,1
7/9/2021 3:00,0,0,0
7/9/2021 4:00,0,0,0
7/9/2021 5:00,1,0,1
7/9/2021 6:00,0,0,0
7/9/2021 7:00,6,4,2
7/9/2021 8:00,9,6,3
7/9/2021 9:00,11,8,3
7/9/2021 10:00,8,4,4
7/9/2021 11:00,6,3,3
7/9/2021 12:00,4,0,4
7/9/2021 13:00,8,3,5
7/9/2021 14:00,10,8,2
7/9/2021 15:00,17,5,12
7/9/2021 16:00,22,15,7
7/9/2021 17:00,22,13,9
7/9/2021 18:00,10,5,5
7/9/2021 19:00,7,5,2
7/9/2021 20:00,10,7,3
7/9/2021 21:00,7,4,3
7/9/2021 22:00,4,2,2
7/9/2021 23:00,1,0,1
7/10/2021 0:00,0,0,0
7/10/2021 1:00,2,1,1
7/10/2021 2:00,1,1,0
7/10/2021 3:00,0,0,0
7/10/2021 4:00,1,1,0
7/10/2021 5:00,0,0,0
7/10/2021 6:00,1,0,1
7/10/2021 7:00,1,1,0
7/10/2021 8:00,6,2,4
7/10/2021 9:00,6,4,2
7/10/2021 10:00,8,4,4
7/10/2021 11:00,8,5,3
7/10/2021 12:00,19,9,10
7/10/2021 13:00,9,3,6
7/10/2021 14:00,8,3,5
7/10/2021 15:00,19,14,5
7/10/2021 16:00,12,8,4
7/10/2021 17:00,12,5,7
7/10/2021 18:00,11,5,6
7/10/2021 19:00,7,2,5
7/10/2021 20:00,13,7,6
7/10/2021 21:00,5,5,0
7/10/2021 22:00,2,2,0
7/10/2021 23:00,0,0,0
7/11/2021 0:00,0,0,0
7/11/2021 1:00,0,0,0
7/11/2021 2:00,0,0,0
7/11/2021 3:00,0,0,0
7/11/2021 4:00,1,1,0
7/11/2021 5:00,0,0,0
7/11/2021 6:00,0,0,0
7/11/2021 7:00,5,1,4
7/11/2021 8:00,6,1,5
7/11/2021 9:00,15,5,10
7/11/2021 10:00,10,5,5
7/11/2021 11:00,22,11,11
7/11/2021 12:00,16,6,10
7/11/2021 13:00,10,7,3
7/11/2021 14:00,10,6,4
7/11/2021 15:00,8,4,4
7/11/2021 16:00,10,4,6
7/11/2021 17:00,10,5,5
7/11/2021 18:00,7,6,1
7/11/2021 19:00,15,9,6
7/11/2021 20:00,6,2,4
7/11/2021 21:00,4,2,2
7/11/2021 22:00,3,2,1
7/11/2021 23:00,0,0,0
7/12/2021 0:00,0,0,0
7/12/2021 1:00,0,0,0
7/12/2021 2:00,0,0,0
7/12/2021 3:00,0,0,0
7/12/2021 4:00,0,0,0
7/12/2021 5:00,0,0,0
7/12/2021 6:00,1,0,1
7/12/2021 7:00,4,1,3
7/12/2021 8:00,4,3,1
7/12/2021 9:00,6,3,3
7/12/2021 10:00,5,2,3
7/12/2021 11:00,8,3,5
7/12/2021 12:00,4,1,3
7/12/2021 13:00,6,4,2
7/12/2021 14:00,10,2,8
7/12/2021 15:00,6,5,1
7/12/2021 16:00,19,12,7
7/12/2021 17:00,18,6,12
7/12/2021 18:00,17,7,10
7/12/2021 19:00,3,2,1
7/12/2021 20:00,8,5,3
7/12/2021 21:00,12,10,2
7/12/2021 22:00,1,0,1
7/12/2021 23:00,0,0,0
7/13/2021 0:00,2,0,2
7/13/2021 1:00,0,0,0
7/13/2021 2:00,0,0,0
7/13/2021 3:00,0,0,0
7/13/2021 4:00,0,0,0
7/13/2021 5:00,1,0,1
7/13/2021 6:00,2,1,1
7/13/2021 7:00,7,4,3
7/13/2021 8:00,4,4,0
7/13/2021 9:00,9,7,2
7/13/2021 10:00,7,2,5
7/13/2021 11:00,2,0,2
7/13/2021 12:00,10,6,4
7/13/2021 13:00,11,4,7
7/13/2021 14:00,4,3,1
7/13/2021 15:00,9,2,7
7/13/2021 16:00,15,4,11
7/13/2021 17:00,15,5,10
7/13/2021 18:00,10,5,5
7/13/2021 19:00,16,4,12
7/13/2021 20:00,15,9,6
7/13/2021 21:00,4,3,1
7/13/2021 22:00,2,2,0
7/13/2021 23:00,3,1,2
7/14/2021 0:00,1,0,1
7/14/2021 1:00,1,1,0
7/14/2021 2:00,1,0,1
7/14/2021 3:00,0,0,0
7/14/2021 4:00,0,0,0
7/14/2021 5:00,0,0,0
7/14/2021 6:00,2,1,1
7/14/2021 7:00,7,4,3
7/14/2021 8:00,5,3,2
7/14/2021 9:00,11,6,5
7/14/2021 10:00,3,1,2
7/14/2021 11:00,14,7,7
7/14/2021 12:00,6,4,2
7/14/2021 13:00,11,4,7
7/14/2021 14:00,10,4,6
7/14/2021 15:00,18,9,9
7/14/2021 16:00,10,3,7
7/14/2021 17:00,29,17,12
7/14/2021 18:00,30,19,11
7/14/2021 19:00,17,13,4
7/14/2021 20:00,7,3,4
7/14/2021 21:00,7,4,3
7/14/2021 22:00,5,2,3
7/14/2021 23:00,1,0,1
7/15/2021 0:00,0,0,0
7/15/2021 1:00,0,0,0
7/15/2021 2:00,0,0,0
7/15/2021 3:00,0,0,0
7/15/2021 4:00,0,0,0
7/15/2021 5:00,0,0,0
7/15/2021 6:00,2,1,1
7/15/2021 7:00,6,4,2
7/15/2021 8:00,8,3,5
7/15/2021 9:00,6,2,4
7/15/2021 10:00,3,3,0
7/15/2021 11:00,2,2,0
7/15/2021 12:00,7,4,3
7/15/2021 13:00,5,1,4
7/15/2021 14:00,12,7,5
7/15/2021 15:00,8,3,5
7/15/2021 16:00,16,8,8
7/15/2021 17:00,13,4,9
7/15/2021 18:00,12,7,5
7/15/2021 19:00,15,10,5
7/15/2021 20:00,6,4,2
7/15/2021 21:00,9,4,5
7/15/2021 22:00,3,3,0
7/15/2021 23:00,2,1,1
7/16/2021 0:00,1,1,0
7/16/2021 1:00,3,1,2
7/16/2021 2:00,4,2,2
7/16/2021 3:00,0,0,0
7/16/2021 4:00,0,0,0
7/16/2021 5:00,3,0,3
7/16/2021 6:00,2,2,0
7/16/2021 7:00,1,0,1
7/16/2021 8:00,7,5,2
7/16/2021 9:00,10,7,3
7/16/2021 10:00,5,1,4
7/16/2021 11:00,8,5,3
7/16/2021 12:00,10,4,6
7/16/2021 13:00,2,1,1
7/16/2021 14:00,6,6,0
7/16/2021 15:00,5,0,5
7/16/2021 16:00,8,5,3
7/16/2021 17:00,10,6,4
7/16/2021 18:00,5,1,4
7/16/2021 19:00,9,3,6
7/16/2021 20:00,6,2,4
7/16/2021 21:00,2,1,1
7/16/2021 22:00,3,2,1
7/16/2021 23:00,2,1,1
7/17/2021 0:00,1,1,0
7/17/2021 1:00,0,0,0
7/17/2021 2:00,1,1,0
7/17/2021 3:00,0,0,0
7/17/2021 4:00,0,0,0
7/17/2021 5:00,0,0,0
7/17/2021 6:00,1,0,1
7/17/2021 7:00,7,2,5
7/17/2021 8:00,5,4,1
7/17/2021 9:00,3,2,1
7/17/2021 10:00,0,0,0
7/17/2021 11:00,0,0,0
7/17/2021 12:00,9,7,2
7/17/2021 13:00,0,0,0
7/17/2021 14:00,0,0,0
7/17/2021 15:00,0,0,0
7/17/2021 16:00,0,0,0
7/17/2021 17:00,0,0,0
7/17/2021 18:00,0,0,0
7/17/2021 19:00,3,3,0
7/17/2021 20:00,11,6,5
7/17/2021 21:00,2,1,1
7/17/2021 22:00,3,2,1
7/17/2021 23:00,2,1,1
7/18/2021 0:00,1,0,1
7/18/2021 1:00,0,0,0
7/18/2021 2:00,0,0,0
7/18/2021 3:00,0,0,0
7/18/2021 4:00,0,0,0
7/18/2021 5:00,0,0,0
7/18/2021 6:00,1,0,1
7/18/2021 7:00,0,0,0
7/18/2021 8:00,2,1,1
7/18/2021 9:00,6,1,5
7/18/2021 10:00,13,5,8
7/18/2021 11:00,23,10,13
7/18/2021 12:00,24,11,13
7/18/2021 13:00,19,9,10
7/18/2021 14:00,22,13,9
7/18/2021 15:00,11,4,7
7/18/2021 16:00,15,6,9
7/18/2021 17:00,8,7,1
7/18/2021 18:00,10,6,4
7/18/2021 19:00,3,2,1
7/18/2021 20:00,2,1,1
7/18/2021 21:00,5,1,4
7/18/2021 22:00,2,1,1
7/18/2021 23:00,1,1,0
7/19/2021 0:00,0,0,0
7/19/2021 1:00,0,0,0
7/19/2021 2:00,1,0,1
7/19/2021 3:00,0,0,0
7/19/2021 4:00,1,1,0
7/19/2021 5:00,1,0,1
7/19/2021 6:00,1,0,1
7/19/2021 7:00,5,2,3
7/19/2021 8:00,8,5,3
7/19/2021 9:00,8,3,5
7/19/2021 10:00,3,3,0
7/19/2021 11:00,10,7,3
7/19/2021 12:00,9,8,1
7/19/2021 13:00,5,2,3
7/19/2021 14:00,8,8,0
7/19/2021 15:00,12,6,6
7/19/2021 16:00,13,6,7
7/19/2021 17:00,14,8,6
7/19/2021 18:00,18,9,9
7/19/2021 19:00,8,3,5
7/19/2021 20:00,5,1,4
7/19/2021 21:00,5,3,2
7/19/2021 22:00,1,1,0
7/19/2021 23:00,1,0,1
7/20/2021 0:00,0,0,0
7/20/2021 1:00,0,0,0
7/20/2021 2:00,0,0,0
7/20/2021 3:00,0,0,0
7/20/2021 4:00,0,0,0
7/20/2021 5:00,0,0,0
7/20/2021 6:00,0,0,0
7/20/2021 7:00,4,2,2
7/20/2021 8:00,8,4,4
7/20/2021 9:00,2,1,1
7/20/2021 10:00,6,2,4
7/20/2021 11:00,8,3,5
7/20/2021 12:00,7,5,2
7/20/2021 13:00,7,5,2
7/20/2021 14:00,10,8,2
7/20/2021 15:00,6,4,2
7/20/2021 16:00,8,2,6
7/20/2021 17:00,20,8,12
7/20/2021 18:00,18,8,10
7/20/2021 19:00,15,11,4
7/20/2021 20:00,5,4,1
7/20/2021 21:00,9,4,5
7/20/2021 22:00,1,1,0
7/20/2021 23:00,1,0,1
7/21/2021 0:00,3,2,1
7/21/2021 1:00,1,1,0
7/21/2021 2:00,0,0,0
7/21/2021 3:00,1,1,0
7/21/2021 4:00,0,0,0
7/21/2021 5:00,0,0,0
7/21/2021 6:00,2,1,1
7/21/2021 7:00,5,1,4
7/21/2021 8:00,6,3,3
7/21/2021 9:00,4,2,2
7/21/2021 10:00,9,1,8
7/21/2021 11:00,8,4,4
7/21/2021 12:00,9,5,4
7/21/2021 13:00,9,6,3
7/21/2021 14:00,10,4,6
7/21/2021 15:00,9,6,3
7/21/2021 16:00,6,2,4
7/21/2021 17:00,15,6,9
7/21/2021 18:00,13,8,5
7/21/2021 19:00,11,6,5
7/21/2021 20:00,8,3,5
7/21/2021 21:00,6,5,1
7/21/2021 22:00,2,1,1
7/21/2021 23:00,1,1,0
7/22/2021 0:00,0,0,0
7/22/2021 1:00,1,1,0
7/22/2021 2:00,0,0,0
7/22/2021 3:00,0,0,0
7/22/2021 4:00,0,0,0
7/22/2021 5:00,0,0,0
7/22/2021 6:00,2,2,0
7/22/2021 7:00,4,1,3
7/22/2021 8:00,4,3,1
7/22/2021 9:00,4,3,1
7/22/2021 10:00,3,1,2
7/22/2021 11:00,7,2,5
7/22/2021 12:00,10,5,5
7/22/2021 13:00,12,7,5
7/22/2021 14:00,11,5,6
7/22/2021 15:00,15,7,8
7/22/2021 16:00,11,4,7
7/22/2021 17:00,15,6,9
7/22/2021 18:00,15,8,7
7/22/2021 19:00,10,9,1
7/22/2021 20:00,5,3,2
7/22/2021 21:00,6,5,1
7/22/2021 22:00,0,0,0
7/22/2021 23:00,1,1,0
7/23/2021 0:00,1,0,1
7/23/2021 1:00,0,0,0
7/23/2021 2:00,0,0,0
7/23/2021 3:00,1,0,1
7/23/2021 4:00,0,0,0
7/23/2021 5:00,0,0,0
7/23/2021 6:00,0,0,0
7/23/2021 7:00,2,0,2
7/23/2021 8:00,8,5,3
7/23/2021 9:00,9,5,4
7/23/2021 10:00,8,4,4
7/23/2021 11:00,11,5,6
7/23/2021 12:00,8,2,6
7/23/2021 13:00,6,4,2
7/23/2021 14:00,7,3,4
7/23/2021 15:00,9,2,7
7/23/2021 16:00,12,5,7
7/23/2021 17:00,23,14,9
7/23/2021 18:00,8,5,3
7/23/2021 19:00,11,3,8
7/23/2021 20:00,9,4,5
7/23/2021 21:00,4,3,1
7/23/2021 22:00,2,1,1
7/23/2021 23:00,2,1,1
7/24/2021 0:00,0,0,0
7/24/2021 1:00,2,1,1
7/24/2021 2:00,1,0,1
7/24/2021 3:00,0,0,0
7/24/2021 4:00,0,0,0
7/24/2021 5:00,1,0,1
7/24/2021 6:00,1,0,1
7/24/2021 7:00,2,1,1
7/24/2021 8:00,4,1,3
7/24/2021 9:00,4,2,2
7/24/2021 10:00,10,2,8
7/24/2021 11:00,8,6,2
7/24/2021 12:00,16,8,8
7/24/2021 13:00,18,7,11
7/24/2021 14:00,18,9,9
7/24/2021 15:00,21,14,7
7/24/2021 16:00,11,6,5
7/24/2021 17:00,5,4,1
7/24/2021 18:00,12,10,2
7/24/2021 19:00,8,3,5
7/24/2021 20:00,6,3,3
7/24/2021 21:00,4,2,2
7/24/2021 22:00,1,1,0
7/24/2021 23:00,1,1,0
7/25/2021 0:00,0,0,0
7/25/2021 1:00,1,0,1
7/25/2021 2:00,1,0,1
7/25/2021 3:00,1,1,0
7/25/2021 4:00,0,0,0
7/25/2021 5:00,0,0,0
7/25/2021 6:00,1,0,1
7/25/2021 7:00,3,1,2
7/25/2021 8:00,5,1,4
7/25/2021 9:00,11,2,9
7/25/2021 10:00,20,11,9
7/25/2021 11:00,21,10,11
7/25/2021 12:00,29,11,18
7/25/2021 13:00,23,16,7
7/25/2021 14:00,15,10,5
7/25/2021 15:00,19,13,6
7/25/2021 16:00,12,5,7
7/25/2021 17:00,15,8,7
7/25/2021 18:00,13,6,7
7/25/2021 19:00,13,6,7
7/25/2021 20:00,4,2,2
7/25/2021 21:00,2,2,0
7/25/2021 22:00,8,4,4
7/25/2021 23:00,2,2,0
7/26/2021 0:00,1,1,0
7/26/2021 1:00,0,0,0
7/26/2021 2:00,0,0,0
7/26/2021 3:00,0,0,0
7/26/2021 4:00,0,0,0
7/26/2021 5:00,1,0,1
7/26/2021 6:00,2,1,1
7/26/2021 7:00,6,3,3
7/26/2021 8:00,4,2,2
7/26/2021 9:00,14,9,5
7/26/2021 10:00,6,4,2
7/26/2021 11:00,12,8,4
7/26/2021 12:00,6,2,4
7/26/2021 13:00,1,1,0
7/26/2021 14:00,9,7,2
7/26/2021 15:00,9,6,3
7/26/2021 16:00,12,6,6
7/26/2021 17:00,13,7,6
7/26/2021 18:00,9,4,5
7/26/2021 19:00,17,5,12
7/26/2021 20:00,3,3,0
7/26/2021 21:00,4,3,1
7/26/2021 22:00,1,1,0
7/26/2021 23:00,0,0,0
7/27/2021 0:00,1,0,1
7/27/2021 1:00,1,0,1
7/27/2021 2:00,0,0,0
7/27/2021 3:00,0,0,0
7/27/2021 4:00,0,0,0
7/27/2021 5:00,0,0,0
7/27/2021 6:00,3,0,3
7/27/2021 7:00,8,5,3
7/27/2021 8:00,9,5,4
7/27/2021 9:00,6,5,1
7/27/2021 10:00,6,2,4
7/27/2021 11:00,7,3,4
7/27/2021 12:00,10,5,5
7/27/2021 13:00,11,7,4
7/27/2021 14:00,11,4,7
7/27/2021 15:00,11,5,6
7/27/2021 16:00,12,6,6
7/27/2021 17:00,12,3,9
7/27/2021 18:00,17,8,9
7/27/2021 19:00,24,8,16
7/27/2021 20:00,9,6,3
7/27/2021 21:00,3,0,3
7/27/2021 22:00,2,1,1
7/27/2021 23:00,1,0,1
7/28/2021 0:00,0,0,0
7/28/2021 1:00,0,0,0
7/28/2021 2:00,0,0,0
7/28/2021 3:00,1,0,1
7/28/2021 4:00,1,0,1
7/28/2021 5:00,0,0,0
7/28/2021 6:00,3,1,2
7/28/2021 7:00,10,2,8
7/28/2021 8:00,14,9,5
7/28/2021 9:00,10,6,4
7/28/2021 10:00,13,8,5
7/28/2021 11:00,7,2,5
7/28/2021 12:00,16,6,10
7/28/2021 13:00,10,7,3
7/28/2021 14:00,14,9,5
7/28/2021 15:00,10,8,2
7/28/2021 16:00,13,5,8
7/28/2021 17:00,14,6,8
7/28/2021 18:00,21,14,7
7/28/2021 19:00,10,9,1
7/28/2021 20:00,14,8,6
7/28/2021 21:00,6,5,1
7/28/2021 22:00,3,2,1
7/28/2021 23:00,1,1,0
7/29/2021 0:00,2,0,2
7/29/2021 1:00,0,0,0
7/29/2021 2:00,0,0,0
7/29/2021 3:00,1,0,1
7/29/2021 4:00,0,0,0
7/29/2021 5:00,1,0,1
7/29/2021 6:00,3,1,2
7/29/2021 7:00,4,2,2
7/29/2021 8:00,9,4,5
7/29/2021 9:00,11,6,5
7/29/2021 10:00,7,3,4
7/29/2021 11:00,9,4,5
7/29/2021 12:00,11,8,3
7/29/2021 13:00,3,1,2
7/29/2021 14:00,13,9,4
7/29/2021 15:00,14,10,4
7/29/2021 16:00,9,4,5
7/29/2021 17:00,20,7,13
7/29/2021 18:00,21,9,12
7/29/2021 19:00,22,13,9
7/29/2021 20:00,11,8,3
7/29/2021 21:00,3,2,1
7/29/2021 22:00,3,2,1
7/29/2021 23:00,1,1,0
7/30/2021 0:00,0,0,0
7/30/2021 1:00,0,0,0
7/30/2021 2:00,0,0,0
7/30/2021 3:00,0,0,0
7/30/2021 4:00,0,0,0
7/30/2021 5:00,2,1,1
7/30/2021 6:00,1,0,1
7/30/2021 7:00,4,2,2
7/30/2021 8:00,12,6,6
7/30/2021 9:00,10,4,6
7/30/2021 10:00,15,5,10
7/30/2021 11:00,10,2,8
7/30/2021 12:00,8,3,5
7/30/2021 13:00,11,6,5
7/30/2021 14:00,7,5,2
7/30/2021 15:00,10,3,7
7/30/2021 16:00,14,7,7
7/30/2021 17:00,15,7,8
7/30/2021 18:00,11,4,7
7/30/2021 19:00,9,1,8
7/30/2021 20:00,9,4,5
7/30/2021 21:00,5,4,1
7/30/2021 22:00,2,0,2
7/30/2021 23:00,1,0,1
7/31/2021 0:00,0,0,0
7/31/2021 1:00,1,1,0
7/31/2021 2:00,2,2,0
7/31/2021 3:00,1,0,1
7/31/2021 4:00,0,0,0
7/31/2021 5:00,1,1,0
7/31/2021 6:00,3,2,1
7/31/2021 7:00,3,1,2
7/31/2021 8:00,2,1,1
7/31/2021 9:00,3,2,1
7/31/2021 10:00,7,3,4
7/31/2021 11:00,11,5,6
7/31/2021 12:00,10,4,6
7/31/2021 13:00,7,6,1
7/31/2021 14:00,6,3,3
7/31/2021 15:00,14,3,11
7/31/2021 16:00,17,10,7
7/31/2021 17:00,5,4,1
7/31/2021 18:00,8,2,6
7/31/2021 19:00,3,2,1
7/31/2021 20:00,5,2,3
7/31/2021 21:00,4,2,2
7/31/2021 22:00,2,0,2
7/31/2021 23:00,3,2,1
8/1/2021 0:00,3,1,2
8/1/2021 1:00,2,2,0
8/1/2021 2:00,0,0,0
8/1/2021 3:00,0,0,0
8/1/2021 4:00,0,0,0
8/1/2021 5:00,0,0,0
8/1/2021 6:00,0,0,0
8/1/2021 7:00,1,0,1
8/1/2021 8:00,4,1,3
8/1/2021 9:00,7,3,4
8/1/2021 10:00,8,3,5
8/1/2021 11:00,21,9,12
8/1/2021 12:00,12,3,9
8/1/2021 13:00,22,16,6
8/1/2021 14:00,29,18,11
8/1/2021 15:00,18,8,10
8/1/2021 16:00,14,2,12
8/1/2021 17:00,14,9,5
8/1/2021 18:00,11,8,3
8/1/2021 19:00,14,5,9
8/1/2021 20:00,8,6,2
8/1/2021 21:00,4,3,1
8/1/2021 22:00,1,1,0
8/1/2021 23:00,1,0,1
8/2/2021 0:00,0,0,0
8/2/2021 1:00,0,0,0
8/2/2021 2:00,0,0,0
8/2/2021 3:00,0,0,0
8/2/2021 4:00,1,1,0
8/2/2021 5:00,1,0,1
8/2/2021 6:00,2,1,1
8/2/2021 7:00,6,5,1
8/2/2021 8:00,8,5,3
8/2/2021 9:00,8,4,4
8/2/2021 10:00,2,1,1
8/2/2021 11:00,5,3,2
8/2/2021 12:00,10,5,5
8/2/2021 13:00,10,5,5
8/2/2021 14:00,10,8,2
8/2/2021 15:00,18,6,12
8/2/2021 16:00,20,11,9
8/2/2021 17:00,14,7,7
8/2/2021 18:00,17,11,6
8/2/2021 19:00,16,11,5
8/2/2021 20:00,6,3,3
8/2/2021 21:00,8,6,2
8/2/2021 22:00,2,1,1
8/2/2021 23:00,1,0,1
8/3/2021 0:00,2,2,0
8/3/2021 1:00,0,0,0
8/3/2021 2:00,0,0,0
8/3/2021 3:00,0,0,0
8/3/2021 4:00,0,0,0
8/3/2021 5:00,0,0,0
8/3/2021 6:00,2,0,2
8/3/2021 7:00,6,4,2
8/3/2021 8:00,12,8,4
8/3/2021 9:00,9,5,4
8/3/2021 10:00,11,5,6
8/3/2021 11:00,10,6,4
8/3/2021 12:00,7,4,3
8/3/2021 13:00,11,4,7
8/3/2021 14:00,5,4,1
8/3/2021 15:00,19,10,9
8/3/2021 16:00,21,8,13
8/3/2021 17:00,30,9,21
8/3/2021 18:00,21,9,12
8/3/2021 19:00,32,14,18
8/3/2021 20:00,6,2,4
8/3/2021 21:00,6,5,1
8/3/2021 22:00,2,0,2
8/3/2021 23:00,1,0,1
8/4/2021 0:00,0,0,0
8/4/2021 1:00,0,0,0
8/4/2021 2:00,0,0,0
8/4/2021 3:00,0,0,0
8/4/2021 4:00,1,1,0
8/4/2021 5:00,0,0,0
8/4/2021 6:00,10,5,5
8/4/2021 7:00,3,1,2
8/4/2021 8:00,3,1,2
8/4/2021 9:00,6,5,1
8/4/2021 10:00,9,6,3
8/4/2021 11:00,6,3,3
8/4/2021 12:00,9,6,3
8/4/2021 13:00,6,5,1
8/4/2021 14:00,9,5,4
8/4/2021 15:00,9,4,5
8/4/2021 16:00,13,4,9
8/4/2021 17:00,29,14,15
8/4/2021 18:00,21,11,10
8/4/2021 19:00,13,7,6
8/4/2021 20:00,7,4,3
8/4/2021 21:00,13,8,5
8/4/2021 22:00,3,2,1
8/4/2021 23:00,1,1,0
8/5/2021 0:00,1,0,1
8/5/2021 1:00,1,1,0
8/5/2021 2:00,0,0,0
8/5/2021 3:00,0,0,0
8/5/2021 4:00,0,0,0
8/5/2021 5:00,0,0,0
8/5/2021 6:00,4,2,2
8/5/2021 7:00,6,2,4
8/5/2021 8:00,9,5,4
8/5/2021 9:00,11,6,5
8/5/2021 10:00,3,0,3
8/5/2021 11:00,3,2,1
8/5/2021 12:00,6,2,4
8/5/2021 13:00,16,12,4
8/5/2021 14:00,15,9,6
8/5/2021 15:00,6,1,5
8/5/2021 16:00,13,5,8
8/5/2021 17:00,22,10,12
8/5/2021 18:00,14,8,6
8/5/2021 19:00,19,2,17
8/5/2021 20:00,16,8,8
8/5/2021 21:00,5,3,2
8/5/2021 22:00,0,0,0
8/5/2021 23:00,0,0,0
8/6/2021 0:00,2,2,0
8/6/2021 1:00,0,0,0
8/6/2021 2:00,0,0,0
8/6/2021 3:00,0,0,0
8/6/2021 4:00,0,0,0
8/6/2021 5:00,2,2,0
8/6/2021 6:00,4,1,3
8/6/2021 7:00,3,0,3
8/6/2021 8:00,0,0,0
8/6/2021 9:00,2,2,0
8/6/2021 10:00,5,2,3
8/6/2021 11:00,0,0,0
8/6/2021 12:00,4,2,2
8/6/2021 13:00,4,4,0
8/6/2021 14:00,7,5,2
8/6/2021 15:00,8,5,3
8/6/2021 16:00,13,6,7
8/6/2021 17:00,16,11,5
8/6/2021 18:00,16,7,9
8/6/2021 19:00,6,1,5
8/6/2021 20:00,2,1,1
8/6/2021 21:00,1,1,0
8/6/2021 22:00,0,0,0
8/6/2021 23:00,1,1,0
8/7/2021 0:00,0,0,0
8/7/2021 1:00,0,0,0
8/7/2021 2:00,0,0,0
8/7/2021 3:00,0,0,0
8/7/2021 4:00,0,0,0
8/7/2021 5:00,0,0,0
8/7/2021 6:00,0,0,0
8/7/2021 7:00,3,0,3
8/7/2021 8:00,4,0,4
8/7/2021 9:00,6,2,4
8/7/2021 10:00,14,6,8
8/7/2021 11:00,15,8,7
8/7/2021 12:00,2,1,1
8/7/2021 13:00,11,3,8
8/7/2021 14:00,2,2,0
8/7/2021 15:00,11,4,7
8/7/2021 16:00,20,15,5
8/7/2021 17:00,10,2,8
8/7/2021 18:00,15,10,5
8/7/2021 19:00,3,1,2
8/7/2021 20:00,6,4,2
8/7/2021 21:00,2,2,0
8/7/2021 22:00,1,0,1
8/7/2021 23:00,1,0,1
8/8/2021 0:00,1,1,0
8/8/2021 1:00,1,1,0
8/8/2021 2:00,1,0,1
8/8/2021 3:00,0,0,0
8/8/2021 4:00,0,0,0
8/8/2021 5:00,1,1,0
8/8/2021 6:00,1,0,1
8/8/2021 7:00,2,2,0
8/8/2021 8:00,6,2,4
8/8/2021 9:00,8,1,7
8/8/2021 10:00,13,8,5
8/8/2021 11:00,20,6,14
8/8/2021 12:00,22,13,9
8/8/2021 13:00,14,9,5
8/8/2021 14:00,19,8,11
8/8/2021 15:00,16,11,5
8/8/2021 16:00,13,4,9
8/8/2021 17:00,7,2,5
8/8/2021 18:00,17,11,6
8/8/2021 19:00,10,7,3
8/8/2021 20:00,8,7,1
8/8/2021 21:00,5,1,4
8/8/2021 22:00,0,0,0
8/8/2021 23:00,0,0,0
8/9/2021 0:00,0,0,0
8/9/2021 1:00,1,1,0
8/9/2021 2:00,0,0,0
8/9/2021 3:00,0,0,0
8/9/2021 4:00,0,0,0
8/9/2021 5:00,0,0,0
8/9/2021 6:00,3,0,3
8/9/2021 7:00,9,5,4
8/9/2021 8:00,5,3,2
8/9/2021 9:00,8,4,4
8/9/2021 10:00,1,0,1
8/9/2021 11:00,7,3,4
8/9/2021 12:00,6,5,1
8/9/2021 13:00,10,3,7
8/9/2021 14:00,8,6,2
8/9/2021 15:00,7,4,3
8/9/2021 16:00,6,5,1
8/9/2021 17:00,18,7,11
8/9/2021 18:00,19,7,12
8/9/2021 19:00,12,8,4
8/9/2021 20:00,6,4,2
8/9/2021 21:00,6,3,3
8/9/2021 22:00,1,1,0
8/9/2021 23:00,1,0,1
8/10/2021 0:00,0,0,0
8/10/2021 1:00,1,1,0
8/10/2021 2:00,0,0,0
8/10/2021 3:00,0,0,0
8/10/2021 4:00,1,1,0
8/10/2021 5:00,0,0,0
8/10/2021 6:00,0,0,0
8/10/2021 7:00,6,3,3
8/10/2021 8:00,11,8,3
8/10/2021 9:00,6,3,3
8/10/2021 10:00,7,2,5
8/10/2021 11:00,10,3,7
8/10/2021 12:00,17,11,6
8/10/2021 13:00,12,8,4
8/10/2021 14:00,13,4,9
8/10/2021 15:00,7,2,5
8/10/2021 16:00,11,6,5
8/10/2021 17:00,18,10,8
8/10/2021 18:00,16,6,10
8/10/2021 19:00,19,7,12
8/10/2021 20:00,12,5,7
8/10/2021 21:00,12,12,0
8/10/2021 22:00,1,0,1
8/10/2021 23:00,1,1,0
8/11/2021 0:00,0,0,0
8/11/2021 1:00,1,1,0
8/11/2021 2:00,0,0,0
8/11/2021 3:00,0,0,0
8/11/2021 4:00,0,0,0
8/11/2021 5:00,0,0,0
8/11/2021 6:00,3,1,2
8/11/2021 7:00,7,3,4
8/11/2021 8:00,9,4,5
8/11/2021 9:00,13,12,1
8/11/2021 10:00,10,6,4
8/11/2021 11:00,7,3,4
8/11/2021 12:00,5,1,4
8/11/2021 13:00,13,5,8
8/11/2021 14:00,10,5,5
8/11/2021 15:00,9,6,3
8/11/2021 16:00,15,8,7
8/11/2021 17:00,17,4,13
8/11/2021 18:00,15,10,5
8/11/2021 19:00,19,7,12
8/11/2021 20:00,11,5,6
8/11/2021 21:00,7,6,1
8/11/2021 22:00,2,2,0
8/11/2021 23:00,2,2,0
8/12/2021 0:00,1,1,0
8/12/2021 1:00,0,0,0
8/12/2021 2:00,1,0,1
8/12/2021 3:00,0,0,0
8/12/2021 4:00,2,0,2
8/12/2021 5:00,0,0,0
8/12/2021 6:00,4,1,3
8/12/2021 7:00,8,2,6
8/12/2021 8:00,5,4,1
8/12/2021 9:00,7,5,2
8/12/2021 10:00,9,6,3
8/12/2021 11:00,6,3,3
8/12/2021 12:00,5,2,3
8/12/2021 13:00,11,7,4
8/12/2021 14:00,3,2,1
8/12/2021 15:00,4,3,1
8/12/2021 16:00,11,6,5
8/12/2021 17:00,11,6,5
8/12/2021 18:00,16,10,6
8/12/2021 19:00,15,6,9
8/12/2021 20:00,10,5,5
8/12/2021 21:00,3,3,0
8/12/2021 22:00,0,0,0
8/12/2021 23:00,4,1,3
8/13/2021 0:00,1,0,1
8/13/2021 1:00,0,0,0
8/13/2021 2:00,2,1,1
8/13/2021 3:00,0,0,0
8/13/2021 4:00,0,0,0
8/13/2021 5:00,0,0,0
8/13/2021 6:00,1,0,1
8/13/2021 7:00,4,2,2
8/13/2021 8:00,6,4,2
8/13/2021 9:00,7,4,3
8/13/2021 10:00,6,5,1
8/13/2021 11:00,5,2,3
8/13/2021 12:00,11,9,2
8/13/2021 13:00,3,1,2
8/13/2021 14:00,3,1,2
8/13/2021 15:00,4,2,2
8/13/2021 16:00,8,3,5
8/13/2021 17:00,11,7,4
8/13/2021 18:00,6,4,2
8/13/2021 19:00,9,5,4
8/13/2021 20:00,7,4,3
8/13/2021 21:00,8,5,3
8/13/2021 22:00,0,0,0
8/13/2021 23:00,1,0,1
8/14/2021 0:00,2,1,1
8/14/2021 1:00,1,0,1
8/14/2021 2:00,0,0,0
8/14/2021 3:00,0,0,0
8/14/2021 4:00,0,0,0
8/14/2021 5:00,0,0,0
8/14/2021 6:00,0,0,0
8/14/2021 7:00,5,1,4
8/14/2021 8:00,3,2,1
8/14/2021 9:00,7,1,6
8/14/2021 10:00,13,2,11
8/14/2021 11:00,15,6,9
8/14/2021 12:00,9,3,6
8/14/2021 13:00,10,6,4
8/14/2021 14:00,11,3,8
8/14/2021 15:00,12,7,5
8/14/2021 16:00,14,10,4
8/14/2021 17:00,17,10,7
8/14/2021 18:00,7,2,5
8/14/2021 19:00,3,2,1
8/14/2021 20:00,3,1,2
8/14/2021 21:00,2,1,1
8/14/2021 22:00,3,2,1
8/14/2021 23:00,3,3,0
8/15/2021 0:00,0,0,0
8/15/2021 1:00,0,0,0
8/15/2021 2:00,0,0,0
8/15/2021 3:00,0,0,0
8/15/2021 4:00,0,0,0
8/15/2021 5:00,0,0,0
8/15/2021 6:00,0,0,0
8/15/2021 7:00,8,3,5
8/15/2021 8:00,1,0,1
8/15/2021 9:00,8,4,4
8/15/2021 10:00,11,4,7
8/15/2021 11:00,26,12,14
8/15/2021 12:00,12,4,8
8/15/2021 13:00,17,7,10
8/15/2021 14:00,11,7,4
8/15/2021 15:00,17,8,9
8/15/2021 16:00,25,11,14
8/15/2021 17:00,11,7,4
8/15/2021 18:00,13,5,8
8/15/2021 19:00,11,8,3
8/15/2021 20:00,4,1,3
8/15/2021 21:00,3,2,1
8/15/2021 22:00,3,2,1
8/15/2021 23:00,0,0,0
8/16/2021 0:00,1,1,0
8/16/2021 1:00,0,0,0
8/16/2021 2:00,0,0,0
8/16/2021 3:00,0,0,0
8/16/2021 4:00,0,0,0
8/16/2021 5:00,0,0,0
8/16/2021 6:00,2,1,1
8/16/2021 7:00,8,5,3
8/16/2021 8:00,5,4,1
8/16/2021 9:00,5,2,3
8/16/2021 10:00,6,5,1
8/16/2021 11:00,2,0,2
8/16/2021 12:00,14,5,9
8/16/2021 13:00,5,4,1
8/16/2021 14:00,5,4,1
8/16/2021 15:00,8,4,4
8/16/2021 16:00,7,2,5
8/16/2021 17:00,14,7,7
8/16/2021 18:00,6,1,5
8/16/2021 19:00,8,4,4
8/16/2021 20:00,2,1,1
8/16/2021 21:00,1,0,1
8/16/2021 22:00,2,2,0
8/16/2021 23:00,1,1,0
8/17/2021 0:00,0,0,0
8/17/2021 1:00,0,0,0
8/17/2021 2:00,0,0,0
8/17/2021 3:00,0,0,0
8/17/2021 4:00,0,0,0
8/17/2021 5:00,0,0,0
8/17/2021 6:00,4,1,3
8/17/2021 7:00,4,1,3
8/17/2021 8:00,8,4,4
8/17/2021 9:00,6,4,2
8/17/2021 10:00,3,0,3
8/17/2021 11:00,7,5,2
8/17/2021 12:00,10,6,4
8/17/2021 13:00,8,4,4
8/17/2021 14:00,7,5,2
8/17/2021 15:00,6,3,3
8/17/2021 16:00,17,8,9
8/17/2021 17:00,19,10,9
8/17/2021 18:00,15,5,10
8/17/2021 19:00,12,7,5
8/17/2021 20:00,5,2,3
8/17/2021 21:00,4,3,1
8/17/2021 22:00,3,2,1
8/17/2021 23:00,1,1,0
8/18/2021 0:00,2,0,2
8/18/2021 1:00,0,0,0
8/18/2021 2:00,0,0,0
8/18/2021 3:00,0,0,0
8/18/2021 4:00,0,0,0
8/18/2021 5:00,0,0,0
8/18/2021 6:00,0,0,0
8/18/2021 7:00,4,2,2
8/18/2021 8:00,4,3,1
8/18/2021 9:00,8,4,4
8/18/2021 10:00,5,2,3
8/18/2021 11:00,3,2,1
8/18/2021 12:00,6,2,4
8/18/2021 13:00,14,7,7
8/18/2021 14:00,11,2,9
8/18/2021 15:00,7,3,4
8/18/2021 16:00,23,12,11
8/18/2021 17:00,8,6,2
8/18/2021 18:00,22,11,11
8/18/2021 19:00,10,8,2
8/18/2021 20:00,6,6,0
8/18/2021 21:00,9,4,5
8/18/2021 22:00,3,1,2
8/18/2021 23:00,0,0,0
8/19/2021 0:00,0,0,0
8/19/2021 1:00,1,1,0
8/19/2021 2:00,0,0,0
8/19/2021 3:00,0,0,0
8/19/2021 4:00,0,0,0
8/19/2021 5:00,0,0,0
8/19/2021 6:00,1,0,1
8/19/2021 7:00,8,3,5
8/19/2021 8:00,15,8,7
8/19/2021 9:00,9,6,3
8/19/2021 10:00,6,1,5
8/19/2021 11:00,4,2,2
8/19/2021 12:00,11,6,5
8/19/2021 13:00,14,6,8
8/19/2021 14:00,11,7,4
8/19/2021 15:00,9,5,4
8/19/2021 16:00,16,8,8
8/19/2021 17:00,18,8,10
8/19/2021 18:00,16,11,5
8/19/2021 19:00,10,4,6
8/19/2021 20:00,9,9,0
8/19/2021 21:00,6,5,1
8/19/2021 22:00,1,1,0
8/19/2021 23:00,0,0,0
8/20/2021 0:00,0,0,0
8/20/2021 1:00,0,0,0
8/20/2021 2:00,1,0,1
8/20/2021 3:00,0,0,0
8/20/2021 4:00,0,0,0
8/20/2021 5:00,0,0,0
8/20/2021 6:00,1,0,1
8/20/2021 7:00,5,4,1
8/20/2021 8:00,6,2,4
8/20/2021 9:00,10,4,6
8/20/2021 10:00,10,8,2
8/20/2021 11:00,6,4,2
8/20/2021 12:00,8,1,7
8/20/2021 13:00,10,3,7
8/20/2021 14:00,5,3,2
8/20/2021 15:00,13,6,7
8/20/2021 16:00,16,9,7
8/20/2021 17:00,18,3,15
8/20/2021 18:00,6,3,3
8/20/2021 19:00,6,4,2
8/20/2021 20:00,9,8,1
8/20/2021 21:00,0,0,0
8/20/2021 22:00,0,0,0
8/20/2021 23:00,0,0,0
8/21/2021 0:00,0,0,0
8/21/2021 1:00,1,1,0
8/21/2021 2:00,0,0,0
8/21/2021 3:00,0,0,0
8/21/2021 4:00,0,0,0
8/21/2021 5:00,0,0,0
8/21/2021 6:00,0,0,0
8/21/2021 7:00,3,1,2
8/21/2021 8:00,1,0,1
8/21/2021 9:00,11,6,5
8/21/2021 10:00,10,2,8
8/21/2021 11:00,7,6,1
8/21/2021 12:00,12,6,6
8/21/2021 13:00,14,5,9
8/21/2021 14:00,12,5,7
8/21/2021 15:00,19,14,5
8/21/2021 16:00,10,2,8
8/21/2021 17:00,12,10,2
8/21/2021 18:00,14,6,8
8/21/2021 19:00,10,8,2
8/21/2021 20:00,2,1,1
8/21/2021 21:00,1,0,1
8/21/2021 22:00,0,0,0
8/21/2021 23:00,1,0,1
8/22/2021 0:00,0,0,0
8/22/2021 1:00,0,0,0
8/22/2021 2:00,1,0,1
8/22/2021 3:00,1,1,0
8/22/2021 4:00,0,0,0
8/22/2021 5:00,0,0,0
8/22/2021 6:00,2,0,2
8/22/2021 7:00,1,0,1
8/22/2021 8:00,4,2,2
8/22/2021 9:00,10,5,5
8/22/2021 10:00,8,3,5
8/22/2021 11:00,10,3,7
8/22/2021 12:00,5,1,4
8/22/2021 13:00,12,6,6
8/22/2021 14:00,11,5,6
8/22/2021 15:00,12,1,11
8/22/2021 16:00,10,4,6
8/22/2021 17:00,4,2,2
8/22/2021 18:00,10,3,7
8/22/2021 19:00,9,2,7
8/22/2021 20:00,5,3,2
8/22/2021 21:00,1,1,0
8/22/2021 22:00,0,0,0
8/22/2021 23:00,0,0,0
8/23/2021 0:00,2,1,1
8/23/2021 1:00,0,0,0
8/23/2021 2:00,0,0,0
8/23/2021 3:00,0,0,0
8/23/2021 4:00,0,0,0
8/23/2021 5:00,0,0,0
8/23/2021 6:00,0,0,0
8/23/2021 7:00,3,2,1
8/23/2021 8:00,5,0,5
8/23/2021 9:00,1,1,0
8/23/2021 10:00,1,0,1
8/23/2021 11:00,1,0,1
8/23/2021 12:00,5,3,2
8/23/2021 13:00,9,4,5
8/23/2021 14:00,8,6,2
8/23/2021 15:00,10,3,7
8/23/2021 16:00,12,4,8
8/23/2021 17:00,19,8,11
8/23/2021 18:00,25,13,12
8/23/2021 19:00,17,9,8
8/23/2021 20:00,11,6,5
8/23/2021 21:00,2,2,0
8/23/2021 22:00,0,0,0
8/23/2021 23:00,1,0,1
8/24/2021 0:00,0,0,0
8/24/2021 1:00,0,0,0
8/24/2021 2:00,0,0,0
8/24/2021 3:00,0,0,0
8/24/2021 4:00,0,0,0
8/24/2021 5:00,0,0,0
8/24/2021 6:00,2,1,1
8/24/2021 7:00,6,3,3
8/24/2021 8:00,12,7,5
8/24/2021 9:00,8,3,5
8/24/2021 10:00,8,4,4
8/24/2021 11:00,4,3,1
8/24/2021 12:00,13,5,8
8/24/2021 13:00,10,3,7
8/24/2021 14:00,4,1,3
8/24/2021 15:00,13,8,5
8/24/2021 16:00,17,9,8
8/24/2021 17:00,17,5,12
8/24/2021 18:00,17,12,5
8/24/2021 19:00,15,8,7
8/24/2021 20:00,11,8,3
8/24/2021 21:00,1,1,0
8/24/2021 22:00,0,0,0
8/24/2021 23:00,1,1,0
8/25/2021 0:00,0,0,0
8/25/2021 1:00,1,0,1
8/25/2021 2:00,0,0,0
8/25/2021 3:00,0,0,0
8/25/2021 4:00,0,0,0
8/25/2021 5:00,1,0,1
8/25/2021 6:00,1,1,0
8/25/2021 7:00,7,5,2
8/25/2021 8:00,10,4,6
8/25/2021 9:00,8,6,2
8/25/2021 10:00,8,2,6
8/25/2021 11:00,7,4,3
8/25/2021 12:00,13,8,5
8/25/2021 13:00,6,4,2
8/25/2021 14:00,6,2,4
8/25/2021 15:00,20,8,12
8/25/2021 16:00,19,13,6
8/25/2021 17:00,25,14,11
8/25/2021 18:00,21,7,14
8/25/2021 19:00,13,4,9
8/25/2021 20:00,16,10,6
8/25/2021 21:00,4,4,0
8/25/2021 22:00,1,0,1
8/25/2021 23:00,1,1,0
8/26/2021 0:00,0,0,0
8/26/2021 1:00,0,0,0
8/26/2021 2:00,1,1,0
8/26/2021 3:00,2,1,1
8/26/2021 4:00,0,0,0
8/26/2021 5:00,0,0,0
8/26/2021 6:00,2,1,1
8/26/2021 7:00,5,1,4
8/26/2021 8:00,8,4,4
8/26/2021 9:00,7,2,5
8/26/2021 10:00,5,3,2
8/26/2021 11:00,12,8,4
8/26/2021 12:00,4,3,1
8/26/2021 13:00,6,1,5
8/26/2021 14:00,14,9,5
8/26/2021 15:00,10,5,5
8/26/2021 16:00,9,6,3
8/26/2021 17:00,21,12,9
8/26/2021 18:00,21,8,13
8/26/2021 19:00,7,6,1
8/26/2021 20:00,5,2,3
8/26/2021 21:00,1,0,1
8/26/2021 22:00,4,0,4
8/26/2021 23:00,2,1,1
8/27/2021 0:00,0,0,0
8/27/2021 1:00,0,0,0
8/27/2021 2:00,0,0,0
8/27/2021 3:00,1,0,1
8/27/2021 4:00,0,0,0
8/27/2021 5:00,0,0,0
8/27/2021 6:00,2,1,1
8/27/2021 7:00,1,1,0
8/27/2021 8:00,4,1,3
8/27/2021 9:00,11,8,3
8/27/2021 10:00,2,2,0
8/27/2021 11:00,6,3,3
8/27/2021 12:00,17,9,8
8/27/2021 13:00,21,8,13
8/27/2021 14:00,4,2,2
8/27/2021 15:00,12,5,7
8/27/2021 16:00,11,6,5
8/27/2021 17:00,14,11,3
8/27/2021 18:00,12,7,5
8/27/2021 19:00,14,5,9
8/27/2021 20:00,2,2,0
8/27/2021 21:00,6,3,3
8/27/2021 22:00,0,0,0
8/27/2021 23:00,0,0,0
8/28/2021 0:00,1,1,0
8/28/2021 1:00,0,0,0
8/28/2021 2:00,1,0,1
8/28/2021 3:00,0,0,0
8/28/2021 4:00,1,1,0
8/28/2021 5:00,2,0,2
8/28/2021 6:00,1,0,1
8/28/2021 7:00,5,0,5
8/28/2021 8:00,2,2,0
8/28/2021 9:00,8,3,5
8/28/2021 10:00,16,6,10
8/28/2021 11:00,15,4,11
8/28/2021 12:00,16,9,7
8/28/2021 13:00,15,9,6
8/28/2021 14:00,21,7,14
8/28/2021 15:00,12,8,4
8/28/2021 16:00,16,9,7
8/28/2021 17:00,15,9,6
8/28/2021 18:00,12,11,1
8/28/2021 19:00,9,7,2
8/28/2021 20:00,6,2,4
8/28/2021 21:00,1,1,0
8/28/2021 22:00,4,0,4
8/28/2021 23:00,0,0,0
8/29/2021 0:00,0,0,0
8/29/2021 1:00,0,0,0
8/29/2021 2:00,0,0,0
8/29/2021 3:00,0,0,0
8/29/2021 4:00,0,0,0
8/29/2021 5:00,1,0,1
8/29/2021 6:00,2,2,0
8/29/2021 7:00,6,1,5
8/29/2021 8:00,4,2,2
8/29/2021 9:00,11,6,5
8/29/2021 10:00,11,6,5
8/29/2021 11:00,9,2,7
8/29/2021 12:00,19,7,12
8/29/2021 13:00,13,9,4
8/29/2021 14:00,14,8,6
8/29/2021 15:00,23,14,9
8/29/2021 16:00,13,6,7
8/29/2021 17:00,17,9,8
8/29/2021 18:00,12,4,8
8/29/2021 19:00,12,10,2
8/29/2021 20:00,3,3,0
8/29/2021 21:00,2,1,1
8/29/2021 22:00,3,1,2
8/29/2021 23:00,1,1,0
8/30/2021 0:00,0,0,0
8/30/2021 1:00,0,0,0
8/30/2021 2:00,0,0,0
8/30/2021 3:00,0,0,0
8/30/2021 4:00,0,0,0
8/30/2021 5:00,0,0,0
8/30/2021 6:00,0,0,0
8/30/2021 7:00,4,2,2
8/30/2021 8:00,8,3,5
8/30/2021 9:00,6,3,3
8/30/2021 10:00,6,4,2
8/30/2021 11:00,8,6,2
8/30/2021 12:00,5,2,3
8/30/2021 13:00,4,2,2
8/30/2021 14:00,9,3,6
8/30/2021 15:00,12,9,3
8/30/2021 16:00,5,2,3
8/30/2021 17:00,9,5,4
8/30/2021 18:00,10,6,4
8/30/2021 19:00,12,8,4
8/30/2021 20:00,3,2,1
8/30/2021 21:00,3,2,1
8/30/2021 22:00,0,0,0
8/30/2021 23:00,1,0,1
8/31/2021 0:00,0,0,0
8/31/2021 1:00,0,0,0
8/31/2021 2:00,0,0,0
8/31/2021 3:00,0,0,0
8/31/2021 4:00,0,0,0
8/31/2021 5:00,2,0,2
8/31/2021 6:00,5,2,3
8/31/2021 7:00,9,5,4
8/31/2021 8:00,7,5,2
8/31/2021 9:00,4,1,3
8/31/2021 10:00,7,4,3
8/31/2021 11:00,4,2,2
8/31/2021 12:00,5,4,1
8/31/2021 13:00,11,7,4
8/31/2021 14:00,8,4,4
8/31/2021 15:00,8,5,3
8/31/2021 16:00,7,4,3
8/31/2021 17:00,8,4,4
8/31/2021 18:00,13,3,10
8/31/2021 19:00,2,1,1
8/31/2021 20:00,4,3,1
8/31/2021 21:00,0,0,0
8/31/2021 22:00,1,1,0
8/31/2021 23:00,0,0,0
9/1/2021 0:00,0,0,0
9/1/2021 1:00,0,0,0
9/1/2021 2:00,0,0,0
9/1/2021 3:00,0,0,0
9/1/2021 4:00,0,0,0
9/1/2021 5:00,0,0,0
9/1/2021 6:00,0,0,0
9/1/2021 7:00,7,5,2
9/1/2021 8:00,3,1,2
9/1/2021 9:00,8,5,3
9/1/2021 10:00,8,4,4
9/1/2021 11:00,6,2,4
9/1/2021 12:00,6,3,3
9/1/2021 13:00,4,1,3
9/1/2021 14:00,10,4,6
9/1/2021 15:00,16,7,9
9/1/2021 16:00,19,10,9
9/1/2021 17:00,18,13,5
9/1/2021 18:00,18,7,11
9/1/2021 19:00,12,6,6
9/1/2021 20:00,5,3,2
9/1/2021 21:00,2,1,1
9/1/2021 22:00,3,3,0
9/1/2021 23:00,0,0,0
9/2/2021 0:00,0,0,0
9/2/2021 1:00,0,0,0
9/2/2021 2:00,1,0,1
9/2/2021 3:00,0,0,0
9/2/2021 4:00,0,0,0
9/2/2021 5:00,0,0,0
9/2/2021 6:00,4,2,2
9/2/2021 7:00,6,3,3
9/2/2021 8:00,6,3,3
9/2/2021 9:00,8,4,4
9/2/2021 10:00,4,4,0
9/2/2021 11:00,11,6,5
9/2/2021 12:00,8,4,4
9/2/2021 13:00,7,3,4
9/2/2021 14:00,10,6,4
9/2/2021 15:00,6,1,5
9/2/2021 16:00,10,6,4
9/2/2021 17:00,22,12,10
9/2/2021 18:00,28,12,16
9/2/2021 19:00,14,7,7
9/2/2021 20:00,7,7,0
9/2/2021 21:00,3,2,1
9/2/2021 22:00,1,1,0
9/2/2021 23:00,1,1,0
9/3/2021 0:00,0,0,0
9/3/2021 1:00,0,0,0
9/3/2021 2:00,0,0,0
9/3/2021 3:00,0,0,0
9/3/2021 4:00,1,1,0
9/3/2021 5:00,2,1,1
9/3/2021 6:00,0,0,0
9/3/2021 7:00,9,3,6
9/3/2021 8:00,8,2,6
9/3/2021 9:00,17,13,4
9/3/2021 10:00,6,4,2
9/3/2021 11:00,9,5,4
9/3/2021 12:00,7,3,4
9/3/2021 13:00,12,6,6
9/3/2021 14:00,10,4,6
9/3/2021 15:00,10,6,4
9/3/2021 16:00,17,12,5
9/3/2021 17:00,9,2,7
9/3/2021 18:00,13,11,2
9/3/2021 19:00,8,4,4
9/3/2021 20:00,3,2,1
9/3/2021 21:00,0,0,0
9/3/2021 22:00,1,1,0
9/3/2021 23:00,3,2,1
9/4/2021 0:00,2,1,1
9/4/2021 1:00,1,1,0
9/4/2021 2:00,1,0,1
9/4/2021 3:00,2,1,1
9/4/2021 4:00,0,0,0
9/4/2021 5:00,0,0,0
9/4/2021 6:00,0,0,0
9/4/2021 7:00,3,0,3
9/4/2021 8:00,4,2,2
9/4/2021 9:00,8,3,5
9/4/2021 10:00,5,3,2
9/4/2021 11:00,22,8,14
9/4/2021 12:00,21,7,14
9/4/2021 13:00,16,8,8
9/4/2021 14:00,14,8,6
9/4/2021 15:00,10,6,4
9/4/2021 16:00,12,6,6
9/4/2021 17:00,9,8,1
9/4/2021 18:00,8,6,2
9/4/2021 19:00,4,4,0
9/4/2021 20:00,10,8,2
9/4/2021 21:00,4,1,3
9/4/2021 22:00,2,2,0
9/4/2021 23:00,3,2,1
9/5/2021 0:00,0,0,0
9/5/2021 1:00,0,0,0
9/5/2021 2:00,0,0,0
9/5/2021 3:00,0,0,0
9/5/2021 4:00,0,0,0
9/5/2021 5:00,0,0,0
9/5/2021 6:00,0,0,0
9/5/2021 7:00,2,2,0
9/5/2021 8:00,5,2,3
9/5/2021 9:00,7,3,4
9/5/2021 10:00,9,3,6
9/5/2021 11:00,11,5,6
9/5/2021 12:00,27,11,16
9/5/2021 13:00,21,9,12
9/5/2021 14:00,21,16,5
9/5/2021 15:00,31,25,6
9/5/2021 16:00,14,5,9
9/5/2021 17:00,14,9,5
9/5/2021 18:00,8,2,6
9/5/2021 19:00,8,5,3
9/5/2021 20:00,1,1,0
9/5/2021 21:00,1,1,0
9/5/2021 22:00,2,0,2
9/5/2021 23:00,0,0,0
9/6/2021 0:00,0,0,0
9/6/2021 1:00,0,0,0
9/6/2021 2:00,0,0,0
9/6/2021 3:00,1,1,0
9/6/2021 4:00,1,0,1
9/6/2021 5:00,1,1,0
9/6/2021 6:00,0,0,0
9/6/2021 7:00,2,2,0
9/6/2021 8:00,4,1,3
9/6/2021 9:00,4,1,3
9/6/2021 10:00,7,4,3
9/6/2021 11:00,11,5,6
9/6/2021 12:00,17,8,9
9/6/2021 13:00,24,15,9
9/6/2021 14:00,19,6,13
9/6/2021 15:00,15,3,12
9/6/2021 16:00,16,10,6
9/6/2021 17:00,16,12,4
9/6/2021 18:00,8,6,2
9/6/2021 19:00,10,5,5
9/6/2021 20:00,2,2,0
9/6/2021 21:00,1,1,0
9/6/2021 22:00,1,1,0
9/6/2021 23:00,2,2,0
9/7/2021 0:00,0,0,0
9/7/2021 1:00,3,1,2
9/7/2021 2:00,0,0,0
9/7/2021 3:00,0,0,0
9/7/2021 4:00,0,0,0
9/7/2021 5:00,0,0,0
9/7/2021 6:00,1,0,1
9/7/2021 7:00,3,0,3
9/7/2021 8:00,7,5,2
9/7/2021 9:00,2,1,1
9/7/2021 10:00,8,4,4
9/7/2021 11:00,5,2,3
9/7/2021 12:00,10,5,5
9/7/2021 13:00,6,2,4
9/7/2021 14:00,10,6,4
9/7/2021 15:00,13,4,9
9/7/2021 16:00,17,8,9
9/7/2021 17:00,29,16,13
9/7/2021 18:00,15,5,10
9/7/2021 19:00,13,7,6
9/7/2021 20:00,7,5,2
9/7/2021 21:00,3,0,3
9/7/2021 22:00,4,1,3
9/7/2021 23:00,0,0,0
9/8/2021 0:00,0,0,0
9/8/2021 1:00,0,0,0
9/8/2021 2:00,0,0,0
9/8/2021 3:00,0,0,0
9/8/2021 4:00,0,0,0
9/8/2021 5:00,0,0,0
9/8/2021 6:00,3,1,2
9/8/2021 7:00,10,7,3
9/8/2021 8:00,9,3,6
9/8/2021 9:00,7,4,3
9/8/2021 10:00,4,1,3
9/8/2021 11:00,13,6,7
9/8/2021 12:00,11,7,4
9/8/2021 13:00,16,11,5
9/8/2021 14:00,7,2,5
9/8/2021 15:00,4,3,1
9/8/2021 16:00,10,6,4
9/8/2021 17:00,14,4,10
9/8/2021 18:00,20,12,8
9/8/2021 19:00,10,4,6
9/8/2021 20:00,5,4,1
9/8/2021 21:00,1,0,1
9/8/2021 22:00,2,1,1
9/8/2021 23:00,1,1,0
9/9/2021 0:00,1,0,1
9/9/2021 1:00,0,0,0
9/9/2021 2:00,0,0,0
9/9/2021 3:00,0,0,0
9/9/2021 4:00,0,0,0
9/9/2021 5:00,0,0,0
9/9/2021 6:00,1,0,1
9/9/2021 7:00,8,5,3
9/9/2021 8:00,12,7,5
9/9/2021 9:00,2,1,1
9/9/2021 10:00,8,3,5
9/9/2021 11:00,10,6,4
9/9/2021 12:00,6,2,4
9/9/2021 13:00,9,1,8
9/9/2021 14:00,7,6,1
9/9/2021 15:00,4,0,4
9/9/2021 16:00,16,8,8
9/9/2021 17:00,23,13,10
9/9/2021 18:00,24,15,9
9/9/2021 19:00,10,3,7
9/9/2021 20:00,6,3,3
9/9/2021 21:00,3,1,2
9/9/2021 22:00,3,2,1
9/9/2021 23:00,1,0,1
9/10/2021 0:00,0,0,0
9/10/2021 1:00,0,0,0
9/10/2021 2:00,0,0,0
9/10/2021 3:00,0,0,0
9/10/2021 4:00,0,0,0
9/10/2021 5:00,1,0,1
9/10/2021 6:00,2,1,1
9/10/2021 7:00,7,2,5
9/10/2021 8:00,9,7,2
9/10/2021 9:00,7,3,4
9/10/2021 10:00,10,4,6
9/10/2021 11:00,5,1,4
9/10/2021 12:00,10,6,4
9/10/2021 13:00,5,2,3
9/10/2021 14:00,8,6,2
9/10/2021 15:00,13,4,9
9/10/2021 16:00,11,7,4
9/10/2021 17:00,8,3,5
9/10/2021 18:00,12,6,6
9/10/2021 19:00,4,1,3
9/10/2021 20:00,8,8,0
9/10/2021 21:00,0,0,0
9/10/2021 22:00,3,1,2
9/10/2021 23:00,1,1,0
9/11/2021 0:00,1,0,1
9/11/2021 1:00,0,0,0
9/11/2021 2:00,1,0,1
9/11/2021 3:00,1,1,0
9/11/2021 4:00,1,0,1
9/11/2021 5:00,0,0,0
9/11/2021 6:00,1,1,0
9/11/2021 7:00,2,1,1
9/11/2021 8:00,0,0,0
9/11/2021 9:00,4,3,1
9/11/2021 10:00,14,5,9
9/11/2021 11:00,12,8,4
9/11/2021 12:00,12,6,6
9/11/2021 13:00,8,3,5
9/11/2021 14:00,15,7,8
9/11/2021 15:00,15,10,5
9/11/2021 16:00,13,6,7
9/11/2021 17:00,11,4,7
9/11/2021 18:00,9,7,2
9/11/2021 19:00,7,5,2
9/11/2021 20:00,3,3,0
9/11/2021 21:00,2,1,1
9/11/2021 22:00,3,1,2
9/11/2021 23:00,1,1,0
9/12/2021 0:00,0,0,0
9/12/2021 1:00,0,0,0
9/12/2021 2:00,0,0,0
9/12/2021 3:00,0,0,0
9/12/2021 4:00,0,0,0
9/12/2021 5:00,0,0,0
9/12/2021 6:00,0,0,0
9/12/2021 7:00,4,1,3
9/12/2021 8:00,1,1,0
9/12/2021 9:00,8,4,4
9/12/2021 10:00,5,4,1
9/12/2021 11:00,7,2,5
9/12/2021 12:00,5,4,1
9/12/2021 13:00,8,4,4
9/12/2021 14:00,18,10,8
9/12/2021 15:00,19,13,6
9/12/2021 16:00,12,8,4
9/12/2021 17:00,11,8,3
9/12/2021 18:00,18,10,8
9/12/2021 19:00,3,2,1
9/12/2021 20:00,4,2,2
9/12/2021 21:00,1,1,0
9/12/2021 22:00,0,0,0
9/12/2021 23:00,1,0,1
9/13/2021 0:00,0,0,0
9/13/2021 1:00,0,0,0
9/13/2021 2:00,0,0,0
9/13/2021 3:00,0,0,0
9/13/2021 4:00,0,0,0
9/13/2021 5:00,0,0,0
9/13/2021 6:00,0,0,0
9/13/2021 7:00,3,1,2
9/13/2021 8:00,8,4,4
9/13/2021 9:00,5,4,1
9/13/2021 10:00,0,0,0
9/13/2021 11:00,2,1,1
9/13/2021 12:00,6,4,2
9/13/2021 13:00,4,1,3
9/13/2021 14:00,6,4,2
9/13/2021 15:00,11,7,4
9/13/2021 16:00,12,7,5
9/13/2021 17:00,18,10,8
9/13/2021 18:00,20,13,7
9/13/2021 19:00,6,1,5
9/13/2021 20:00,1,1,0
9/13/2021 21:00,6,4,2
9/13/2021 22:00,1,1,0
9/13/2021 23:00,1,0,1
9/14/2021 0:00,0,0,0
9/14/2021 1:00,0,0,0
9/14/2021 2:00,0,0,0
9/14/2021 3:00,0,0,0
9/14/2021 4:00,0,0,0
9/14/2021 5:00,0,0,0
9/14/2021 6:00,1,1,0
9/14/2021 7:00,5,3,2
9/14/2021 8:00,16,7,9
9/14/2021 9:00,10,6,4
9/14/2021 10:00,3,2,1
9/14/2021 11:00,3,2,1
9/14/2021 12:00,8,5,3
9/14/2021 13:00,11,7,4
9/14/2021 14:00,6,3,3
9/14/2021 15:00,9,3,6
9/14/2021 16:00,9,6,3
9/14/2021 17:00,18,6,12
9/14/2021 18:00,10,5,5
9/14/2021 19:00,8,6,2
9/14/2021 20:00,5,4,1
9/14/2021 21:00,3,1,2
9/14/2021 22:00,0,0,0
9/14/2021 23:00,1,1,0
9/15/2021 0:00,0,0,0
9/15/2021 1:00,0,0,0
9/15/2021 2:00,0,0,0
9/15/2021 3:00,1,0,1
9/15/2021 4:00,1,0,1
9/15/2021 5:00,0,0,0
9/15/2021 6:00,1,0,1
9/15/2021 7:00,4,3,1
9/15/2021 8:00,12,9,3
9/15/2021 9:00,2,2,0
9/15/2021 10:00,7,5,2
9/15/2021 11:00,4,1,3
9/15/2021 12:00,8,3,5
9/15/2021 13:00,8,5,3
9/15/2021 14:00,5,2,3
9/15/2021 15:00,9,7,2
9/15/2021 16:00,12,7,5
9/15/2021 17:00,16,7,9
9/15/2021 18:00,14,6,8
9/15/2021 19:00,14,11,3
9/15/2021 20:00,2,2,0
9/15/2021 21:00,2,2,0
9/15/2021 22:00,1,1,0
9/15/2021 23:00,0,0,0
9/16/2021 0:00,1,1,0
9/16/2021 1:00,0,0,0
9/16/2021 2:00,0,0,0
9/16/2021 3:00,0,0,0
9/16/2021 4:00,0,0,0
9/16/2021 5:00,1,0,1
9/16/2021 6:00,4,2,2
9/16/2021 7:00,4,2,2
9/16/2021 8:00,10,6,4
9/16/2021 9:00,5,2,3
9/16/2021 10:00,10,9,1
9/16/2021 11:00,7,3,4
9/16/2021 12:00,8,5,3
9/16/2021 13:00,14,4,10
9/16/2021 14:00,14,7,7
9/16/2021 15:00,16,8,8
9/16/2021 16:00,8,4,4
9/16/2021 17:00,17,7,10
9/16/2021 18:00,20,10,10
9/16/2021 19:00,6,3,3
9/16/2021 20:00,8,7,1
9/16/2021 21:00,1,0,1
9/16/2021 22:00,2,2,0
9/16/2021 23:00,2,1,1
9/17/2021 0:00,1,0,1
9/17/2021 1:00,0,0,0
9/17/2021 2:00,0,0,0
9/17/2021 3:00,0,0,0
9/17/2021 4:00,0,0,0
9/17/2021 5:00,0,0,0
9/17/2021 6:00,1,0,1
9/17/2021 7:00,3,2,1
9/17/2021 8:00,4,1,3
9/17/2021 9:00,3,1,2
9/17/2021 10:00,3,2,1
9/17/2021 11:00,2,2,0
9/17/2021 12:00,2,2,0
9/17/2021 13:00,1,0,1
9/17/2021 14:00,5,1,4
9/17/2021 15:00,8,5,3
9/17/2021 16:00,10,7,3
9/17/2021 17:00,5,4,1
9/17/2021 18:00,2,0,2
9/17/2021 19:00,4,3,1
9/17/2021 20:00,1,1,0
9/17/2021 21:00,0,0,0
9/17/2021 22:00,1,1,0
9/17/2021 23:00,3,2,1
9/18/2021 0:00,0,0,0
9/18/2021 1:00,0,0,0
9/18/2021 2:00,0,0,0
9/18/2021 3:00,0,0,0
9/18/2021 4:00,0,0,0
9/18/2021 5:00,0,0,0
9/18/2021 6:00,0,0,0
9/18/2021 7:00,2,0,2
9/18/2021 8:00,4,2,2
9/18/2021 9:00,2,1,1
9/18/2021 10:00,11,5,6
9/18/2021 11:00,11,1,10
9/18/2021 12:00,10,5,5
9/18/2021 13:00,9,4,5
9/18/2021 14:00,3,3,0
9/18/2021 15:00,4,2,2
9/18/2021 16:00,0,0,0
9/18/2021 17:00,3,2,1
9/18/2021 18:00,4,3,1
9/18/2021 19:00,1,0,1
9/18/2021 20:00,3,2,1
9/18/2021 21:00,0,0,0
9/18/2021 22:00,0,0,0
9/18/2021 23:00,0,0,0
9/19/2021 0:00,0,0,0
9/19/2021 1:00,0,0,0
9/19/2021 2:00,1,0,1
9/19/2021 3:00,0,0,0
9/19/2021 4:00,0,0,0
9/19/2021 5:00,0,0,0
9/19/2021 6:00,0,0,0
9/19/2021 7:00,4,2,2
9/19/2021 8:00,4,3,1
9/19/2021 9:00,5,1,4
9/19/2021 10:00,6,4,2
9/19/2021 11:00,9,4,5
9/19/2021 12:00,4,4,0
9/19/2021 13:00,13,7,6
9/19/2021 14:00,12,6,6
9/19/2021 15:00,12,6,6
9/19/2021 16:00,12,7,5
9/19/2021 17:00,0,0,0
9/19/2021 18:00,3,2,1
9/19/2021 19:00,1,0,1
9/19/2021 20:00,3,2,1
9/19/2021 21:00,0,0,0
9/19/2021 22:00,0,0,0
9/19/2021 23:00,0,0,0
9/20/2021 0:00,0,0,0
9/20/2021 1:00,0,0,0
9/20/2021 2:00,0,0,0
9/20/2021 3:00,1,1,0
9/20/2021 4:00,0,0,0
9/20/2021 5:00,0,0,0
9/20/2021 6:00,1,1,0
9/20/2021 7:00,6,4,2
9/20/2021 8:00,7,5,2
9/20/2021 9:00,7,5,2
9/20/2021 10:00,2,1,1
9/20/2021 11:00,8,4,4
9/20/2021 12:00,7,4,3
9/20/2021 13:00,8,5,3
9/20/2021 14:00,4,1,3
9/20/2021 15:00,6,2,4
9/20/2021 16:00,16,8,8
9/20/2021 17:00,18,14,4
9/20/2021 18:00,17,8,9
9/20/2021 19:00,10,3,7
9/20/2021 20:00,8,5,3
9/20/2021 21:00,2,1,1
9/20/2021 22:00,0,0,0
9/20/2021 23:00,0,0,0
9/21/2021 0:00,3,2,1
9/21/2021 1:00,0,0,0
9/21/2021 2:00,0,0,0
9/21/2021 3:00,1,0,1
9/21/2021 4:00,1,0,1
9/21/2021 5:00,1,0,1
9/21/2021 6:00,2,2,0
9/21/2021 7:00,6,2,4
9/21/2021 8:00,19,13,6
9/21/2021 9:00,3,2,1
9/21/2021 10:00,2,0,2
9/21/2021 11:00,10,6,4
9/21/2021 12:00,4,2,2
9/21/2021 13:00,10,6,4
9/21/2021 14:00,8,4,4
9/21/2021 15:00,14,7,7
9/21/2021 16:00,14,7,7
9/21/2021 17:00,20,8,12
9/21/2021 18:00,32,15,17
9/21/2021 19:00,13,7,6
9/21/2021 20:00,4,1,3
9/21/2021 21:00,4,1,3
9/21/2021 22:00,2,1,1
9/21/2021 23:00,1,1,0
9/22/2021 0:00,0,0,0
9/22/2021 1:00,0,0,0
9/22/2021 2:00,0,0,0
9/22/2021 3:00,1,1,0
9/22/2021 4:00,0,0,0
9/22/2021 5:00,0,0,0
9/22/2021 6:00,1,1,0
9/22/2021 7:00,8,7,1
9/22/2021 8:00,14,11,3
9/22/2021 9:00,4,2,2
9/22/2021 10:00,6,2,4
9/22/2021 11:00,3,1,2
9/22/2021 12:00,7,5,2
9/22/2021 13:00,6,3,3
9/22/2021 14:00,7,5,2
9/22/2021 15:00,10,3,7
9/22/2021 16:00,9,2,7
9/22/2021 17:00,18,11,7
9/22/2021 18:00,29,12,17
9/22/2021 19:00,7,5,2
9/22/2021 20:00,8,6,2
9/22/2021 21:00,6,5,1
9/22/2021 22:00,0,0,0
9/22/2021 23:00,0,0,0
9/23/2021 0:00,0,0,0
9/23/2021 1:00,2,1,1
9/23/2021 2:00,0,0,0
9/23/2021 3:00,0,0,0
9/23/2021 4:00,0,0,0
9/23/2021 5:00,1,0,1
9/23/2021 6:00,1,0,1
9/23/2021 7:00,6,4,2
9/23/2021 8:00,15,10,5
9/23/2021 9:00,4,3,1
9/23/2021 10:00,3,2,1
9/23/2021 11:00,10,6,4
9/23/2021 12:00,6,2,4
9/23/2021 13:00,8,4,4
9/23/2021 14:00,13,4,9
9/23/2021 15:00,6,3,3
9/23/2021 16:00,13,5,8
9/23/2021 17:00,16,10,6
9/23/2021 18:00,19,10,9
9/23/2021 19:00,12,9,3
9/23/2021 20:00,0,0,0
9/23/2021 21:00,2,2,0
9/23/2021 22:00,2,0,2
9/23/2021 23:00,1,0,1
9/24/2021 0:00,0,0,0
9/24/2021 1:00,0,0,0
9/24/2021 2:00,0,0,0
9/24/2021 3:00,1,0,1
9/24/2021 4:00,0,0,0
9/24/2021 5:00,0,0,0
9/24/2021 6:00,1,1,0
9/24/2021 7:00,4,2,2
9/24/2021 8:00,7,4,3
9/24/2021 9:00,7,4,3
9/24/2021 10:00,10,5,5
9/24/2021 11:00,2,1,1
9/24/2021 12:00,5,5,0
9/24/2021 13:00,6,5,1
9/24/2021 14:00,4,2,2
9/24/2021 15:00,14,7,7
9/24/2021 16:00,12,4,8
9/24/2021 17:00,16,6,10
9/24/2021 18:00,14,7,7
9/24/2021 19:00,12,8,4
9/24/2021 20:00,4,3,1
9/24/2021 21:00,3,2,1
9/24/2021 22:00,0,0,0
9/24/2021 23:00,2,1,1
9/25/2021 0:00,1,0,1
9/25/2021 1:00,0,0,0
9/25/2021 2:00,0,0,0
9/25/2021 3:00,0,0,0
9/25/2021 4:00,0,0,0
9/25/2021 5:00,0,0,0
9/25/2021 6:00,0,0,0
9/25/2021 7:00,2,1,1
9/25/2021 8:00,3,0,3
9/25/2021 9:00,7,3,4
9/25/2021 10:00,14,6,8
9/25/2021 11:00,17,2,15
9/25/2021 12:00,19,13,6
9/25/2021 13:00,10,4,6
9/25/2021 14:00,25,15,10
9/25/2021 15:00,17,11,6
9/25/2021 16:00,15,8,7
9/25/2021 17:00,9,4,5
9/25/2021 18:00,10,6,4
9/25/2021 19:00,6,3,3
9/25/2021 20:00,1,1,0
9/25/2021 21:00,2,0,2
9/25/2021 22:00,1,1,0
9/25/2021 23:00,1,0,1
9/26/2021 0:00,0,0,0
9/26/2021 1:00,1,0,1
9/26/2021 2:00,0,0,0
9/26/2021 3:00,0,0,0
9/26/2021 4:00,0,0,0
9/26/2021 5:00,0,0,0
9/26/2021 6:00,1,1,0
9/26/2021 7:00,1,0,1
9/26/2021 8:00,3,3,0
9/26/2021 9:00,3,1,2
9/26/2021 10:00,11,5,6
9/26/2021 11:00,10,6,4
9/26/2021 12:00,8,0,8
9/26/2021 13:00,6,4,2
9/26/2021 14:00,6,3,3
9/26/2021 15:00,2,0,2
9/26/2021 16:00,1,0,1
9/26/2021 17:00,0,0,0
9/26/2021 18:00,0,0,0
9/26/2021 19:00,4,4,0
9/26/2021 20:00,2,1,1
9/26/2021 21:00,2,0,2
9/26/2021 22:00,2,0,2
9/26/2021 23:00,0,0,0
9/27/2021 0:00,0,0,0
9/27/2021 1:00,0,0,0
9/27/2021 2:00,0,0,0
9/27/2021 3:00,0,0,0
9/27/2021 4:00,0,0,0
9/27/2021 5:00,0,0,0
9/27/2021 6:00,0,0,0
9/27/2021 7:00,5,4,1
9/27/2021 8:00,4,1,3
9/27/2021 9:00,4,3,1
9/27/2021 10:00,4,2,2
9/27/2021 11:00,0,0,0
9/27/2021 12:00,5,2,3
9/27/2021 13:00,5,2,3
9/27/2021 14:00,2,1,1
9/27/2021 15:00,3,2,1
9/27/2021 16:00,3,1,2
9/27/2021 17:00,5,3,2
9/27/2021 18:00,7,5,2
9/27/2021 19:00,4,3,1
9/27/2021 20:00,3,2,1
9/27/2021 21:00,2,0,2
9/27/2021 22:00,2,2,0
9/27/2021 23:00,0,0,0
9/28/2021 0:00,0,0,0
9/28/2021 1:00,0,0,0
9/28/2021 2:00,0,0,0
9/28/2021 3:00,0,0,0
9/28/2021 4:00,0,0,0
9/28/2021 5:00,1,0,1
9/28/2021 6:00,1,0,1
9/28/2021 7:00,5,3,2
9/28/2021 8:00,13,7,6
9/28/2021 9:00,5,2,3
9/28/2021 10:00,0,0,0
9/28/2021 11:00,1,0,1
9/28/2021 12:00,3,1,2
9/28/2021 13:00,7,3,4
9/28/2021 14:00,5,3,2
9/28/2021 15:00,10,5,5
9/28/2021 16:00,5,2,3
9/28/2021 17:00,12,5,7
9/28/2021 18:00,15,7,8
9/28/2021 19:00,6,1,5
9/28/2021 20:00,6,3,3
9/28/2021 21:00,3,2,1
9/28/2021 22:00,1,0,1
9/28/2021 23:00,0,0,0
9/29/2021 0:00,0,0,0
9/29/2021 1:00,1,1,0
9/29/2021 2:00,0,0,0
9/29/2021 3:00,1,1,0
9/29/2021 4:00,0,0,0
9/29/2021 5:00,0,0,0
9/29/2021 6:00,2,1,1
9/29/2021 7:00,5,2,3
9/29/2021 8:00,12,8,4
9/29/2021 9:00,5,3,2
9/29/2021 10:00,4,1,3
9/29/2021 11:00,3,1,2
9/29/2021 12:00,5,3,2
9/29/2021 13:00,3,2,1
9/29/2021 14:00,3,2,1
9/29/2021 15:00,3,1,2
9/29/2021 16:00,10,6,4
9/29/2021 17:00,13,8,5
9/29/2021 18:00,6,1,5
9/29/2021 19:00,5,3,2
9/29/2021 20:00,0,0,0
9/29/2021 21:00,2,1,1
9/29/2021 22:00,1,1,0
9/29/2021 23:00,1,0,1
9/30/2021 0:00,0,0,0
9/30/2021 1:00,0,0,0
9/30/2021 2:00,0,0,0
9/30/2021 3:00,0,0,0
9/30/2021 4:00,0,0,0
9/30/2021 5:00,0,0,0
9/30/2021 6:00,0,0,0
9/30/2021 7:00,5,3,2
9/30/2021 8:00,8,6,2
9/30/2021 9:00,6,4,2
9/30/2021 10:00,6,2,4
9/30/2021 11:00,2,1,1
9/30/2021 12:00,1,1,0
9/30/2021 13:00,3,3,0
9/30/2021 14:00,2,2,0
9/30/2021 15:00,1,0,1
9/30/2021 16:00,7,2,5
9/30/2021 17:00,7,4,3
9/30/2021 18:00,7,3,4
9/30/2021 19:00,3,2,1
9/30/2021 20:00,5,1,4
9/30/2021 21:00,1,1,0
9/30/2021 22:00,1,1,0
9/30/2021 23:00,0,0,0
10/1/2021 0:00,0,0,0
10/1/2021 1:00,0,0,0
10/1/2021 2:00,0,0,0
10/1/2021 3:00,0,0,0
10/1/2021 4:00,0,0,0
10/1/2021 5:00,0,0,0
10/1/2021 6:00,1,1,0
10/1/2021 7:00,4,2,2
10/1/2021 8:00,8,7,1
10/1/2021 9:00,5,5,0
10/1/2021 10:00,6,1,5
10/1/2021 11:00,8,3,5
10/1/2021 12:00,10,6,4
10/1/2021 13:00,13,8,5
10/1/2021 14:00,7,4,3
10/1/2021 15:00,6,3,3
10/1/2021 16:00,17,4,13
10/1/2021 17:00,14,8,6
10/1/2021 18:00,13,6,7
10/1/2021 19:00,3,3,0
10/1/2021 20:00,2,2,0
10/1/2021 21:00,1,1,0
10/1/2021 22:00,2,1,1
10/1/2021 23:00,0,0,0
10/2/2021 0:00,1,0,1
10/2/2021 1:00,0,0,0
10/2/2021 2:00,0,0,0
10/2/2021 3:00,1,1,0
10/2/2021 4:00,0,0,0
10/2/2021 5:00,0,0,0
10/2/2021 6:00,1,1,0
10/2/2021 7:00,2,1,1
10/2/2021 8:00,4,1,3
10/2/2021 9:00,7,4,3
10/2/2021 10:00,8,5,3
10/2/2021 11:00,7,4,3
10/2/2021 12:00,11,7,4
10/2/2021 13:00,12,4,8
10/2/2021 14:00,9,4,5
10/2/2021 15:00,9,5,4
10/2/2021 16:00,8,6,2
10/2/2021 17:00,7,6,1
10/2/2021 18:00,1,0,1
10/2/2021 19:00,7,7,0
10/2/2021 20:00,1,1,0
10/2/2021 21:00,3,1,2
10/2/2021 22:00,0,0,0
10/2/2021 23:00,2,2,0
10/3/2021 0:00,0,0,0
10/3/2021 1:00,0,0,0
10/3/2021 2:00,0,0,0
10/3/2021 3:00,0,0,0
10/3/2021 4:00,0,0,0
10/3/2021 5:00,0,0,0
10/3/2021 6:00,1,1,0
10/3/2021 7:00,1,0,1
10/3/2021 8:00,5,2,3
10/3/2021 9:00,4,2,2
10/3/2021 10:00,8,5,3
10/3/2021 11:00,3,1,2
10/3/2021 12:00,14,3,11
10/3/2021 13:00,5,3,2
10/3/2021 14:00,5,2,3
10/3/2021 15:00,7,5,2
10/3/2021 16:00,4,2,2
10/3/2021 17:00,9,3,6
10/3/2021 18:00,3,2,1
10/3/2021 19:00,2,1,1
10/3/2021 20:00,1,0,1
10/3/2021 21:00,1,1,0
10/3/2021 22:00,0,0,0
10/3/2021 23:00,1,0,1
10/4/2021 0:00,2,1,1
10/4/2021 1:00,0,0,0
10/4/2021 2:00,0,0,0
10/4/2021 3:00,0,0,0
10/4/2021 4:00,0,0,0
10/4/2021 5:00,2,1,1
10/4/2021 6:00,2,2,0
10/4/2021 7:00,6,4,2
10/4/2021 8:00,15,11,4
10/4/2021 9:00,5,3,2
10/4/2021 10:00,6,3,3
10/4/2021 11:00,2,0,2
10/4/2021 12:00,2,1,1
10/4/2021 13:00,6,3,3
10/4/2021 14:00,4,2,2
10/4/2021 15:00,7,4,3
10/4/2021 16:00,15,11,4
10/4/2021 17:00,10,4,6
10/4/2021 18:00,13,7,6
10/4/2021 19:00,1,1,0
10/4/2021 20:00,4,3,1
10/4/2021 21:00,1,0,1
10/4/2021 22:00,3,1,2
10/4/2021 23:00,0,0,0
10/5/2021 0:00,0,0,0
10/5/2021 1:00,0,0,0
10/5/2021 2:00,0,0,0
10/5/2021 3:00,0,0,0
10/5/2021 4:00,1,0,1
10/5/2021 5:00,0,0,0
10/5/2021 6:00,4,2,2
10/5/2021 7:00,2,1,1
10/5/2021 8:00,4,3,1
10/5/2021 9:00,4,3,1
10/5/2021 10:00,4,0,4
10/5/2021 11:00,5,3,2
10/5/2021 12:00,1,1,0
10/5/2021 13:00,6,2,4
10/5/2021 14:00,1,1,0
10/5/2021 15:00,3,1,2
10/5/2021 16:00,8,5,3
10/5/2021 17:00,6,5,1
10/5/2021 18:00,10,4,6
10/5/2021 19:00,4,2,2
10/5/2021 20:00,3,3,0
10/5/2021 21:00,1,0,1
10/5/2021 22:00,1,1,0
10/5/2021 23:00,0,0,0
10/6/2021 0:00,3,3,0
10/6/2021 1:00,0,0,0
10/6/2021 2:00,0,0,0
10/6/2021 3:00,0,0,0
10/6/2021 4:00,0,0,0
10/6/2021 5:00,1,1,0
10/6/2021 6:00,2,1,1
10/6/2021 7:00,7,5,2
10/6/2021 8:00,12,6,6
10/6/2021 9:00,7,5,2
10/6/2021 10:00,8,4,4
10/6/2021 11:00,2,1,1
10/6/2021 12:00,6,3,3
10/6/2021 13:00,10,5,5
10/6/2021 14:00,7,4,3
10/6/2021 15:00,9,2,7
10/6/2021 16:00,18,7,11
10/6/2021 17:00,16,6,10
10/6/2021 18:00,10,3,7
10/6/2021 19:00,12,8,4
10/6/2021 20:00,2,1,1
10/6/2021 21:00,2,2,0
10/6/2021 22:00,1,1,0
10/6/2021 23:00,0,0,0
10/7/2021 0:00,1,0,1
10/7/2021 1:00,0,0,0
10/7/2021 2:00,0,0,0
10/7/2021 3:00,0,0,0
10/7/2021 4:00,0,0,0
10/7/2021 5:00,0,0,0
10/7/2021 6:00,1,0,1
10/7/2021 7:00,4,1,3
10/7/2021 8:00,13,12,1
10/7/2021 9:00,3,1,2
10/7/2021 10:00,8,6,2
10/7/2021 11:00,12,5,7
10/7/2021 12:00,5,2,3
10/7/2021 13:00,5,2,3
10/7/2021 14:00,5,3,2
10/7/2021 15:00,12,6,6
10/7/2021 16:00,15,4,11
10/7/2021 17:00,15,10,5
10/7/2021 18:00,10,5,5
10/7/2021 19:00,8,3,5
10/7/2021 20:00,5,3,2
10/7/2021 21:00,0,0,0
10/7/2021 22:00,0,0,0
10/7/2021 23:00,0,0,0
10/8/2021 0:00,0,0,0
10/8/2021 1:00,0,0,0
10/8/2021 2:00,0,0,0
10/8/2021 3:00,0,0,0
10/8/2021 4:00,1,1,0
10/8/2021 5:00,0,0,0
10/8/2021 6:00,1,1,0
10/8/2021 7:00,7,4,3
10/8/2021 8:00,5,5,0
10/8/2021 9:00,5,5,0
10/8/2021 10:00,8,2,6
10/8/2021 11:00,2,1,1
10/8/2021 12:00,6,3,3
10/8/2021 13:00,7,3,4
10/8/2021 14:00,14,4,10
10/8/2021 15:00,6,4,2
10/8/2021 16:00,7,1,6
10/8/2021 17:00,18,13,5
10/8/2021 18:00,7,3,4
10/8/2021 19:00,8,5,3
10/8/2021 20:00,2,2,0
10/8/2021 21:00,3,3,0
10/8/2021 22:00,2,2,0
10/8/2021 23:00,0,0,0
10/9/2021 0:00,0,0,0
10/9/2021 1:00,1,0,1
10/9/2021 2:00,0,0,0
10/9/2021 3:00,0,0,0
10/9/2021 4:00,0,0,0
10/9/2021 5:00,0,0,0
10/9/2021 6:00,1,1,0
10/9/2021 7:00,1,0,1
10/9/2021 8:00,3,1,2
10/9/2021 9:00,5,3,2
10/9/2021 10:00,9,2,7
10/9/2021 11:00,6,5,1
10/9/2021 12:00,9,3,6
10/9/2021 13:00,11,2,9
10/9/2021 14:00,6,3,3
10/9/2021 15:00,14,9,5
10/9/2021 16:00,8,7,1
10/9/2021 17:00,1,0,1
10/9/2021 18:00,9,2,7
10/9/2021 19:00,1,1,0
10/9/2021 20:00,2,1,1
10/9/2021 21:00,2,1,1
10/9/2021 22:00,0,0,0
10/9/2021 23:00,0,0,0
10/10/2021 0:00,1,1,0
10/10/2021 1:00,0,0,0
10/10/2021 2:00,0,0,0
10/10/2021 3:00,1,0,1
10/10/2021 4:00,0,0,0
10/10/2021 5:00,0,0,0
10/10/2021 6:00,0,0,0
10/10/2021 7:00,2,0,2
10/10/2021 8:00,3,2,1
10/10/2021 9:00,1,1,0
10/10/2021 10:00,10,2,8
10/10/2021 11:00,16,8,8
10/10/2021 12:00,16,9,7
10/10/2021 13:00,4,3,1
10/10/2021 14:00,9,4,5
10/10/2021 15:00,6,4,2
10/10/2021 16:00,7,5,2
10/10/2021 17:00,4,3,1
10/10/2021 18:00,2,1,1
10/10/2021 19:00,3,2,1
10/10/2021 20:00,4,1,3
10/10/2021 21:00,1,0,1
10/10/2021 22:00,0,0,0
10/10/2021 23:00,0,0,0
10/11/2021 0:00,0,0,0
10/11/2021 1:00,1,1,0
10/11/2021 2:00,0,0,0
10/11/2021 3:00,0,0,0
10/11/2021 4:00,0,0,0
10/11/2021 5:00,0,0,0
10/11/2021 6:00,1,1,0
10/11/2021 7:00,4,3,1
10/11/2021 8:00,13,11,2
10/11/2021 9:00,5,4,1
10/11/2021 10:00,5,4,1
10/11/2021 11:00,2,2,0
10/11/2021 12:00,7,1,6
10/11/2021 13:00,7,5,2
10/11/2021 14:00,4,2,2
10/11/2021 15:00,6,6,0
10/11/2021 16:00,7,1,6
10/11/2021 17:00,15,5,10
10/11/2021 18:00,11,5,6
10/11/2021 19:00,7,4,3
10/11/2021 20:00,0,0,0
10/11/2021 21:00,3,2,1
10/11/2021 22:00,1,1,0
10/11/2021 23:00,0,0,0
10/12/2021 0:00,1,0,1
10/12/2021 1:00,0,0,0
10/12/2021 2:00,0,0,0
10/12/2021 3:00,0,0,0
10/12/2021 4:00,0,0,0
10/12/2021 5:00,0,0,0
10/12/2021 6:00,2,1,1
10/12/2021 7:00,3,1,2
10/12/2021 8:00,12,9,3
10/12/2021 9:00,8,4,4
10/12/2021 10:00,9,6,3
10/12/2021 11:00,1,1,0
10/12/2021 12:00,9,4,5
10/12/2021 13:00,8,4,4
10/12/2021 14:00,6,3,3
10/12/2021 15:00,8,2,6
10/12/2021 16:00,7,4,3
10/12/2021 17:00,9,6,3
10/12/2021 18:00,13,6,7
10/12/2021 19:00,4,2,2
10/12/2021 20:00,0,0,0
10/12/2021 21:00,0,0,0
10/12/2021 22:00,2,0,2
10/12/2021 23:00,1,1,0
10/13/2021 0:00,0,0,0
10/13/2021 1:00,0,0,0
10/13/2021 2:00,0,0,0
10/13/2021 3:00,0,0,0
10/13/2021 4:00,0,0,0
10/13/2021 5:00,0,0,0
10/13/2021 6:00,1,1,0
10/13/2021 7:00,6,4,2
10/13/2021 8:00,13,9,4
10/13/2021 9:00,2,2,0
10/13/2021 10:00,2,1,1
10/13/2021 11:00,11,6,5
10/13/2021 12:00,10,5,5
10/13/2021 13:00,8,3,5
10/13/2021 14:00,11,7,4
10/13/2021 15:00,11,7,4
10/13/2021 16:00,9,3,6
10/13/2021 17:00,25,11,14
10/13/2021 18:00,10,5,5
10/13/2021 19:00,2,1,1
10/13/2021 20:00,5,1,4
10/13/2021 21:00,3,1,2
10/13/2021 22:00,5,2,3
10/13/2021 23:00,0,0,0
10/14/2021 0:00,1,1,0
10/14/2021 1:00,1,0,1
10/14/2021 2:00,0,0,0
10/14/2021 3:00,1,1,0
10/14/2021 4:00,0,0,0
10/14/2021 5:00,0,0,0
10/14/2021 6:00,0,0,0
10/14/2021 7:00,2,1,1
10/14/2021 8:00,6,4,2
10/14/2021 9:00,9,5,4
10/14/2021 10:00,4,2,2
10/14/2021 11:00,8,4,4
10/14/2021 12:00,6,4,2
10/14/2021 13:00,2,1,1
10/14/2021 14:00,3,1,2
10/14/2021 15:00,5,4,1
10/14/2021 16:00,6,1,5
10/14/2021 17:00,6,4,2
10/14/2021 18:00,10,3,7
10/14/2021 19:00,5,2,3
10/14/2021 20:00,0,0,0
10/14/2021 21:00,0,0,0
10/14/2021 22:00,2,0,2
10/14/2021 23:00,1,0,1
10/15/2021 0:00,1,0,1
10/15/2021 1:00,0,0,0
10/15/2021 2:00,0,0,0
10/15/2021 3:00,1,1,0
10/15/2021 4:00,0,0,0
10/15/2021 5:00,2,1,1
10/15/2021 6:00,0,0,0
10/15/2021 7:00,1,0,1
10/15/2021 8:00,8,4,4
10/15/2021 9:00,11,7,4
10/15/2021 10:00,7,2,5
10/15/2021 11:00,6,2,4
10/15/2021 12:00,3,1,2
10/15/2021 13:00,10,3,7
10/15/2021 14:00,7,4,3
10/15/2021 15:00,4,2,2
10/15/2021 16:00,7,5,2
10/15/2021 17:00,12,10,2
10/15/2021 18:00,15,11,4
10/15/2021 19:00,7,2,5
10/15/2021 20:00,3,2,1
10/15/2021 21:00,2,1,1
10/15/2021 22:00,1,1,0
10/15/2021 23:00,2,1,1
10/16/2021 0:00,1,1,0
10/16/2021 1:00,1,1,0
10/16/2021 2:00,0,0,0
10/16/2021 3:00,0,0,0
10/16/2021 4:00,0,0,0
10/16/2021 5:00,0,0,0
10/16/2021 6:00,0,0,0
10/16/2021 7:00,1,0,1
10/16/2021 8:00,2,1,1
10/16/2021 9:00,4,2,2
10/16/2021 10:00,10,4,6
10/16/2021 11:00,19,11,8
10/16/2021 12:00,13,8,5
10/16/2021 13:00,22,14,8
10/16/2021 14:00,14,7,7
10/16/2021 15:00,18,12,6
10/16/2021 16:00,14,8,6
10/16/2021 17:00,9,5,4
10/16/2021 18:00,6,3,3
10/16/2021 19:00,6,3,3
10/16/2021 20:00,0,0,0
10/16/2021 21:00,0,0,0
10/16/2021 22:00,0,0,0
10/16/2021 23:00,1,0,1
10/17/2021 0:00,1,1,0
10/17/2021 1:00,0,0,0
10/17/2021 2:00,1,1,0
10/17/2021 3:00,0,0,0
10/17/2021 4:00,1,0,1
10/17/2021 5:00,0,0,0
10/17/2021 6:00,1,0,1
10/17/2021 7:00,2,0,2
10/17/2021 8:00,2,2,0
10/17/2021 9:00,8,1,7
10/17/2021 10:00,8,6,2
10/17/2021 11:00,12,6,6
10/17/2021 12:00,5,2,3
10/17/2021 13:00,9,6,3
10/17/2021 14:00,18,9,9
10/17/2021 15:00,10,4,6
10/17/2021 16:00,5,5,0
10/17/2021 17:00,3,1,2
10/17/2021 18:00,5,3,2
10/17/2021 19:00,0,0,0
10/17/2021 20:00,1,0,1
10/17/2021 21:00,0,0,0
10/17/2021 22:00,0,0,0
10/17/2021 23:00,0,0,0
10/18/2021 0:00,0,0,0
10/18/2021 1:00,0,0,0
10/18/2021 2:00,0,0,0
10/18/2021 3:00,0,0,0
10/18/2021 4:00,0,0,0
10/18/2021 5:00,1,1,0
10/18/2021 6:00,1,1,0
10/18/2021 7:00,3,3,0
10/18/2021 8:00,9,7,2
10/18/2021 9:00,8,3,5
10/18/2021 10:00,2,1,1
10/18/2021 11:00,3,2,1
10/18/2021 12:00,7,3,4
10/18/2021 13:00,10,5,5
10/18/2021 14:00,9,7,2
10/18/2021 15:00,6,3,3
10/18/2021 16:00,8,3,5
10/18/2021 17:00,14,7,7
10/18/2021 18:00,7,4,3
10/18/2021 19:00,2,0,2
10/18/2021 20:00,0,0,0
10/18/2021 21:00,2,1,1
10/18/2021 22:00,1,1,0
10/18/2021 23:00,0,0,0
10/19/2021 0:00,0,0,0
10/19/2021 1:00,0,0,0
10/19/2021 2:00,0,0,0
10/19/2021 3:00,0,0,0
10/19/2021 4:00,0,0,0
10/19/2021 5:00,0,0,0
10/19/2021 6:00,1,0,1
10/19/2021 7:00,7,2,5
10/19/2021 8:00,14,10,4
10/19/2021 9:00,10,7,3
10/19/2021 10:00,4,1,3
10/19/2021 11:00,5,2,3
10/19/2021 12:00,3,1,2
10/19/2021 13:00,9,5,4
10/19/2021 14:00,4,3,1
10/19/2021 15:00,6,2,4
10/19/2021 16:00,8,3,5
10/19/2021 17:00,12,6,6
10/19/2021 18:00,9,7,2
10/19/2021 19:00,5,5,0
10/19/2021 20:00,1,1,0
10/19/2021 21:00,1,1,0
10/19/2021 22:00,2,1,1
10/19/2021 23:00,2,0,2
10/20/2021 0:00,0,0,0
10/20/2021 1:00,0,0,0
10/20/2021 2:00,0,0,0
10/20/2021 3:00,1,1,0
10/20/2021 4:00,0,0,0
10/20/2021 5:00,1,0,1
10/20/2021 6:00,0,0,0
10/20/2021 7:00,2,1,1
10/20/2021 8:00,4,3,1
10/20/2021 9:00,1,0,1
10/20/2021 10:00,2,0,2
10/20/2021 11:00,2,1,1
10/20/2021 12:00,4,3,1
10/20/2021 13:00,2,1,1
10/20/2021 14:00,10,4,6
10/20/2021 15:00,8,6,2
10/20/2021 16:00,8,4,4
10/20/2021 17:00,13,7,6
10/20/2021 18:00,7,7,0
10/20/2021 19:00,1,0,1
10/20/2021 20:00,3,2,1
10/20/2021 21:00,1,0,1
10/20/2021 22:00,0,0,0
10/20/2021 23:00,0,0,0
10/21/2021 0:00,0,0,0
10/21/2021 1:00,0,0,0
10/21/2021 2:00,0,0,0
10/21/2021 3:00,1,0,1
10/21/2021 4:00,0,0,0
10/21/2021 5:00,1,1,0
10/21/2021 6:00,0,0,0
10/21/2021 7:00,5,4,1
10/21/2021 8:00,8,1,7
10/21/2021 9:00,5,3,2
10/21/2021 10:00,5,3,2
10/21/2021 11:00,4,3,1
10/21/2021 12:00,9,7,2
10/21/2021 13:00,8,4,4
10/21/2021 14:00,6,3,3
10/21/2021 15:00,4,2,2
10/21/2021 16:00,7,2,5
10/21/2021 17:00,13,6,7
10/21/2021 18:00,9,7,2
10/21/2021 19:00,3,3,0
10/21/2021 20:00,1,0,1
10/21/2021 21:00,4,0,4
10/21/2021 22:00,0,0,0
10/21/2021 23:00,0,0,0
10/22/2021 0:00,0,0,0
10/22/2021 1:00,0,0,0
10/22/2021 2:00,0,0,0
10/22/2021 3:00,0,0,0
10/22/2021 4:00,0,0,0
10/22/2021 5:00,1,0,1
10/22/2021 6:00,1,1,0
10/22/2021 7:00,2,0,2
10/22/2021 8:00,4,3,1
10/22/2021 9:00,6,3,3
10/22/2021 10:00,4,2,2
10/22/2021 11:00,6,1,5
10/22/2021 12:00,2,2,0
10/22/2021 13:00,4,3,1
10/22/2021 14:00,4,2,2
10/22/2021 15:00,7,4,3
10/22/2021 16:00,5,4,1
10/22/2021 17:00,8,7,1
10/22/2021 18:00,10,8,2
10/22/2021 19:00,4,3,1
10/22/2021 20:00,1,1,0
10/22/2021 21:00,1,0,1
10/22/2021 22:00,4,3,1
10/22/2021 23:00,1,1,0
10/23/2021 0:00,0,0,0
10/23/2021 1:00,0,0,0
10/23/2021 2:00,0,0,0
10/23/2021 3:00,0,0,0
10/23/2021 4:00,0,0,0
10/23/2021 5:00,0,0,0
10/23/2021 6:00,0,0,0
10/23/2021 7:00,1,0,1
10/23/2021 8:00,1,1,0
10/23/2021 9:00,2,2,0
10/23/2021 10:00,8,2,6
10/23/2021 11:00,11,4,7
10/23/2021 12:00,5,2,3
10/23/2021 13:00,8,3,5
10/23/2021 14:00,2,1,1
10/23/2021 15:00,4,3,1
10/23/2021 16:00,8,5,3
10/23/2021 17:00,7,3,4
10/23/2021 18:00,8,5,3
10/23/2021 19:00,6,5,1
10/23/2021 20:00,2,1,1
10/23/2021 21:00,0,0,0
10/23/2021 22:00,1,0,1
10/23/2021 23:00,0,0,0
10/24/2021 0:00,0,0,0
10/24/2021 1:00,0,0,0
10/24/2021 2:00,0,0,0
10/24/2021 3:00,0,0,0
10/24/2021 4:00,0,0,0
10/24/2021 5:00,0,0,0
10/24/2021 6:00,0,0,0
10/24/2021 7:00,1,0,1
10/24/2021 8:00,1,0,1
10/24/2021 9:00,1,1,0
10/24/2021 10:00,6,2,4
10/24/2021 11:00,3,0,3
10/24/2021 12:00,3,3,0
10/24/2021 13:00,1,0,1
10/24/2021 14:00,3,3,0
10/24/2021 15:00,0,0,0
10/24/2021 16:00,2,1,1
10/24/2021 17:00,3,1,2
10/24/2021 18:00,1,0,1
10/24/2021 19:00,0,0,0
10/24/2021 20:00,4,2,2
10/24/2021 21:00,0,0,0
10/24/2021 22:00,0,0,0
10/24/2021 23:00,0,0,0
10/25/2021 0:00,1,0,1
10/25/2021 1:00,0,0,0
10/25/2021 2:00,1,0,1
10/25/2021 3:00,0,0,0
10/25/2021 4:00,0,0,0
10/25/2021 5:00,0,0,0
10/25/2021 6:00,0,0,0
10/25/2021 7:00,2,1,1
10/25/2021 8:00,2,1,1
10/25/2021 9:00,1,0,1
10/25/2021 10:00,0,0,0
10/25/2021 11:00,2,1,1
10/25/2021 12:00,4,2,2
10/25/2021 13:00,3,2,1
10/25/2021 14:00,1,1,0
10/25/2021 15:00,2,2,0
10/25/2021 16:00,1,0,1
10/25/2021 17:00,1,1,0
10/25/2021 18:00,4,3,1
10/25/2021 19:00,1,0,1
10/25/2021 20:00,1,1,0
10/25/2021 21:00,2,1,1
10/25/2021 22:00,0,0,0
10/25/2021 23:00,1,0,1
10/26/2021 0:00,2,2,0
10/26/2021 1:00,0,0,0
10/26/2021 2:00,2,0,2
10/26/2021 3:00,0,0,0
10/26/2021 4:00,0,0,0
10/26/2021 5:00,0,0,0
10/26/2021 6:00,2,1,1
10/26/2021 7:00,4,1,3
10/26/2021 8:00,5,3,2
10/26/2021 9:00,3,2,1
10/26/2021 10:00,6,2,4
10/26/2021 11:00,1,1,0
10/26/2021 12:00,2,0,2
10/26/2021 13:00,1,1,0
10/26/2021 14:00,4,2,2
10/26/2021 15:00,2,0,2
10/26/2021 16:00,5,3,2
10/26/2021 17:00,13,6,7
10/26/2021 18:00,4,1,3
10/26/2021 19:00,5,4,1
10/26/2021 20:00,1,0,1
10/26/2021 21:00,0,0,0
10/26/2021 22:00,1,0,1
10/26/2021 23:00,1,1,0
10/27/2021 0:00,1,1,0
10/27/2021 1:00,1,1,0
10/27/2021 2:00,1,0,1
10/27/2021 3:00,0,0,0
10/27/2021 4:00,0,0,0
10/27/2021 5:00,0,0,0
10/27/2021 6:00,1,0,1
10/27/2021 7:00,6,4,2
10/27/2021 8:00,12,8,4
10/27/2021 9:00,1,1,0
10/27/2021 10:00,5,3,2
10/27/2021 11:00,5,2,3
10/27/2021 12:00,3,1,2
10/27/2021 13:00,9,3,6
10/27/2021 14:00,6,4,2
10/27/2021 15:00,9,6,3
10/27/2021 16:00,8,2,6
10/27/2021 17:00,4,1,3
10/27/2021 18:00,19,3,16
10/27/2021 19:00,4,3,1
10/27/2021 20:00,8,8,0
10/27/2021 21:00,0,0,0
10/27/2021 22:00,0,0,0
10/27/2021 23:00,0,0,0
10/28/2021 0:00,0,0,0
10/28/2021 1:00,0,0,0
10/28/2021 2:00,0,0,0
10/28/2021 3:00,0,0,0
10/28/2021 4:00,0,0,0
10/28/2021 5:00,0,0,0
10/28/2021 6:00,2,1,1
10/28/2021 7:00,2,1,1
10/28/2021 8:00,5,3,2
10/28/2021 9:00,1,1,0
10/28/2021 10:00,1,0,1
10/28/2021 11:00,2,2,0
10/28/2021 12:00,2,0,2
10/28/2021 13:00,4,4,0
10/28/2021 14:00,1,0,1
10/28/2021 15:00,3,3,0
10/28/2021 16:00,3,2,1
10/28/2021 17:00,3,2,1
10/28/2021 18:00,4,3,1
10/28/2021 19:00,1,0,1
10/28/2021 20:00,1,1,0
10/28/2021 21:00,1,0,1
10/28/2021 22:00,1,1,0
10/28/2021 23:00,0,0,0
10/29/2021 0:00,0,0,0
10/29/2021 1:00,0,0,0
10/29/2021 2:00,0,0,0
10/29/2021 3:00,0,0,0
10/29/2021 4:00,0,0,0
10/29/2021 5:00,1,0,1
10/29/2021 6:00,0,0,0
10/29/2021 7:00,6,3,3
10/29/2021 8:00,0,0,0
10/29/2021 9:00,1,1,0
10/29/2021 10:00,3,1,2
10/29/2021 11:00,4,3,1
10/29/2021 12:00,5,2,3
10/29/2021 13:00,11,5,6
10/29/2021 14:00,6,3,3
10/29/2021 15:00,7,5,2
10/29/2021 16:00,8,4,4
10/29/2021 17:00,7,7,0
10/29/2021 18:00,11,6,5
10/29/2021 19:00,7,3,4
10/29/2021 20:00,5,2,3
10/29/2021 21:00,0,0,0
10/29/2021 22:00,2,0,2
10/29/2021 23:00,2,2,0
10/30/2021 0:00,0,0,0
10/30/2021 1:00,0,0,0
10/30/2021 2:00,0,0,0
10/30/2021 3:00,0,0,0
10/30/2021 4:00,0,0,0
10/30/2021 5:00,0,0,0
10/30/2021 6:00,1,1,0
10/30/2021 7:00,1,0,1
10/30/2021 8:00,3,1,2
10/30/2021 9:00,5,3,2
10/30/2021 10:00,8,2,6
10/30/2021 11:00,10,7,3
10/30/2021 12:00,13,5,8
10/30/2021 13:00,11,5,6
10/30/2021 14:00,7,2,5
10/30/2021 15:00,17,11,6
10/30/2021 16:00,14,7,7
10/30/2021 17:00,13,8,5
10/30/2021 18:00,6,2,4
10/30/2021 19:00,3,2,1
10/30/2021 20:00,4,4,0
10/30/2021 21:00,2,2,0
10/30/2021 22:00,2,1,1
10/30/2021 23:00,1,1,0
11/1/2021 0:00,0,0,0
11/1/2021 1:00,0,0,0
11/1/2021 2:00,0,0,0
11/1/2021 3:00,0,0,0
11/1/2021 4:00,1,0,1
11/1/2021 5:00,0,0,0
11/1/2021 6:00,0,0,0
11/1/2021 7:00,2,0,2
11/1/2021 8:00,11,7,4
11/1/2021 9:00,3,1,2
11/1/2021 10:00,2,1,1
11/1/2021 11:00,5,1,4
11/1/2021 12:00,5,3,2
11/1/2021 13:00,2,2,0
11/1/2021 14:00,4,1,3
11/1/2021 15:00,3,3,0
11/1/2021 16:00,3,1,2
11/1/2021 17:00,3,2,1
11/1/2021 18:00,13,5,8
11/1/2021 19:00,3,2,1
11/1/2021 20:00,4,1,3
11/1/2021 21:00,0,0,0
11/1/2021 22:00,1,1,0
11/1/2021 23:00,0,0,0
11/2/2021 0:00,0,0,0
11/2/2021 1:00,1,1,0
11/2/2021 2:00,0,0,0
11/2/2021 3:00,0,0,0
11/2/2021 4:00,0,0,0
11/2/2021 5:00,0,0,0
11/2/2021 6:00,3,0,3
11/2/2021 7:00,5,4,1
11/2/2021 8:00,8,2,6
11/2/2021 9:00,7,5,2
11/2/2021 10:00,5,3,2
11/2/2021 11:00,4,2,2
11/2/2021 12:00,6,3,3
11/2/2021 13:00,5,3,2
11/2/2021 14:00,5,3,2
11/2/2021 15:00,6,5,1
11/2/2021 16:00,7,4,3
11/2/2021 17:00,11,4,7
11/2/2021 18:00,15,11,4
11/2/2021 19:00,4,3,1
11/2/2021 20:00,1,1,0
11/2/2021 21:00,0,0,0
11/2/2021 22:00,2,1,1
11/2/2021 23:00,4,1,3
11/3/2021 0:00,0,0,0
11/3/2021 1:00,1,1,0
11/3/2021 2:00,0,0,0
11/3/2021 3:00,0,0,0
11/3/2021 4:00,0,0,0
11/3/2021 5:00,0,0,0
11/3/2021 6:00,3,1,2
11/3/2021 7:00,4,3,1
11/3/2021 8:00,4,2,2
11/3/2021 9:00,2,2,0
11/3/2021 10:00,5,1,4
11/3/2021 11:00,3,1,2
11/3/2021 12:00,4,3,1
11/3/2021 13:00,8,3,5
11/3/2021 14:00,7,2,5
11/3/2021 15:00,4,2,2
11/3/2021 16:00,5,1,4
11/3/2021 17:00,5,3,2
11/3/2021 18:00,7,6,1
11/3/2021 19:00,3,2,1
11/3/2021 20:00,1,1,0
11/3/2021 21:00,2,1,1
11/3/2021 22:00,2,0,2
11/3/2021 23:00,0,0,0
11/4/2021 0:00,0,0,0
11/4/2021 1:00,0,0,0
11/4/2021 2:00,0,0,0
11/4/2021 3:00,0,0,0
11/4/2021 4:00,0,0,0
11/4/2021 5:00,0,0,0
11/4/2021 6:00,1,0,1
11/4/2021 7:00,3,2,1
11/4/2021 8:00,1,0,1
11/4/2021 9:00,1,0,1
11/4/2021 10:00,1,1,0
11/4/2021 11:00,0,0,0
11/4/2021 12:00,1,1,0
11/4/2021 13:00,3,2,1
11/4/2021 14:00,3,1,2
11/4/2021 15:00,4,2,2
11/4/2021 16:00,4,2,2
11/4/2021 17:00,7,3,4
11/4/2021 18:00,4,1,3
11/4/2021 19:00,3,3,0
11/4/2021 20:00,2,1,1
11/4/2021 21:00,1,0,1
11/4/2021 22:00,2,0,2
11/4/2021 23:00,0,0,0
11/5/2021 0:00,0,0,0
11/5/2021 1:00,2,1,1
11/5/2021 2:00,0,0,0
11/5/2021 3:00,0,0,0
11/5/2021 4:00,0,0,0
11/5/2021 5:00,1,0,1
11/5/2021 6:00,0,0,0
11/5/2021 7:00,3,0,3
11/5/2021 8:00,7,4,3
11/5/2021 9:00,2,2,0
11/5/2021 10:00,5,3,2
11/5/2021 11:00,4,3,1
11/5/2021 12:00,8,4,4
11/5/2021 13:00,9,7,2
11/5/2021 14:00,5,4,1
11/5/2021 15:00,10,7,3
11/5/2021 16:00,12,10,2
11/5/2021 17:00,8,3,5
11/5/2021 18:00,12,7,5
11/5/2021 19:00,4,1,3
11/5/2021 20:00,0,0,0
11/5/2021 21:00,2,0,2
11/5/2021 22:00,0,0,0
11/5/2021 23:00,0,0,0
11/6/2021 0:00,0,0,0
11/6/2021 1:00,0,0,0
11/6/2021 2:00,1,1,0
11/6/2021 3:00,0,0,0
11/6/2021 4:00,1,1,0
11/6/2021 5:00,0,0,0
11/6/2021 6:00,0,0,0
11/6/2021 7:00,1,1,0
11/6/2021 8:00,2,1,1
11/6/2021 9:00,1,0,1
11/6/2021 10:00,3,0,3
11/6/2021 11:00,7,2,5
11/6/2021 12:00,6,3,3
11/6/2021 13:00,2,1,1
11/6/2021 14:00,6,2,4
11/6/2021 15:00,6,3,3
11/6/2021 16:00,6,5,1
11/6/2021 17:00,2,1,1
11/6/2021 18:00,3,1,2
11/6/2021 19:00,1,0,1
11/6/2021 20:00,2,1,1
11/6/2021 21:00,3,3,0
11/6/2021 22:00,1,0,1
11/6/2021 23:00,1,0,1
11/7/2021 0:00,0,0,0
11/7/2021 1:00,0,0,0
11/7/2021 2:00,0,0,0
11/7/2021 3:00,0,0,0
11/7/2021 4:00,0,0,0
11/7/2021 5:00,0,0,0
11/7/2021 6:00,0,0,0
11/7/2021 7:00,1,0,1
11/7/2021 8:00,3,2,1
11/7/2021 9:00,6,3,3
11/7/2021 10:00,5,2,3
11/7/2021 11:00,9,7,2
11/7/2021 12:00,4,4,0
11/7/2021 13:00,4,1,3
11/7/2021 14:00,2,2,0
11/7/2021 15:00,7,4,3
11/7/2021 16:00,0,0,0
11/7/2021 17:00,2,1,1
11/7/2021 18:00,5,3,2
11/7/2021 19:00,0,0,0
11/7/2021 20:00,1,1,0
11/7/2021 21:00,0,0,0
11/7/2021 22:00,2,2,0
11/7/2021 23:00,1,0,1
11/8/2021 0:00,0,0,0
11/8/2021 1:00,0,0,0
11/8/2021 2:00,0,0,0
11/8/2021 3:00,0,0,0
11/8/2021 4:00,0,0,0
11/8/2021 5:00,0,0,0
11/8/2021 6:00,0,0,0
11/8/2021 7:00,5,4,1
11/8/2021 8:00,1,1,0
11/8/2021 9:00,2,2,0
11/8/2021 10:00,5,3,2
11/8/2021 11:00,5,3,2
11/8/2021 12:00,15,10,5
11/8/2021 13:00,6,4,2
11/8/2021 14:00,9,6,3
11/8/2021 15:00,12,7,5
11/8/2021 16:00,7,5,2
11/8/2021 17:00,10,3,7
11/8/2021 18:00,2,1,1
11/8/2021 19:00,2,1,1
11/8/2021 20:00,3,2,1
11/8/2021 21:00,1,1,0
11/8/2021 22:00,2,1,1
11/8/2021 23:00,1,1,0
11/9/2021 0:00,0,0,0
11/9/2021 1:00,0,0,0
11/9/2021 2:00,0,0,0
11/9/2021 3:00,0,0,0
11/9/2021 4:00,0,0,0
11/9/2021 5:00,0,0,0
11/9/2021 6:00,0,0,0
11/9/2021 7:00,0,0,0
11/9/2021 8:00,6,4,2
11/9/2021 9:00,3,2,1
11/9/2021 10:00,5,1,4
11/9/2021 11:00,4,3,1
11/9/2021 12:00,5,2,3
11/9/2021 13:00,2,2,0
11/9/2021 14:00,3,2,1
11/9/2021 15:00,1,1,0
11/9/2021 16:00,8,4,4
11/9/2021 17:00,0,0,0
11/9/2021 18:00,4,2,2
11/9/2021 19:00,1,1,0
11/9/2021 20:00,2,2,0
11/9/2021 21:00,0,0,0
11/9/2021 22:00,1,1,0
11/9/2021 23:00,1,1,0
11/10/2021 0:00,0,0,0
11/10/2021 1:00,0,0,0
11/10/2021 2:00,0,0,0
11/10/2021 3:00,0,0,0
11/10/2021 4:00,0,0,0
11/10/2021 5:00,0,0,0
11/10/2021 6:00,0,0,0
11/10/2021 7:00,5,4,1
11/10/2021 8:00,11,4,7
11/10/2021 9:00,3,3,0
11/10/2021 10:00,3,2,1
11/10/2021 11:00,6,3,3
11/10/2021 12:00,4,1,3
11/10/2021 13:00,6,3,3
11/10/2021 14:00,8,6,2
11/10/2021 15:00,5,2,3
11/10/2021 16:00,8,2,6
11/10/2021 17:00,12,4,8
11/10/2021 18:00,6,2,4
11/10/2021 19:00,3,2,1
11/10/2021 20:00,4,4,0
11/10/2021 21:00,0,0,0
11/10/2021 22:00,2,1,1
11/10/2021 23:00,0,0,0
11/11/2021 0:00,0,0,0
11/11/2021 1:00,0,0,0
11/11/2021 2:00,1,0,1
11/11/2021 3:00,0,0,0
11/11/2021 4:00,0,0,0
11/11/2021 5:00,0,0,0
11/11/2021 6:00,0,0,0
11/11/2021 7:00,2,1,1
11/11/2021 8:00,4,1,3
11/11/2021 9:00,2,1,1
11/11/2021 10:00,3,2,1
11/11/2021 11:00,3,1,2
11/11/2021 12:00,3,2,1
11/11/2021 13:00,2,2,0
11/11/2021 14:00,2,1,1
11/11/2021 15:00,3,3,0
11/11/2021 16:00,3,0,3
11/11/2021 17:00,1,0,1
11/11/2021 18:00,1,0,1
11/11/2021 19:00,0,0,0
11/11/2021 20:00,0,0,0
11/11/2021 21:00,0,0,0
11/11/2021 22:00,0,0,0
11/11/2021 23:00,0,0,0
11/12/2021 0:00,0,0,0
11/12/2021 1:00,1,1,0
11/12/2021 2:00,0,0,0
11/12/2021 3:00,1,1,0
11/12/2021 4:00,0,0,0
11/12/2021 5:00,2,0,2
11/12/2021 6:00,0,0,0
11/12/2021 7:00,2,0,2
11/12/2021 8:00,1,1,0
11/12/2021 9:00,3,3,0
11/12/2021 10:00,0,0,0
11/12/2021 11:00,3,2,1
11/12/2021 12:00,5,1,4
11/12/2021 13:00,1,1,0
11/12/2021 14:00,4,3,1
11/12/2021 15:00,3,2,1
11/12/2021 16:00,3,1,2
11/12/2021 17:00,5,3,2
11/12/2021 18:00,3,1,2
11/12/2021 19:00,2,1,1
11/12/2021 20:00,1,1,0
11/12/2021 21:00,4,4,0
11/12/2021 22:00,1,0,1
11/12/2021 23:00,0,0,0
11/13/2021 0:00,1,1,0
11/13/2021 1:00,0,0,0
11/13/2021 2:00,0,0,0
11/13/2021 3:00,0,0,0
11/13/2021 4:00,0,0,0
11/13/2021 5:00,0,0,0
11/13/2021 6:00,0,0,0
11/13/2021 7:00,2,0,2
11/13/2021 8:00,4,3,1
11/13/2021 9:00,3,3,0
11/13/2021 10:00,12,4,8
11/13/2021 11:00,6,5,1
11/13/2021 12:00,13,5,8
11/13/2021 13:00,9,4,5
11/13/2021 14:00,11,8,3
11/13/2021 15:00,8,4,4
11/13/2021 16:00,6,4,2
11/13/2021 17:00,7,4,3
11/13/2021 18:00,1,1,0
11/13/2021 19:00,1,1,0
11/13/2021 20:00,0,0,0
11/13/2021 21:00,1,1,0
11/13/2021 22:00,0,0,0
11/13/2021 23:00,0,0,0
11/14/2021 0:00,0,0,0
11/14/2021 1:00,1,1,0
11/14/2021 2:00,0,0,0
11/14/2021 3:00,0,0,0
11/14/2021 4:00,0,0,0
11/14/2021 5:00,0,0,0
11/14/2021 6:00,0,0,0
11/14/2021 7:00,2,0,2
11/14/2021 8:00,2,2,0
11/14/2021 9:00,5,2,3
11/14/2021 10:00,4,2,2
11/14/2021 11:00,2,2,0
11/14/2021 12:00,3,2,1
11/14/2021 13:00,2,1,1
11/14/2021 14:00,3,1,2
11/14/2021 15:00,5,3,2
11/14/2021 16:00,3,3,0
11/14/2021 17:00,1,1,0
11/14/2021 18:00,0,0,0
11/14/2021 19:00,0,0,0
11/14/2021 20:00,0,0,0
11/14/2021 21:00,0,0,0
11/14/2021 22:00,1,0,1
11/14/2021 23:00,0,0,0
11/15/2021 0:00,0,0,0
11/15/2021 1:00,0,0,0
11/15/2021 2:00,1,0,1
11/15/2021 3:00,1,0,1
11/15/2021 4:00,0,0,0
11/15/2021 5:00,0,0,0
11/15/2021 6:00,0,0,0
11/15/2021 7:00,4,3,1
11/15/2021 8:00,1,1,0
11/15/2021 9:00,5,1,4
11/15/2021 10:00,1,0,1
11/15/2021 11:00,4,4,0
11/15/2021 12:00,1,1,0
11/15/2021 13:00,7,4,3
11/15/2021 14:00,8,4,4
11/15/2021 15:00,9,6,3
11/15/2021 16:00,10,4,6
11/15/2021 17:00,4,1,3
11/15/2021 18:00,2,2,0
11/15/2021 19:00,3,2,1
11/15/2021 20:00,3,2,1
11/15/2021 21:00,0,0,0
11/15/2021 22:00,2,2,0
11/15/2021 23:00,0,0,0
11/16/2021 0:00,0,0,0
11/16/2021 1:00,1,0,1
11/16/2021 2:00,0,0,0
11/16/2021 3:00,0,0,0
11/16/2021 4:00,0,0,0
11/16/2021 5:00,2,2,0
11/16/2021 6:00,1,1,0
11/16/2021 7:00,2,1,1
11/16/2021 8:00,14,7,7
11/16/2021 9:00,2,1,1
11/16/2021 10:00,2,2,0
11/16/2021 11:00,1,0,1
11/16/2021 12:00,2,2,0
11/16/2021 13:00,3,2,1
11/16/2021 14:00,3,3,0
11/16/2021 15:00,3,2,1
11/16/2021 16:00,3,2,1
11/16/2021 17:00,6,6,0
11/16/2021 18:00,1,1,0
11/16/2021 19:00,0,0,0
11/16/2021 20:00,0,0,0
11/16/2021 21:00,7,3,4
11/16/2021 22:00,0,0,0
11/16/2021 23:00,2,1,1
11/17/2021 0:00,1,0,1
11/17/2021 1:00,0,0,0
11/17/2021 2:00,0,0,0
11/17/2021 3:00,0,0,0
11/17/2021 4:00,0,0,0
11/17/2021 5:00,1,1,0
11/17/2021 6:00,0,0,0
11/17/2021 7:00,1,0,1
11/17/2021 8:00,0,0,0
11/17/2021 9:00,2,2,0
11/17/2021 10:00,0,0,0
11/17/2021 11:00,1,1,0
11/17/2021 12:00,0,0,0
11/17/2021 13:00,4,1,3
11/17/2021 14:00,1,1,0
11/17/2021 15:00,0,0,0
11/17/2021 16:00,2,2,0
11/17/2021 17:00,2,2,0
11/17/2021 18:00,0,0,0
11/17/2021 19:00,1,1,0
11/17/2021 20:00,0,0,0
11/17/2021 21:00,0,0,0
11/17/2021 22:00,0,0,0
11/17/2021 23:00,0,0,0
11/18/2021 0:00,0,0,0
11/18/2021 1:00,0,0,0
11/18/2021 2:00,0,0,0
11/18/2021 3:00,1,1,0
11/18/2021 4:00,0,0,0
11/18/2021 5:00,0,0,0
11/18/2021 6:00,0,0,0
11/18/2021 7:00,3,2,1
11/18/2021 8:00,8,3,5
11/18/2021 9:00,1,1,0
11/18/2021 10:00,2,1,1
11/18/2021 11:00,5,3,2
11/18/2021 12:00,2,2,0
11/18/2021 13:00,1,1,0
11/18/2021 14:00,2,1,1
11/18/2021 15:00,2,2,0
11/18/2021 16:00,2,0,2
11/18/2021 17:00,3,2,1
11/18/2021 18:00,4,2,2
11/18/2021 19:00,2,1,1
11/18/2021 20:00,1,1,0
11/18/2021 21:00,0,0,0
11/18/2021 22:00,1,0,1
11/18/2021 23:00,0,0,0
11/19/2021 0:00,0,0,0
11/19/2021 1:00,0,0,0
11/19/2021 2:00,0,0,0
11/19/2021 3:00,0,0,0
11/19/2021 4:00,0,0,0
11/19/2021 5:00,0,0,0
11/19/2021 6:00,0,0,0
11/19/2021 7:00,3,3,0
11/19/2021 8:00,4,2,2
11/19/2021 9:00,6,2,4
11/19/2021 10:00,3,2,1
11/19/2021 11:00,1,0,1
11/19/2021 12:00,7,3,4
11/19/2021 13:00,9,5,4
11/19/2021 14:00,6,4,2
11/19/2021 15:00,5,5,0
11/19/2021 16:00,9,4,5
11/19/2021 17:00,7,3,4
11/19/2021 18:00,5,3,2
11/19/2021 19:00,3,1,2
11/19/2021 20:00,1,1,0
11/19/2021 21:00,2,1,1
11/19/2021 22:00,0,0,0
11/19/2021 23:00,0,0,0
11/20/2021 0:00,2,1,1
11/20/2021 1:00,1,0,1
11/20/2021 2:00,0,0,0
11/20/2021 3:00,0,0,0
11/20/2021 4:00,0,0,0
11/20/2021 5:00,0,0,0
11/20/2021 6:00,0,0,0
11/20/2021 7:00,1,0,1
11/20/2021 8:00,1,1,0
11/20/2021 9:00,3,1,2
11/20/2021 10:00,13,9,4
11/20/2021 11:00,4,1,3
11/20/2021 12:00,11,5,6
11/20/2021 13:00,11,5,6
11/20/2021 14:00,11,6,5
11/20/2021 15:00,11,7,4
11/20/2021 16:00,9,6,3
11/20/2021 17:00,0,0,0
11/20/2021 18:00,2,1,1
11/20/2021 19:00,4,1,3
11/20/2021 20:00,1,1,0
11/20/2021 21:00,0,0,0
11/20/2021 22:00,1,0,1
11/20/2021 23:00,0,0,0
11/21/2021 0:00,0,0,0
11/21/2021 1:00,0,0,0
11/21/2021 2:00,1,0,1
11/21/2021 3:00,1,0,1
11/21/2021 4:00,0,0,0
11/21/2021 5:00,0,0,0
11/21/2021 6:00,0,0,0
11/21/2021 7:00,2,0,2
11/21/2021 8:00,3,2,1
11/21/2021 9:00,6,2,4
11/21/2021 10:00,10,3,7
11/21/2021 11:00,9,7,2
11/21/2021 12:00,21,8,13
11/21/2021 13:00,13,8,5
11/21/2021 14:00,14,6,8
11/21/2021 15:00,21,11,10
11/21/2021 16:00,14,13,1
11/21/2021 17:00,3,1,2
11/21/2021 18:00,4,2,2
11/21/2021 19:00,1,1,0
11/21/2021 20:00,1,1,0
11/21/2021 21:00,2,1,1
11/21/2021 22:00,1,1,0
11/21/2021 23:00,0,0,0
11/22/2021 0:00,0,0,0
11/22/2021 1:00,1,1,0
11/22/2021 2:00,1,0,1
11/22/2021 3:00,0,0,0
11/22/2021 4:00,0,0,0
11/22/2021 5:00,1,0,1
11/22/2021 6:00,0,0,0
11/22/2021 7:00,4,3,1
11/22/2021 8:00,8,5,3
11/22/2021 9:00,3,1,2
11/22/2021 10:00,2,1,1
11/22/2021 11:00,4,4,0
11/22/2021 12:00,3,2,1
11/22/2021 13:00,6,6,0
11/22/2021 14:00,1,0,1
11/22/2021 15:00,1,0,1
11/22/2021 16:00,2,1,1
11/22/2021 17:00,1,0,1
11/22/2021 18:00,3,1,2
11/22/2021 19:00,1,0,1
11/22/2021 20:00,2,0,2
11/22/2021 21:00,0,0,0
11/22/2021 22:00,0,0,0
11/22/2021 23:00,0,0,0
11/23/2021 0:00,0,0,0
11/23/2021 1:00,0,0,0
11/23/2021 2:00,0,0,0
11/23/2021 3:00,0,0,0
11/23/2021 4:00,1,0,1
11/23/2021 5:00,0,0,0
11/23/2021 6:00,0,0,0
11/23/2021 7:00,2,0,2
11/23/2021 8:00,3,3,0
11/23/2021 9:00,2,0,2
11/23/2021 10:00,3,1,2
11/23/2021 11:00,2,1,1
11/23/2021 12:00,4,1,3
11/23/2021 13:00,3,0,3
11/23/2021 14:00,2,0,2
11/23/2021 15:00,6,4,2
11/23/2021 16:00,3,1,2
11/23/2021 17:00,6,2,4
11/23/2021 18:00,5,3,2
11/23/2021 19:00,5,2,3
11/23/2021 20:00,2,1,1
11/23/2021 21:00,0,0,0
11/23/2021 22:00,1,1,0
11/23/2021 23:00,1,1,0
11/24/2021 0:00,1,1,0
11/24/2021 1:00,0,0,0
11/24/2021 2:00,0,0,0
11/24/2021 3:00,0,0,0
11/24/2021 4:00,0,0,0
11/24/2021 5:00,0,0,0
11/24/2021 6:00,1,1,0
11/24/2021 7:00,4,3,1
11/24/2021 8:00,4,3,1
11/24/2021 9:00,6,3,3
11/24/2021 10:00,6,3,3
11/24/2021 11:00,5,3,2
11/24/2021 12:00,3,0,3
11/24/2021 13:00,2,2,0
11/24/2021 14:00,11,6,5
11/24/2021 15:00,7,2,5
11/24/2021 16:00,11,8,3
11/24/2021 17:00,6,2,4
11/24/2021 18:00,3,3,0
11/24/2021 19:00,5,3,2
11/24/2021 20:00,2,0,2
11/24/2021 21:00,3,2,1
11/24/2021 22:00,1,0,1
11/24/2021 23:00,0,0,0
11/25/2021 0:00,0,0,0
11/25/2021 1:00,1,1,0
11/25/2021 2:00,0,0,0
11/25/2021 3:00,0,0,0
11/25/2021 4:00,0,0,0
11/25/2021 5:00,0,0,0
11/25/2021 6:00,0,0,0
11/25/2021 7:00,1,0,1
11/25/2021 8:00,1,0,1
11/25/2021 9:00,2,2,0
11/25/2021 10:00,5,2,3
11/25/2021 11:00,2,1,1
11/25/2021 12:00,3,1,2
11/25/2021 13:00,11,5,6
11/25/2021 14:00,3,3,0
11/25/2021 15:00,1,1,0
11/25/2021 16:00,0,0,0
11/25/2021 17:00,0,0,0
11/25/2021 18:00,1,1,0
11/25/2021 19:00,1,0,1
11/25/2021 20:00,0,0,0
11/25/2021 21:00,0,0,0
11/25/2021 22:00,1,1,0
11/25/2021 23:00,0,0,0
11/26/2021 0:00,0,0,0
11/26/2021 1:00,1,0,1
11/26/2021 2:00,0,0,0
11/26/2021 3:00,0,0,0
11/26/2021 4:00,0,0,0
11/26/2021 5:00,0,0,0
11/26/2021 6:00,1,0,1
11/26/2021 7:00,0,0,0
11/26/2021 8:00,0,0,0
11/26/2021 9:00,1,1,0
11/26/2021 10:00,13,1,12
11/26/2021 11:00,6,4,2
11/26/2021 12:00,3,0,3
11/26/2021 13:00,4,4,0
11/26/2021 14:00,1,1,0
11/26/2021 15:00,3,2,1
11/26/2021 16:00,1,1,0
11/26/2021 17:00,1,1,0
11/26/2021 18:00,8,4,4
11/26/2021 19:00,1,1,0
11/26/2021 20:00,2,1,1
11/26/2021 21:00,2,2,0
11/26/2021 22:00,0,0,0
11/26/2021 23:00,0,0,0
11/27/2021 0:00,0,0,0
11/27/2021 1:00,0,0,0
11/27/2021 2:00,0,0,0
11/27/2021 3:00,0,0,0
11/27/2021 4:00,0,0,0
11/27/2021 5:00,0,0,0
11/27/2021 6:00,0,0,0
11/27/2021 7:00,2,1,1
11/27/2021 8:00,1,0,1
11/27/2021 9:00,1,0,1
11/27/2021 10:00,9,7,2
11/27/2021 11:00,1,1,0
11/27/2021 12:00,0,0,0
11/27/2021 13:00,1,0,1
11/27/2021 14:00,3,3,0
11/27/2021 15:00,4,3,1
11/27/2021 16:00,0,0,0
11/27/2021 17:00,1,1,0
11/27/2021 18:00,0,0,0
11/27/2021 19:00,2,0,2
11/27/2021 20:00,0,0,0
11/27/2021 21:00,0,0,0
11/27/2021 22:00,0,0,0
11/27/2021 23:00,0,0,0
11/28/2021 0:00,0,0,0
11/28/2021 1:00,0,0,0
11/28/2021 2:00,1,1,0
11/28/2021 3:00,0,0,0
11/28/2021 4:00,0,0,0
11/28/2021 5:00,1,0,1
11/28/2021 6:00,1,0,1
11/28/2021 7:00,0,0,0
11/28/2021 8:00,1,1,0
11/28/2021 9:00,1,0,1
11/28/2021 10:00,7,4,3
11/28/2021 11:00,3,0,3
11/28/2021 12:00,2,2,0
11/28/2021 13:00,7,4,3
11/28/2021 14:00,4,4,0
11/28/2021 15:00,2,0,2
11/28/2021 16:00,3,3,0
11/28/2021 17:00,4,1,3
11/28/2021 18:00,1,0,1
11/28/2021 19:00,1,1,0
11/28/2021 20:00,0,0,0
11/28/2021 21:00,1,1,0
11/28/2021 22:00,1,0,1
11/28/2021 23:00,1,0,1
11/29/2021 0:00,0,0,0
11/29/2021 1:00,0,0,0
11/29/2021 2:00,0,0,0
11/29/2021 3:00,0,0,0
11/29/2021 4:00,0,0,0
11/29/2021 5:00,0,0,0
11/29/2021 6:00,2,2,0
11/29/2021 7:00,2,1,1
11/29/2021 8:00,8,7,1
11/29/2021 9:00,4,3,1
11/29/2021 10:00,5,4,1
11/29/2021 11:00,3,2,1
11/29/2021 12:00,3,3,0
11/29/2021 13:00,7,4,3
11/29/2021 14:00,11,5,6
11/29/2021 15:00,7,6,1
11/29/2021 16:00,10,7,3
11/29/2021 17:00,8,5,3
11/29/2021 18:00,4,1,3
11/29/2021 19:00,2,1,1
11/29/2021 20:00,2,0,2
11/29/2021 21:00,2,2,0
11/29/2021 22:00,1,0,1
11/29/2021 23:00,0,0,0
11/30/2021 0:00,0,0,0
11/30/2021 1:00,0,0,0
11/30/2021 2:00,0,0,0
11/30/2021 3:00,0,0,0
11/30/2021 4:00,0,0,0
11/30/2021 5:00,0,0,0
11/30/2021 6:00,1,1,0
11/30/2021 7:00,2,2,0
11/30/2021 8:00,5,3,2
11/30/2021 9:00,4,4,0
11/30/2021 10:00,3,2,1
11/30/2021 11:00,1,0,1
11/30/2021 12:00,5,4,1
11/30/2021 13:00,3,2,1
11/30/2021 14:00,2,2,0
11/30/2021 15:00,8,2,6
11/30/2021 16:00,7,4,3
11/30/2021 17:00,5,4,1
11/30/2021 18:00,4,1,3
11/30/2021 19:00,0,0,0
11/30/2021 20:00,0,0,0
11/30/2021 21:00,1,1,0
11/30/2021 22:00,2,2,0
11/30/2021 23:00,0,0,0
12/1/2021 0:00,0,0,0
12/1/2021 1:00,0,0,0
12/1/2021 2:00,0,0,0
12/1/2021 3:00,0,0,0
12/1/2021 4:00,0,0,0
12/1/2021 5:00,0,0,0
12/1/2021 6:00,0,0,0
12/1/2021 7:00,2,1,1
12/1/2021 8:00,4,3,1
12/1/2021 9:00,2,1,1
12/1/2021 10:00,3,0,3
12/1/2021 11:00,4,2,2
12/1/2021 12:00,3,2,1
12/1/2021 13:00,12,7,5
12/1/2021 14:00,5,1,4
12/1/2021 15:00,4,2,2
12/1/2021 16:00,11,6,5
12/1/2021 17:00,10,6,4
12/1/2021 18:00,4,3,1
12/1/2021 19:00,3,2,1
12/1/2021 20:00,2,0,2
12/1/2021 21:00,2,2,0
12/1/2021 22:00,1,1,0
12/1/2021 23:00,1,1,0
12/2/2021 0:00,1,0,1
12/2/2021 1:00,0,0,0
12/2/2021 2:00,2,1,1
12/2/2021 3:00,0,0,0
12/2/2021 4:00,0,0,0
12/2/2021 5:00,0,0,0
12/2/2021 6:00,1,0,1
12/2/2021 7:00,1,0,1
12/2/2021 8:00,7,4,3
12/2/2021 9:00,4,3,1
12/2/2021 10:00,8,3,5
12/2/2021 11:00,2,1,1
12/2/2021 12:00,2,1,1
12/2/2021 13:00,0,0,0
12/2/2021 14:00,1,0,1
12/2/2021 15:00,5,2,3
12/2/2021 16:00,7,5,2
12/2/2021 17:00,5,2,3
12/2/2021 18:00,7,7,0
12/2/2021 19:00,5,2,3
12/2/2021 20:00,2,1,1
12/2/2021 21:00,0,0,0
12/2/2021 22:00,0,0,0
12/2/2021 23:00,0,0,0
12/3/2021 0:00,0,0,0
12/3/2021 1:00,0,0,0
12/3/2021 2:00,0,0,0
12/3/2021 3:00,0,0,0
12/3/2021 4:00,0,0,0
12/3/2021 5:00,1,0,1
12/3/2021 6:00,1,1,0
12/3/2021 7:00,4,2,2
12/3/2021 8:00,5,2,3
12/3/2021 9:00,4,3,1
12/3/2021 10:00,7,2,5
12/3/2021 11:00,5,3,2
12/3/2021 12:00,5,4,1
12/3/2021 13:00,8,3,5
12/3/2021 14:00,6,2,4
12/3/2021 15:00,12,6,6
12/3/2021 16:00,10,5,5
12/3/2021 17:00,3,3,0
12/3/2021 18:00,4,3,1
12/3/2021 19:00,8,3,5
12/3/2021 20:00,2,1,1
12/3/2021 21:00,2,2,0
12/3/2021 22:00,0,0,0
12/3/2021 23:00,0,0,0
12/4/2021 0:00,1,1,0
12/4/2021 1:00,0,0,0
12/4/2021 2:00,0,0,0
12/4/2021 3:00,0,0,0
12/4/2021 4:00,0,0,0
12/4/2021 5:00,0,0,0
12/4/2021 6:00,0,0,0
12/4/2021 7:00,2,1,1
12/4/2021 8:00,0,0,0
12/4/2021 9:00,1,0,1
12/4/2021 10:00,3,2,1
12/4/2021 11:00,3,1,2
12/4/2021 12:00,1,1,0
12/4/2021 13:00,3,1,2
12/4/2021 14:00,2,0,2
12/4/2021 15:00,2,1,1
12/4/2021 16:00,2,1,1
12/4/2021 17:00,1,1,0
12/4/2021 18:00,1,1,0
12/4/2021 19:00,0,0,0
12/4/2021 20:00,1,0,1
12/4/2021 21:00,3,2,1
12/4/2021 22:00,0,0,0
12/4/2021 23:00,0,0,0
12/5/2021 0:00,2,1,1
12/5/2021 1:00,1,0,1
12/5/2021 2:00,0,0,0
12/5/2021 3:00,0,0,0
12/5/2021 4:00,0,0,0
12/5/2021 5:00,0,0,0
12/5/2021 6:00,1,0,1
12/5/2021 7:00,1,0,1
12/5/2021 8:00,2,1,1
12/5/2021 9:00,5,3,2
12/5/2021 10:00,6,1,5
12/5/2021 11:00,2,1,1
12/5/2021 12:00,5,0,5
12/5/2021 13:00,4,3,1
12/5/2021 14:00,5,3,2
12/5/2021 15:00,11,8,3
12/5/2021 16:00,11,5,6
12/5/2021 17:00,5,3,2
12/5/2021 18:00,2,1,1
12/5/2021 19:00,2,0,2
12/5/2021 20:00,1,1,0
12/5/2021 21:00,0,0,0
12/5/2021 22:00,0,0,0
12/5/2021 23:00,0,0,0
12/6/2021 0:00,0,0,0
12/6/2021 1:00,0,0,0
12/6/2021 2:00,1,1,0
12/6/2021 3:00,0,0,0
12/6/2021 4:00,0,0,0
12/6/2021 5:00,0,0,0
12/6/2021 6:00,0,0,0
12/6/2021 7:00,3,1,2
12/6/2021 8:00,6,4,2
12/6/2021 9:00,5,5,0
12/6/2021 10:00,3,1,2
12/6/2021 11:00,4,3,1
12/6/2021 12:00,1,1,0
12/6/2021 13:00,5,2,3
12/6/2021 14:00,4,2,2
12/6/2021 15:00,3,2,1
12/6/2021 16:00,3,2,1
12/6/2021 17:00,8,3,5
12/6/2021 18:00,4,2,2
12/6/2021 19:00,0,0,0
12/6/2021 20:00,2,1,1
12/6/2021 21:00,1,1,0
12/6/2021 22:00,0,0,0
12/6/2021 23:00,0,0,0
12/7/2021 0:00,0,0,0
12/7/2021 1:00,0,0,0
12/7/2021 2:00,0,0,0
12/7/2021 3:00,0,0,0
12/7/2021 4:00,0,0,0
12/7/2021 5:00,1,0,1
12/7/2021 6:00,1,0,1
12/7/2021 7:00,2,1,1
12/7/2021 8:00,7,3,4
12/7/2021 9:00,6,5,1
12/7/2021 10:00,1,1,0
12/7/2021 11:00,4,1,3
12/7/2021 12:00,5,4,1
12/7/2021 13:00,6,4,2
12/7/2021 14:00,3,1,2
12/7/2021 15:00,6,3,3
12/7/2021 16:00,12,7,5
12/7/2021 17:00,4,3,1
12/7/2021 18:00,4,4,0
12/7/2021 19:00,2,2,0
12/7/2021 20:00,2,1,1
12/7/2021 21:00,2,0,2
12/7/2021 22:00,0,0,0
12/7/2021 23:00,0,0,0
12/8/2021 0:00,0,0,0
12/8/2021 1:00,1,0,1
12/8/2021 2:00,0,0,0
12/8/2021 3:00,0,0,0
12/8/2021 4:00,1,1,0
12/8/2021 5:00,0,0,0
12/8/2021 6:00,0,0,0
12/8/2021 7:00,1,0,1
12/8/2021 8:00,3,2,1
12/8/2021 9:00,3,2,1
12/8/2021 10:00,2,1,1
12/8/2021 11:00,3,2,1
12/8/2021 12:00,3,1,2
12/8/2021 13:00,7,4,3
12/8/2021 14:00,4,1,3
12/8/2021 15:00,10,9,1
12/8/2021 16:00,11,7,4
12/8/2021 17:00,6,4,2
12/8/2021 18:00,4,1,3
12/8/2021 19:00,2,1,1
12/8/2021 20:00,0,0,0
12/8/2021 21:00,1,1,0
12/8/2021 22:00,0,0,0
12/8/2021 23:00,0,0,0
12/9/2021 0:00,0,0,0
12/9/2021 1:00,0,0,0
12/9/2021 2:00,0,0,0
12/9/2021 3:00,0,0,0
12/9/2021 4:00,0,0,0
12/9/2021 5:00,0,0,0
12/9/2021 6:00,0,0,0
12/9/2021 7:00,3,2,1
12/9/2021 8:00,6,3,3
12/9/2021 9:00,2,2,0
12/9/2021 10:00,5,2,3
12/9/2021 11:00,3,2,1
12/9/2021 12:00,0,0,0
12/9/2021 13:00,2,1,1
12/9/2021 14:00,7,4,3
12/9/2021 15:00,5,3,2
12/9/2021 16:00,7,4,3
12/9/2021 17:00,4,3,1
12/9/2021 18:00,5,2,3
12/9/2021 19:00,4,2,2
12/9/2021 20:00,2,0,2
12/9/2021 21:00,2,2,0
12/9/2021 22:00,0,0,0
12/9/2021 23:00,0,0,0
12/10/2021 0:00,0,0,0
12/10/2021 1:00,2,2,0
12/10/2021 2:00,0,0,0
12/10/2021 3:00,0,0,0
12/10/2021 4:00,0,0,0
12/10/2021 5:00,0,0,0
12/10/2021 6:00,2,1,1
12/10/2021 7:00,2,0,2
12/10/2021 8:00,2,2,0
12/10/2021 9:00,5,4,1
12/10/2021 10:00,2,0,2
12/10/2021 11:00,5,2,3
12/10/2021 12:00,5,2,3
12/10/2021 13:00,1,1,0
12/10/2021 14:00,3,3,0
12/10/2021 15:00,8,6,2
12/10/2021 16:00,5,4,1
12/10/2021 17:00,4,2,2
12/10/2021 18:00,5,3,2
12/10/2021 19:00,1,0,1
12/10/2021 20:00,0,0,0
12/10/2021 21:00,0,0,0
12/10/2021 22:00,4,2,2
12/10/2021 23:00,0,0,0
12/11/2021 0:00,0,0,0
12/11/2021 1:00,0,0,0
12/11/2021 2:00,0,0,0
12/11/2021 3:00,0,0,0
12/11/2021 4:00,0,0,0
12/11/2021 5:00,0,0,0
12/11/2021 6:00,0,0,0
12/11/2021 7:00,2,1,1
12/11/2021 8:00,1,0,1
12/11/2021 9:00,3,2,1
12/11/2021 10:00,3,1,2
12/11/2021 11:00,8,3,5
12/11/2021 12:00,6,5,1
12/11/2021 13:00,10,3,7
12/11/2021 14:00,3,2,1
12/11/2021 15:00,1,1,0
12/11/2021 16:00,4,2,2
12/11/2021 17:00,2,0,2
12/11/2021 18:00,2,1,1
12/11/2021 19:00,1,1,0
12/11/2021 20:00,1,0,1
12/11/2021 21:00,2,1,1
12/11/2021 22:00,0,0,0
12/11/2021 23:00,0,0,0
12/12/2021 0:00,0,0,0
12/12/2021 1:00,0,0,0
12/12/2021 2:00,0,0,0
12/12/2021 3:00,0,0,0
12/12/2021 4:00,0,0,0
12/12/2021 5:00,0,0,0
12/12/2021 6:00,1,0,1
12/12/2021 7:00,1,0,1
12/12/2021 8:00,3,3,0
12/12/2021 9:00,0,0,0
12/12/2021 10:00,5,0,5
12/12/2021 11:00,4,3,1
12/12/2021 12:00,6,3,3
12/12/2021 13:00,3,1,2
12/12/2021 14:00,4,1,3
12/12/2021 15:00,9,5,4
12/12/2021 16:00,1,1,0
12/12/2021 17:00,1,0,1
12/12/2021 18:00,1,0,1
12/12/2021 19:00,4,3,1
12/12/2021 20:00,1,0,1
12/12/2021 21:00,1,1,0
12/12/2021 22:00,0,0,0
12/12/2021 23:00,0,0,0
12/13/2021 0:00,0,0,0
12/13/2021 1:00,1,0,1
12/13/2021 2:00,0,0,0
12/13/2021 3:00,0,0,0
12/13/2021 4:00,0,0,0
12/13/2021 5:00,0,0,0
12/13/2021 6:00,0,0,0
12/13/2021 7:00,2,1,1
12/13/2021 8:00,3,3,0
12/13/2021 9:00,2,1,1
12/13/2021 10:00,2,0,2
12/13/2021 11:00,4,4,0
12/13/2021 12:00,6,4,2
12/13/2021 13:00,3,2,1
12/13/2021 14:00,2,1,1
12/13/2021 15:00,6,2,4
12/13/2021 16:00,1,1,0
12/13/2021 17:00,5,2,3
12/13/2021 18:00,4,2,2
12/13/2021 19:00,4,1,3
12/13/2021 20:00,2,1,1
12/13/2021 21:00,1,1,0
12/13/2021 22:00,1,0,1
12/13/2021 23:00,0,0,0
12/14/2021 0:00,0,0,0
12/14/2021 1:00,0,0,0
12/14/2021 2:00,0,0,0
12/14/2021 3:00,0,0,0
12/14/2021 4:00,0,0,0
12/14/2021 5:00,1,0,1
12/14/2021 6:00,1,0,1
12/14/2021 7:00,2,1,1
12/14/2021 8:00,4,2,2
12/14/2021 9:00,4,3,1
12/14/2021 10:00,1,1,0
12/14/2021 11:00,4,3,1
12/14/2021 12:00,4,2,2
12/14/2021 13:00,4,3,1
12/14/2021 14:00,3,3,0
12/14/2021 15:00,7,1,6
12/14/2021 16:00,5,1,4
12/14/2021 17:00,5,2,3
12/14/2021 18:00,2,2,0
12/14/2021 19:00,2,2,0
12/14/2021 20:00,0,0,0
12/14/2021 21:00,0,0,0
12/14/2021 22:00,0,0,0
12/14/2021 23:00,0,0,0
12/15/2021 0:00,0,0,0
12/15/2021 1:00,0,0,0
12/15/2021 2:00,0,0,0
12/15/2021 3:00,0,0,0
12/15/2021 4:00,1,0,1
12/15/2021 5:00,0,0,0
12/15/2021 6:00,1,1,0
12/15/2021 7:00,3,3,0
12/15/2021 8:00,4,2,2
12/15/2021 9:00,1,1,0
12/15/2021 10:00,4,2,2
12/15/2021 11:00,4,2,2
12/15/2021 12:00,3,3,0
12/15/2021 13:00,1,1,0
12/15/2021 14:00,2,1,1
12/15/2021 15:00,2,1,1
12/15/2021 16:00,4,3,1
12/15/2021 17:00,4,3,1
12/15/2021 18:00,1,0,1
12/15/2021 19:00,0,0,0
12/15/2021 20:00,2,0,2
12/15/2021 21:00,3,1,2
12/15/2021 22:00,0,0,0
12/15/2021 23:00,0,0,0
12/16/2021 0:00,0,0,0
12/16/2021 1:00,1,1,0
12/16/2021 2:00,0,0,0
12/16/2021 3:00,0,0,0
12/16/2021 4:00,0,0,0
12/16/2021 5:00,0,0,0
12/16/2021 6:00,2,1,1
12/16/2021 7:00,1,1,0
12/16/2021 8:00,6,2,4
12/16/2021 9:00,2,1,1
12/16/2021 10:00,4,1,3
12/16/2021 11:00,3,1,2
12/16/2021 12:00,4,0,4
12/16/2021 13:00,3,1,2
12/16/2021 14:00,4,2,2
12/16/2021 15:00,5,3,2
12/16/2021 16:00,5,3,2
12/16/2021 17:00,6,3,3
12/16/2021 18:00,4,3,1
12/16/2021 19:00,1,0,1
12/16/2021 20:00,1,0,1
12/16/2021 21:00,0,0,0
12/16/2021 22:00,2,1,1
12/16/2021 23:00,0,0,0
12/17/2021 0:00,0,0,0
12/17/2021 1:00,0,0,0
12/17/2021 2:00,0,0,0
12/17/2021 3:00,0,0,0
12/17/2021 4:00,1,0,1
12/17/2021 5:00,0,0,0
12/17/2021 6:00,0,0,0
12/17/2021 7:00,2,1,1
12/17/2021 8:00,1,1,0
12/17/2021 9:00,3,2,1
12/17/2021 10:00,7,4,3
12/17/2021 11:00,4,2,2
12/17/2021 12:00,7,2,5
12/17/2021 13:00,8,5,3
12/17/2021 14:00,8,4,4
12/17/2021 15:00,4,2,2
12/17/2021 16:00,7,2,5
12/17/2021 17:00,9,6,3
12/17/2021 18:00,4,3,1
12/17/2021 19:00,2,1,1
12/17/2021 20:00,0,0,0
12/17/2021 21:00,1,1,0
12/17/2021 22:00,0,0,0
12/17/2021 23:00,1,0,1
12/18/2021 0:00,0,0,0
12/18/2021 1:00,0,0,0
12/18/2021 2:00,0,0,0
12/18/2021 3:00,1,0,1
12/18/2021 4:00,1,0,1
12/18/2021 5:00,0,0,0
12/18/2021 6:00,0,0,0
12/18/2021 7:00,2,0,2
12/18/2021 8:00,2,1,1
12/18/2021 9:00,1,1,0
12/18/2021 10:00,3,2,1
12/18/2021 11:00,1,0,1
12/18/2021 12:00,1,0,1
12/18/2021 13:00,1,0,1
12/18/2021 14:00,1,1,0
12/18/2021 15:00,1,1,0
12/18/2021 16:00,3,3,0
12/18/2021 17:00,1,0,1
12/18/2021 18:00,1,1,0
12/18/2021 19:00,4,3,1
12/18/2021 20:00,1,1,0
12/18/2021 21:00,0,0,0
12/18/2021 22:00,5,2,3
12/18/2021 23:00,0,0,0
12/19/2021 0:00,1,0,1
12/19/2021 1:00,0,0,0
12/19/2021 2:00,0,0,0
12/19/2021 3:00,0,0,0
12/19/2021 4:00,0,0,0
12/19/2021 5:00,0,0,0
12/19/2021 6:00,1,0,1
12/19/2021 7:00,1,0,1
12/19/2021 8:00,1,0,1
12/19/2021 9:00,2,0,2
12/19/2021 10:00,4,3,1
12/19/2021 11:00,9,6,3
12/19/2021 12:00,8,3,5
12/19/2021 13:00,14,5,9
12/19/2021 14:00,14,5,9
12/19/2021 15:00,7,5,2
12/19/2021 16:00,4,2,2
12/19/2021 17:00,0,0,0
12/19/2021 18:00,3,1,2
12/19/2021 19:00,1,0,1
12/19/2021 20:00,1,1,0
12/19/2021 21:00,0,0,0
12/19/2021 22:00,2,1,1
12/19/2021 23:00,0,0,0
12/20/2021 0:00,0,0,0
12/20/2021 1:00,0,0,0
12/20/2021 2:00,0,0,0
12/20/2021 3:00,0,0,0
12/20/2021 4:00,0,0,0
12/20/2021 5:00,0,0,0
12/20/2021 6:00,0,0,0
12/20/2021 7:00,4,2,2
12/20/2021 8:00,5,2,3
12/20/2021 9:00,6,4,2
12/20/2021 10:00,2,0,2
12/20/2021 11:00,3,2,1
12/20/2021 12:00,5,4,1
12/20/2021 13:00,5,4,1
12/20/2021 14:00,2,0,2
12/20/2021 15:00,4,3,1
12/20/2021 16:00,2,1,1
12/20/2021 17:00,3,2,1
12/20/2021 18:00,5,3,2
12/20/2021 19:00,1,0,1
12/20/2021 20:00,0,0,0
12/20/2021 21:00,0,0,0
12/20/2021 22:00,0,0,0
12/20/2021 23:00,0,0,0
12/21/2021 0:00,0,0,0
12/21/2021 1:00,0,0,0
12/21/2021 2:00,0,0,0
12/21/2021 3:00,0,0,0
12/21/2021 4:00,0,0,0
12/21/2021 5:00,0,0,0
12/21/2021 6:00,1,0,1
12/21/2021 7:00,1,0,1
12/21/2021 8:00,5,2,3
12/21/2021 9:00,4,3,1
12/21/2021 10:00,4,3,1
12/21/2021 11:00,4,1,3
12/21/2021 12:00,7,3,4
12/21/2021 13:00,4,3,1
12/21/2021 14:00,3,1,2
12/21/2021 15:00,8,3,5
12/21/2021 16:00,8,6,2
12/21/2021 17:00,4,3,1
12/21/2021 18:00,3,0,3
12/21/2021 19:00,1,0,1
12/21/2021 20:00,0,0,0
12/21/2021 21:00,1,1,0
12/21/2021 22:00,1,0,1
12/21/2021 23:00,1,1,0
12/22/2021 0:00,0,0,0
12/22/2021 1:00,0,0,0
12/22/2021 2:00,0,0,0
12/22/2021 3:00,0,0,0
12/22/2021 4:00,0,0,0
12/22/2021 5:00,0,0,0
12/22/2021 6:00,0,0,0
12/22/2021 7:00,1,0,1
12/22/2021 8:00,2,2,0
12/22/2021 9:00,3,2,1
12/22/2021 10:00,2,1,1
12/22/2021 11:00,3,1,2
12/22/2021 12:00,5,2,3
12/22/2021 13:00,5,4,1
12/22/2021 14:00,1,0,1
12/22/2021 15:00,2,1,1
12/22/2021 16:00,2,2,0
12/22/2021 17:00,1,0,1
12/22/2021 18:00,1,0,1
12/22/2021 19:00,1,0,1
12/22/2021 20:00,1,0,1
12/22/2021 21:00,1,1,0
12/22/2021 22:00,1,1,0
12/22/2021 23:00,0,0,0
12/23/2021 0:00,0,0,0
12/23/2021 1:00,0,0,0
12/23/2021 2:00,0,0,0
12/23/2021 3:00,0,0,0
12/23/2021 4:00,0,0,0
12/23/2021 5:00,0,0,0
12/23/2021 6:00,1,0,1
12/23/2021 7:00,2,1,1
12/23/2021 8:00,2,0,2
12/23/2021 9:00,4,2,2
12/23/2021 10:00,4,3,1
12/23/2021 11:00,8,2,6
12/23/2021 12:00,5,3,2
12/23/2021 13:00,4,3,1
12/23/2021 14:00,5,4,1
12/23/2021 15:00,7,5,2
12/23/2021 16:00,3,2,1
12/23/2021 17:00,2,1,1
12/23/2021 18:00,6,2,4
12/23/2021 19:00,2,1,1
12/23/2021 20:00,1,1,0
12/23/2021 21:00,0,0,0
12/23/2021 22:00,2,1,1
12/23/2021 23:00,0,0,0
12/24/2021 0:00,0,0,0
12/24/2021 1:00,0,0,0
12/24/2021 2:00,0,0,0
12/24/2021 3:00,0,0,0
12/24/2021 4:00,0,0,0
12/24/2021 5:00,0,0,0
12/24/2021 6:00,0,0,0
12/24/2021 7:00,1,1,0
12/24/2021 8:00,3,1,2
12/24/2021 9:00,0,0,0
12/24/2021 10:00,2,1,1
12/24/2021 11:00,1,0,1
12/24/2021 12:00,1,1,0
12/24/2021 13:00,2,0,2
12/24/2021 14:00,2,2,0
12/24/2021 15:00,4,3,1
12/24/2021 16:00,3,1,2
12/24/2021 17:00,0,0,0
12/24/2021 18:00,0,0,0
12/24/2021 19:00,1,0,1
12/24/2021 20:00,0,0,0
12/24/2021 21:00,0,0,0
12/24/2021 22:00,0,0,0
12/24/2021 23:00,0,0,0
12/25/2021 0:00,0,0,0
12/25/2021 1:00,0,0,0
12/25/2021 2:00,0,0,0
12/25/2021 3:00,0,0,0
12/25/2021 4:00,0,0,0
12/25/2021 5:00,0,0,0
12/25/2021 6:00,0,0,0
12/25/2021 7:00,0,0,0
12/25/2021 8:00,2,2,0
12/25/2021 9:00,2,1,1
12/25/2021 10:00,0,0,0
12/25/2021 11:00,1,1,0
12/25/2021 12:00,2,1,1
12/25/2021 13:00,1,1,0
12/25/2021 14:00,2,1,1
12/25/2021 15:00,2,0,2
12/25/2021 16:00,0,0,0
12/25/2021 17:00,0,0,0
12/25/2021 18:00,1,0,1
12/25/2021 19:00,0,0,0
12/25/2021 20:00,0,0,0
12/25/2021 21:00,0,0,0
12/25/2021 22:00,1,0,1
12/25/2021 23:00,1,1,0
12/26/2021 0:00,1,1,0
12/26/2021 1:00,0,0,0
12/26/2021 2:00,0,0,0
12/26/2021 3:00,0,0,0
12/26/2021 4:00,0,0,0
12/26/2021 5:00,0,0,0
12/26/2021 6:00,0,0,0
12/26/2021 7:00,0,0,0
12/26/2021 8:00,0,0,0
12/26/2021 9:00,1,1,0
12/26/2021 10:00,0,0,0
12/26/2021 11:00,0,0,0
12/26/2021 12:00,0,0,0
12/26/2021 13:00,0,0,0
12/26/2021 14:00,0,0,0
12/26/2021 15:00,0,0,0
12/26/2021 16:00,0,0,0
12/26/2021 17:00,0,0,0
12/26/2021 18:00,0,0,0
12/26/2021 19:00,1,1,0
12/26/2021 20:00,0,0,0
12/26/2021 21:00,0,0,0
12/26/2021 22:00,0,0,0
12/26/2021 23:00,0,0,0
12/27/2021 0:00,0,0,0
12/27/2021 1:00,0,0,0
12/27/2021 2:00,0,0,0
12/27/2021 3:00,0,0,0
12/27/2021 4:00,0,0,0
12/27/2021 5:00,0,0,0
12/27/2021 6:00,0,0,0
12/27/2021 7:00,0,0,0
12/27/2021 8:00,0,0,0
12/27/2021 9:00,0,0,0
12/27/2021 10:00,0,0,0
12/27/2021 11:00,0,0,0
12/27/2021 12:00,0,0,0
12/27/2021 13:00,0,0,0
12/27/2021 14:00,0,0,0
12/27/2021 15:00,0,0,0
12/27/2021 16:00,0,0,0
12/27/2021 17:00,0,0,0
12/27/2021 18:00,0,0,0
12/27/2021 19:00,0,0,0
12/27/2021 20:00,0,0,0
12/27/2021 21:00,0,0,0
12/27/2021 22:00,0,0,0
12/27/2021 23:00,0,0,0
12/28/2021 0:00,1,0,1
12/28/2021 1:00,0,0,0
12/28/2021 2:00,0,0,0
12/28/2021 3:00,0,0,0
12/28/2021 4:00,0,0,0
12/28/2021 5:00,0,0,0
12/28/2021 6:00,0,0,0
12/28/2021 7:00,0,0,0
12/28/2021 8:00,0,0,0
12/28/2021 9:00,0,0,0
12/28/2021 10:00,0,0,0
12/28/2021 11:00,0,0,0
12/28/2021 12:00,0,0,0
12/28/2021 13:00,1,1,0
12/28/2021 14:00,1,0,1
12/28/2021 15:00,0,0,0
12/28/2021 16:00,0,0,0
12/28/2021 17:00,0,0,0
12/28/2021 18:00,0,0,0
12/28/2021 19:00,0,0,0
12/28/2021 20:00,0,0,0
12/28/2021 21:00,0,0,0
12/28/2021 22:00,0,0,0
12/28/2021 23:00,0,0,0
12/29/2021 0:00,0,0,0
12/29/2021 1:00,0,0,0
12/29/2021 2:00,0,0,0
12/29/2021 3:00,0,0,0
12/29/2021 4:00,0,0,0
12/29/2021 5:00,0,0,0
12/29/2021 6:00,0,0,0
12/29/2021 7:00,0,0,0
12/29/2021 8:00,0,0,0
12/29/2021 9:00,0,0,0
12/29/2021 10:00,0,0,0
12/29/2021 11:00,0,0,0
12/29/2021 12:00,0,0,0
12/29/2021 13:00,0,0,0
12/29/2021 14:00,0,0,0
12/29/2021 15:00,0,0,0
12/29/2021 16:00,0,0,0
12/29/2021 17:00,0,0,0
12/29/2021 18:00,0,0,0
12/29/2021 19:00,0,0,0
12/29/2021 20:00,0,0,0
12/29/2021 21:00,0,0,0
12/29/2021 22:00,0,0,0
12/29/2021 23:00,0,0,0
12/30/2021 0:00,0,0,0
12/30/2021 1:00,0,0,0
12/30/2021 2:00,0,0,0
12/30/2021 3:00,0,0,0
12/30/2021 4:00,0,0,0
12/30/2021 5:00,0,0,0
12/30/2021 6:00,0,0,0
12/30/2021 7:00,0,0,0
12/30/2021 8:00,0,0,0
12/30/2021 9:00,1,0,1
12/30/2021 10:00,1,1,0
12/30/2021 11:00,0,0,0
12/30/2021 12:00,0,0,0
12/30/2021 13:00,1,0,1
12/30/2021 14:00,2,2,0
12/30/2021 15:00,0,0,0
12/30/2021 16:00,2,1,1
12/30/2021 17:00,0,0,0
12/30/2021 18:00,2,2,0
12/30/2021 19:00,1,1,0
12/30/2021 20:00,0,0,0
12/30/2021 21:00,0,0,0
12/30/2021 22:00,0,0,0
12/30/2021 23:00,0,0,0
12/31/2021 0:00,0,0,0
12/31/2021 1:00,0,0,0
12/31/2021 2:00,0,0,0
12/31/2021 3:00,0,0,0
12/31/2021 4:00,0,0,0
12/31/2021 5:00,0,0,0
12/31/2021 6:00,0,0,0
12/31/2021 7:00,0,0,0
12/31/2021 8:00,0,0,0
12/31/2021 9:00,0,0,0
12/31/2021 10:00,0,0,0
12/31/2021 11:00,0,0,0
12/31/2021 12:00,0,0,0
12/31/2021 13:00,0,0,0
12/31/2021 14:00,0,0,0
12/31/2021 15:00,0,0,0
12/31/2021 16:00,0,0,0
12/31/2021 17:00,0,0,0
12/31/2021 18:00,0,0,0
12/31/2021 19:00,0,0,0
12/31/2021 20:00,0,0,0
12/31/2021 21:00,0,0,0
12/31/2021 22:00,0,0,0
12/31/2021 23:00,0,0,0
1/1/2022 0:00,0,0,0
1/1/2022 1:00,0,0,0
1/1/2022 2:00,0,0,0
1/1/2022 3:00,0,0,0
1/1/2022 4:00,0,0,0
1/1/2022 5:00,0,0,0
1/1/2022 6:00,0,0,0
1/1/2022 7:00,0,0,0
1/1/2022 8:00,0,0,0
1/1/2022 9:00,0,0,0
1/1/2022 10:00,0,0,0
1/1/2022 11:00,0,0,0
1/1/2022 12:00,1,0,1
1/1/2022 13:00,0,0,0
1/1/2022 14:00,0,0,0
1/1/2022 15:00,2,0,2
1/1/2022 16:00,0,0,0
1/1/2022 17:00,1,0,1
1/1/2022 18:00,0,0,0
1/1/2022 19:00,0,0,0
1/1/2022 20:00,0,0,0
1/1/2022 21:00,0,0,0
1/1/2022 22:00,0,0,0
1/1/2022 23:00,0,0,0
1/2/2022 0:00,0,0,0
1/2/2022 1:00,0,0,0
1/2/2022 2:00,0,0,0
1/2/2022 3:00,0,0,0
1/2/2022 4:00,0,0,0
1/2/2022 5:00,0,0,0
1/2/2022 6:00,0,0,0
1/2/2022 7:00,0,0,0
1/2/2022 8:00,0,0,0
1/2/2022 9:00,0,0,0
1/2/2022 10:00,0,0,0
1/2/2022 11:00,0,0,0
1/2/2022 12:00,0,0,0
1/2/2022 13:00,0,0,0
1/2/2022 14:00,2,1,1
1/2/2022 15:00,1,0,1
1/2/2022 16:00,0,0,0
1/2/2022 17:00,3,1,2
1/2/2022 18:00,3,1,2
1/2/2022 19:00,0,0,0
1/2/2022 20:00,1,1,0
1/2/2022 21:00,0,0,0
1/2/2022 22:00,0,0,0
1/2/2022 23:00,0,0,0
1/3/2022 0:00,0,0,0
1/3/2022 1:00,0,0,0
1/3/2022 2:00,0,0,0
1/3/2022 3:00,0,0,0
1/3/2022 4:00,0,0,0
1/3/2022 5:00,0,0,0
1/3/2022 6:00,0,0,0
1/3/2022 7:00,0,0,0
1/3/2022 8:00,0,0,0
1/3/2022 9:00,1,1,0
1/3/2022 10:00,2,1,1
1/3/2022 11:00,3,2,1
1/3/2022 12:00,2,1,1
1/3/2022 13:00,1,1,0
1/3/2022 14:00,4,1,3
1/3/2022 15:00,0,0,0
1/3/2022 16:00,2,0,2
1/3/2022 17:00,2,1,1
1/3/2022 18:00,3,3,0
1/3/2022 19:00,1,0,1
1/3/2022 20:00,0,0,0
1/3/2022 21:00,0,0,0
1/3/2022 22:00,0,0,0
1/3/2022 23:00,0,0,0
1/4/2022 0:00,0,0,0
1/4/2022 1:00,0,0,0
1/4/2022 2:00,0,0,0
1/4/2022 3:00,0,0,0
1/4/2022 4:00,1,1,0
1/4/2022 5:00,0,0,0
1/4/2022 6:00,2,1,1
1/4/2022 7:00,0,0,0
1/4/2022 8:00,7,3,4
1/4/2022 9:00,4,2,2
1/4/2022 10:00,3,2,1
1/4/2022 11:00,6,1,5
1/4/2022 12:00,8,4,4
1/4/2022 13:00,3,1,2
1/4/2022 14:00,3,2,1
1/4/2022 15:00,6,4,2
1/4/2022 16:00,4,2,2
1/4/2022 17:00,1,0,1
1/4/2022 18:00,1,1,0
1/4/2022 19:00,0,0,0
1/4/2022 20:00,1,1,0
1/4/2022 21:00,1,1,0
1/4/2022 22:00,1,0,1
1/4/2022 23:00,0,0,0
1/5/2022 0:00,0,0,0
1/5/2022 1:00,0,0,0
1/5/2022 2:00,0,0,0
1/5/2022 3:00,0,0,0
1/5/2022 4:00,0,0,0
1/5/2022 5:00,1,1,0
1/5/2022 6:00,1,1,0
1/5/2022 7:00,1,1,0
1/5/2022 8:00,5,3,2
1/5/2022 9:00,0,0,0
1/5/2022 10:00,0,0,0
1/5/2022 11:00,5,2,3
1/5/2022 12:00,1,0,1
1/5/2022 13:00,4,0,4
1/5/2022 14:00,6,3,3
1/5/2022 15:00,1,1,0
1/5/2022 16:00,3,2,1
1/5/2022 17:00,4,2,2
1/5/2022 18:00,5,2,3
1/5/2022 19:00,1,1,0
1/5/2022 20:00,0,0,0
1/5/2022 21:00,0,0,0
1/5/2022 22:00,0,0,0
1/5/2022 23:00,0,0,0
1/6/2022 0:00,0,0,0
1/6/2022 1:00,0,0,0
1/6/2022 2:00,0,0,0
1/6/2022 3:00,0,0,0
1/6/2022 4:00,0,0,0
1/6/2022 5:00,0,0,0
1/6/2022 6:00,0,0,0
1/6/2022 7:00,2,1,1
1/6/2022 8:00,3,1,2
1/6/2022 9:00,2,2,0
1/6/2022 10:00,2,0,2
1/6/2022 11:00,2,2,0
1/6/2022 12:00,1,0,1
1/6/2022 13:00,2,0,2
1/6/2022 14:00,4,1,3
1/6/2022 15:00,2,1,1
1/6/2022 16:00,2,2,0
1/6/2022 17:00,1,0,1
1/6/2022 18:00,3,1,2
1/6/2022 19:00,0,0,0
1/6/2022 20:00,1,1,0
1/6/2022 21:00,1,1,0
1/6/2022 22:00,1,1,0
1/6/2022 23:00,0,0,0
1/7/2022 0:00,1,1,0
1/7/2022 1:00,0,0,0
1/7/2022 2:00,0,0,0
1/7/2022 3:00,0,0,0
1/7/2022 4:00,0,0,0
1/7/2022 5:00,1,0,1
1/7/2022 6:00,0,0,0
1/7/2022 7:00,0,0,0
1/7/2022 8:00,2,1,1
1/7/2022 9:00,3,2,1
1/7/2022 10:00,5,3,2
1/7/2022 11:00,3,2,1
1/7/2022 12:00,3,2,1
1/7/2022 13:00,8,5,3
1/7/2022 14:00,3,1,2
1/7/2022 15:00,5,3,2
1/7/2022 16:00,7,3,4
1/7/2022 17:00,0,0,0
1/7/2022 18:00,5,3,2
1/7/2022 19:00,1,0,1
1/7/2022 20:00,1,1,0
1/7/2022 21:00,1,0,1
1/7/2022 22:00,0,0,0
1/7/2022 23:00,0,0,0
1/8/2022 0:00,1,1,0
1/8/2022 1:00,0,0,0
1/8/2022 2:00,1,0,1
1/8/2022 3:00,0,0,0
1/8/2022 4:00,0,0,0
1/8/2022 5:00,1,0,1
1/8/2022 6:00,0,0,0
1/8/2022 7:00,3,2,1
1/8/2022 8:00,3,1,2
1/8/2022 9:00,1,0,1
1/8/2022 10:00,7,4,3
1/8/2022 11:00,9,5,4
1/8/2022 12:00,9,1,8
1/8/2022 13:00,10,5,5
1/8/2022 14:00,12,6,6
1/8/2022 15:00,7,4,3
1/8/2022 16:00,13,10,3
1/8/2022 17:00,8,5,3
1/8/2022 18:00,5,2,3
1/8/2022 19:00,1,1,0
1/8/2022 20:00,3,1,2
1/8/2022 21:00,0,0,0
1/8/2022 22:00,3,2,1
1/8/2022 23:00,1,0,1
1/9/2022 0:00,0,0,0
1/9/2022 1:00,0,0,0
1/9/2022 2:00,0,0,0
1/9/2022 3:00,0,0,0
1/9/2022 4:00,0,0,0
1/9/2022 5:00,0,0,0
1/9/2022 6:00,1,0,1
1/9/2022 7:00,0,0,0
1/9/2022 8:00,1,0,1
1/9/2022 9:00,2,0,2
1/9/2022 10:00,6,2,4
1/9/2022 11:00,13,7,6
1/9/2022 12:00,25,9,16
1/9/2022 13:00,19,10,9
1/9/2022 14:00,19,15,4
1/9/2022 15:00,10,6,4
1/9/2022 16:00,17,8,9
1/9/2022 17:00,7,5,2
1/9/2022 18:00,3,2,1
1/9/2022 19:00,0,0,0
1/9/2022 20:00,1,1,0
1/9/2022 21:00,0,0,0
1/9/2022 22:00,0,0,0
1/9/2022 23:00,0,0,0
1/10/2022 0:00,0,0,0
1/10/2022 1:00,0,0,0
1/10/2022 2:00,0,0,0
1/10/2022 3:00,0,0,0
1/10/2022 4:00,0,0,0
1/10/2022 5:00,1,0,1
1/10/2022 6:00,0,0,0
1/10/2022 7:00,0,0,0
1/10/2022 8:00,5,3,2
1/10/2022 9:00,4,4,0
1/10/2022 10:00,3,1,2
1/10/2022 11:00,3,2,1
1/10/2022 12:00,0,0,0
1/10/2022 13:00,9,3,6
1/10/2022 14:00,4,2,2
1/10/2022 15:00,0,0,0
1/10/2022 16:00,3,2,1
1/10/2022 17:00,4,1,3
1/10/2022 18:00,2,1,1
1/10/2022 19:00,1,1,0
1/10/2022 20:00,0,0,0
1/10/2022 21:00,1,0,1
1/10/2022 22:00,0,0,0
1/10/2022 23:00,0,0,0
1/11/2022 0:00,0,0,0
1/11/2022 1:00,0,0,0
1/11/2022 2:00,0,0,0
1/11/2022 3:00,0,0,0
1/11/2022 4:00,0,0,0
1/11/2022 5:00,0,0,0
1/11/2022 6:00,1,0,1
1/11/2022 7:00,3,2,1
1/11/2022 8:00,5,1,4
1/11/2022 9:00,4,2,2
1/11/2022 10:00,1,0,1
1/11/2022 11:00,3,2,1
1/11/2022 12:00,0,0,0
1/11/2022 13:00,2,0,2
1/11/2022 14:00,5,3,2
1/11/2022 15:00,5,2,3
1/11/2022 16:00,4,2,2
1/11/2022 17:00,1,0,1
1/11/2022 18:00,5,1,4
1/11/2022 19:00,0,0,0
1/11/2022 20:00,2,1,1
1/11/2022 21:00,0,0,0
1/11/2022 22:00,4,2,2
1/11/2022 23:00,0,0,0
1/12/2022 0:00,0,0,0
1/12/2022 1:00,0,0,0
1/12/2022 2:00,0,0,0
1/12/2022 3:00,0,0,0
1/12/2022 4:00,0,0,0
1/12/2022 5:00,0,0,0
1/12/2022 6:00,1,0,1
1/12/2022 7:00,3,3,0
1/12/2022 8:00,4,1,3
1/12/2022 9:00,1,1,0
1/12/2022 10:00,2,0,2
1/12/2022 11:00,10,5,5
1/12/2022 12:00,4,2,2
1/12/2022 13:00,8,3,5
1/12/2022 14:00,3,0,3
1/12/2022 15:00,8,4,4
1/12/2022 16:00,5,4,1
1/12/2022 17:00,9,6,3
1/12/2022 18:00,9,3,6
1/12/2022 19:00,2,2,0
1/12/2022 20:00,2,0,2
1/12/2022 21:00,3,2,1
1/12/2022 22:00,0,0,0
1/12/2022 23:00,1,0,1
1/13/2022 0:00,0,0,0
1/13/2022 1:00,0,0,0
1/13/2022 2:00,0,0,0
1/13/2022 3:00,0,0,0
1/13/2022 4:00,0,0,0
1/13/2022 5:00,0,0,0
1/13/2022 6:00,0,0,0
1/13/2022 7:00,6,3,3
1/13/2022 8:00,3,1,2
1/13/2022 9:00,2,1,1
1/13/2022 10:00,1,0,1
1/13/2022 11:00,3,2,1
1/13/2022 12:00,1,0,1
1/13/2022 13:00,0,0,0
1/13/2022 14:00,6,1,5
1/13/2022 15:00,15,11,4
1/13/2022 16:00,20,8,12
1/13/2022 17:00,10,4,6
1/13/2022 18:00,1,0,1
1/13/2022 19:00,2,1,1
1/13/2022 20:00,1,0,1
1/13/2022 21:00,0,0,0
1/13/2022 22:00,0,0,0
1/13/2022 23:00,0,0,0
1/14/2022 0:00,0,0,0
1/14/2022 1:00,0,0,0
1/14/2022 2:00,0,0,0
1/14/2022 3:00,1,1,0
1/14/2022 4:00,0,0,0
1/14/2022 5:00,0,0,0
1/14/2022 6:00,0,0,0
1/14/2022 7:00,5,4,1
1/14/2022 8:00,4,4,0
1/14/2022 9:00,1,1,0
1/14/2022 10:00,5,2,3
1/14/2022 11:00,4,3,1
1/14/2022 12:00,7,3,4
1/14/2022 13:00,11,6,5
1/14/2022 14:00,15,6,9
1/14/2022 15:00,10,4,6
1/14/2022 16:00,11,5,6
1/14/2022 17:00,10,5,5
1/14/2022 18:00,7,4,3
1/14/2022 19:00,3,2,1
1/14/2022 20:00,0,0,0
1/14/2022 21:00,2,0,2
1/14/2022 22:00,0,0,0
1/14/2022 23:00,0,0,0
1/15/2022 0:00,1,1,0
1/15/2022 1:00,1,0,1
1/15/2022 2:00,0,0,0
1/15/2022 3:00,1,1,0
1/15/2022 4:00,0,0,0
1/15/2022 5:00,0,0,0
1/15/2022 6:00,0,0,0
1/15/2022 7:00,1,0,1
1/15/2022 8:00,1,1,0
1/15/2022 9:00,4,2,2
1/15/2022 10:00,1,1,0
1/15/2022 11:00,9,3,6
1/15/2022 12:00,7,6,1
1/15/2022 13:00,5,2,3
1/15/2022 14:00,6,3,3
1/15/2022 15:00,12,5,7
1/15/2022 16:00,5,1,4
1/15/2022 17:00,6,3,3
1/15/2022 18:00,6,6,0
1/15/2022 19:00,0,0,0
1/15/2022 20:00,2,1,1
1/15/2022 21:00,0,0,0
1/15/2022 22:00,1,1,0
1/15/2022 23:00,0,0,0
1/16/2022 0:00,0,0,0
1/16/2022 1:00,0,0,0
1/16/2022 2:00,0,0,0
1/16/2022 3:00,0,0,0
1/16/2022 4:00,0,0,0
1/16/2022 5:00,0,0,0
1/16/2022 6:00,0,0,0
1/16/2022 7:00,0,0,0
1/16/2022 8:00,5,3,2
1/16/2022 9:00,2,0,2
1/16/2022 10:00,3,0,3
1/16/2022 11:00,7,2,5
1/16/2022 12:00,7,0,7
1/16/2022 13:00,9,4,5
1/16/2022 14:00,9,4,5
1/16/2022 15:00,12,8,4
1/16/2022 16:00,7,5,2
1/16/2022 17:00,6,3,3
1/16/2022 18:00,3,3,0
1/16/2022 19:00,2,2,0
1/16/2022 20:00,1,0,1
1/16/2022 21:00,1,0,1
1/16/2022 22:00,1,0,1
1/16/2022 23:00,1,1,0
1/17/2022 0:00,0,0,0
1/17/2022 1:00,0,0,0
1/17/2022 2:00,0,0,0
1/17/2022 3:00,0,0,0
1/17/2022 4:00,0,0,0
1/17/2022 5:00,0,0,0
1/17/2022 6:00,0,0,0
1/17/2022 7:00,2,1,1
1/17/2022 8:00,1,0,1
1/17/2022 9:00,3,1,2
1/17/2022 10:00,1,1,0
1/17/2022 11:00,12,6,6
1/17/2022 12:00,11,6,5
1/17/2022 13:00,16,7,9
1/17/2022 14:00,8,2,6
1/17/2022 15:00,9,5,4
1/17/2022 16:00,12,9,3
1/17/2022 17:00,5,3,2
1/17/2022 18:00,1,1,0
1/17/2022 19:00,3,0,3
1/17/2022 20:00,2,2,0
1/17/2022 21:00,0,0,0
1/17/2022 22:00,0,0,0
1/17/2022 23:00,0,0,0
1/18/2022 0:00,0,0,0
1/18/2022 1:00,0,0,0
1/18/2022 2:00,0,0,0
1/18/2022 3:00,0,0,0
1/18/2022 4:00,0,0,0
1/18/2022 5:00,1,1,0
1/18/2022 6:00,0,0,0
1/18/2022 7:00,2,2,0
1/18/2022 8:00,5,2,3
1/18/2022 9:00,7,4,3
1/18/2022 10:00,0,0,0
1/18/2022 11:00,0,0,0
1/18/2022 12:00,3,1,2
1/18/2022 13:00,4,2,2
1/18/2022 14:00,5,2,3
1/18/2022 15:00,6,2,4
1/18/2022 16:00,2,2,0
1/18/2022 17:00,9,6,3
1/18/2022 18:00,4,1,3
1/18/2022 19:00,1,1,0
1/18/2022 20:00,1,1,0
1/18/2022 21:00,0,0,0
1/18/2022 22:00,2,0,2
1/18/2022 23:00,0,0,0
1/19/2022 0:00,0,0,0
1/19/2022 1:00,0,0,0
1/19/2022 2:00,0,0,0
1/19/2022 3:00,0,0,0
1/19/2022 4:00,0,0,0
1/19/2022 5:00,0,0,0
1/19/2022 6:00,1,0,1
1/19/2022 7:00,2,2,0
1/19/2022 8:00,6,2,4
1/19/2022 9:00,3,1,2
1/19/2022 10:00,3,1,2
1/19/2022 11:00,4,3,1
1/19/2022 12:00,3,2,1
1/19/2022 13:00,1,1,0
1/19/2022 14:00,3,2,1
1/19/2022 15:00,12,3,9
1/19/2022 16:00,13,8,5
1/19/2022 17:00,5,4,1
1/19/2022 18:00,5,4,1
1/19/2022 19:00,1,1,0
1/19/2022 20:00,1,0,1
1/19/2022 21:00,0,0,0
1/19/2022 22:00,1,1,0
1/19/2022 23:00,1,1,0
1/20/2022 0:00,1,0,1
1/20/2022 1:00,0,0,0
1/20/2022 2:00,0,0,0
1/20/2022 3:00,0,0,0
1/20/2022 4:00,0,0,0
1/20/2022 5:00,0,0,0
1/20/2022 6:00,1,1,0
1/20/2022 7:00,2,1,1
1/20/2022 8:00,5,2,3
1/20/2022 9:00,2,1,1
1/20/2022 10:00,4,1,3
1/20/2022 11:00,3,2,1
1/20/2022 12:00,6,6,0
1/20/2022 13:00,5,1,4
1/20/2022 14:00,3,1,2
1/20/2022 15:00,2,1,1
1/20/2022 16:00,7,4,3
1/20/2022 17:00,5,3,2
1/20/2022 18:00,3,1,2
1/20/2022 19:00,1,1,0
1/20/2022 20:00,2,1,1
1/20/2022 21:00,1,0,1
1/20/2022 22:00,0,0,0
1/20/2022 23:00,0,0,0
1/21/2022 0:00,0,0,0
1/21/2022 1:00,0,0,0
1/21/2022 2:00,0,0,0
1/21/2022 3:00,0,0,0
1/21/2022 4:00,2,0,2
1/21/2022 5:00,0,0,0
1/21/2022 6:00,1,0,1
1/21/2022 7:00,4,2,2
1/21/2022 8:00,2,2,0
1/21/2022 9:00,2,1,1
1/21/2022 10:00,16,1,15
1/21/2022 11:00,7,4,3
1/21/2022 12:00,8,4,4
1/21/2022 13:00,1,1,0
1/21/2022 14:00,10,7,3
1/21/2022 15:00,16,9,7
1/21/2022 16:00,6,5,1
1/21/2022 17:00,9,6,3
1/21/2022 18:00,10,4,6
1/21/2022 19:00,2,2,0
1/21/2022 20:00,0,0,0
1/21/2022 21:00,0,0,0
1/21/2022 22:00,0,0,0
1/21/2022 23:00,0,0,0
1/22/2022 0:00,0,0,0
1/22/2022 1:00,0,0,0
1/22/2022 2:00,0,0,0
1/22/2022 3:00,0,0,0
1/22/2022 4:00,0,0,0
1/22/2022 5:00,0,0,0
1/22/2022 6:00,0,0,0
1/22/2022 7:00,2,0,2
1/22/2022 8:00,1,1,0
1/22/2022 9:00,1,0,1
1/22/2022 10:00,7,4,3
1/22/2022 11:00,3,0,3
1/22/2022 12:00,9,7,2
1/22/2022 13:00,12,7,5
1/22/2022 14:00,12,9,3
1/22/2022 15:00,16,9,7
1/22/2022 16:00,11,7,4
1/22/2022 17:00,11,8,3
1/22/2022 18:00,4,3,1
1/22/2022 19:00,7,4,3
1/22/2022 20:00,2,1,1
1/22/2022 21:00,3,3,0
1/22/2022 22:00,0,0,0
1/22/2022 23:00,0,0,0
1/23/2022 0:00,0,0,0
1/23/2022 1:00,0,0,0
1/23/2022 2:00,0,0,0
1/23/2022 3:00,0,0,0
1/23/2022 4:00,0,0,0
1/23/2022 5:00,0,0,0
1/23/2022 6:00,1,0,1
1/23/2022 7:00,1,0,1
1/23/2022 8:00,1,1,0
1/23/2022 9:00,3,1,2
1/23/2022 10:00,6,2,4
1/23/2022 11:00,9,4,5
1/23/2022 12:00,7,4,3
1/23/2022 13:00,9,3,6
1/23/2022 14:00,13,6,7
1/23/2022 15:00,15,7,8
1/23/2022 16:00,8,6,2
1/23/2022 17:00,6,3,3
1/23/2022 18:00,4,2,2
1/23/2022 19:00,1,1,0
1/23/2022 20:00,1,1,0
1/23/2022 21:00,0,0,0
1/23/2022 22:00,0,0,0
1/23/2022 23:00,0,0,0
1/24/2022 0:00,0,0,0
1/24/2022 1:00,1,1,0
1/24/2022 2:00,0,0,0
1/24/2022 3:00,0,0,0
1/24/2022 4:00,0,0,0
1/24/2022 5:00,0,0,0
1/24/2022 6:00,0,0,0
1/24/2022 7:00,2,2,0
1/24/2022 8:00,2,1,1
1/24/2022 9:00,5,5,0
1/24/2022 10:00,4,3,1
1/24/2022 11:00,2,0,2
1/24/2022 12:00,2,1,1
1/24/2022 13:00,3,3,0
1/24/2022 14:00,2,1,1
1/24/2022 15:00,3,2,1
1/24/2022 16:00,2,1,1
1/24/2022 17:00,4,1,3
1/24/2022 18:00,3,2,1
1/24/2022 19:00,2,1,1
1/24/2022 20:00,0,0,0
1/24/2022 21:00,1,1,0
1/24/2022 22:00,0,0,0
1/24/2022 23:00,0,0,0
1/25/2022 0:00,0,0,0
1/25/2022 1:00,0,0,0
1/25/2022 2:00,0,0,0
1/25/2022 3:00,0,0,0
1/25/2022 4:00,0,0,0
1/25/2022 5:00,0,0,0
1/25/2022 6:00,1,0,1
1/25/2022 7:00,4,2,2
1/25/2022 8:00,11,7,4
1/25/2022 9:00,4,2,2
1/25/2022 10:00,5,4,1
1/25/2022 11:00,4,1,3
1/25/2022 12:00,3,1,2
1/25/2022 13:00,4,1,3
1/25/2022 14:00,3,1,2
1/25/2022 15:00,10,6,4
1/25/2022 16:00,5,2,3
1/25/2022 17:00,8,3,5
1/25/2022 18:00,7,6,1
1/25/2022 19:00,2,0,2
1/25/2022 20:00,4,2,2
1/25/2022 21:00,0,0,0
1/25/2022 22:00,1,1,0
1/25/2022 23:00,0,0,0
1/26/2022 0:00,0,0,0
1/26/2022 1:00,0,0,0
1/26/2022 2:00,0,0,0
1/26/2022 3:00,0,0,0
1/26/2022 4:00,0,0,0
1/26/2022 5:00,0,0,0
1/26/2022 6:00,1,1,0
1/26/2022 7:00,6,5,1
1/26/2022 8:00,3,0,3
1/26/2022 9:00,3,1,2
1/26/2022 10:00,4,2,2
1/26/2022 11:00,5,3,2
1/26/2022 12:00,5,4,1
1/26/2022 13:00,2,1,1
1/26/2022 14:00,4,2,2
1/26/2022 15:00,8,5,3
1/26/2022 16:00,10,5,5
1/26/2022 17:00,10,7,3
1/26/2022 18:00,6,2,4
1/26/2022 19:00,7,3,4
1/26/2022 20:00,2,1,1
1/26/2022 21:00,0,0,0
1/26/2022 22:00,0,0,0
1/26/2022 23:00,0,0,0
1/27/2022 0:00,0,0,0
1/27/2022 1:00,0,0,0
1/27/2022 2:00,0,0,0
1/27/2022 3:00,0,0,0
1/27/2022 4:00,0,0,0
1/27/2022 5:00,1,0,1
1/27/2022 6:00,0,0,0
1/27/2022 7:00,4,2,2
1/27/2022 8:00,9,6,3
1/27/2022 9:00,4,3,1
1/27/2022 10:00,0,0,0
1/27/2022 11:00,2,1,1
1/27/2022 12:00,6,3,3
1/27/2022 13:00,13,7,6
1/27/2022 14:00,12,5,7
1/27/2022 15:00,7,2,5
1/27/2022 16:00,15,8,7
1/27/2022 17:00,13,8,5
1/27/2022 18:00,4,3,1
1/27/2022 19:00,1,1,0
1/27/2022 20:00,4,1,3
1/27/2022 21:00,3,3,0
1/27/2022 22:00,1,1,0
1/27/2022 23:00,0,0,0
1/28/2022 0:00,0,0,0
1/28/2022 1:00,0,0,0
1/28/2022 2:00,0,0,0
1/28/2022 3:00,0,0,0
1/28/2022 4:00,0,0,0
1/28/2022 5:00,0,0,0
1/28/2022 6:00,0,0,0
1/28/2022 7:00,5,4,1
1/28/2022 8:00,6,5,1
1/28/2022 9:00,4,2,2
1/28/2022 10:00,2,1,1
1/28/2022 11:00,4,3,1
1/28/2022 12:00,5,2,3
1/28/2022 13:00,11,4,7
1/28/2022 14:00,6,4,2
1/28/2022 15:00,5,2,3
1/28/2022 16:00,9,5,4
1/28/2022 17:00,10,5,5
1/28/2022 18:00,10,8,2
1/28/2022 19:00,5,2,3
1/28/2022 20:00,2,1,1
1/28/2022 21:00,1,1,0
1/28/2022 22:00,0,0,0
1/28/2022 23:00,0,0,0
1/29/2022 0:00,0,0,0
1/29/2022 1:00,0,0,0
1/29/2022 2:00,0,0,0
1/29/2022 3:00,0,0,0
1/29/2022 4:00,0,0,0
1/29/2022 5:00,0,0,0
1/29/2022 6:00,0,0,0
1/29/2022 7:00,2,1,1
1/29/2022 8:00,0,0,0
1/29/2022 9:00,0,0,0
1/29/2022 10:00,2,1,1
1/29/2022 11:00,4,1,3
1/29/2022 12:00,3,0,3
1/29/2022 13:00,5,1,4
1/29/2022 14:00,13,6,7
1/29/2022 15:00,28,8,20
1/29/2022 16:00,14,7,7
1/29/2022 17:00,23,3,20
1/29/2022 18:00,26,12,14
1/29/2022 19:00,15,3,12
1/29/2022 20:00,14,9,5
1/29/2022 21:00,9,2,7
1/29/2022 22:00,5,1,4
1/29/2022 23:00,5,4,1
1/30/2022 0:00,9,2,7
1/30/2022 1:00,2,1,1
1/30/2022 2:00,1,1,0
1/30/2022 3:00,1,0,1
1/30/2022 4:00,1,0,1
1/30/2022 5:00,2,2,0
1/30/2022 6:00,1,0,1
1/30/2022 7:00,7,4,3
1/30/2022 8:00,8,5,3
1/30/2022 9:00,11,3,8
1/30/2022 10:00,9,5,4
1/30/2022 11:00,18,8,10
1/30/2022 12:00,26,15,11
1/30/2022 13:00,21,10,11
1/30/2022 14:00,25,8,17
1/30/2022 15:00,22,13,9
1/30/2022 16:00,25,13,12
1/30/2022 17:00,12,4,8
1/30/2022 18:00,15,6,9
1/30/2022 19:00,12,4,8
1/30/2022 20:00,12,2,10
1/30/2022 21:00,3,2,1
1/30/2022 22:00,9,2,7
1/30/2022 23:00,6,2,4
1/31/2022 0:00,3,1,2
1/31/2022 1:00,3,2,1
1/31/2022 2:00,2,1,1
1/31/2022 3:00,1,0,1
1/31/2022 4:00,0,0,0
1/31/2022 5:00,4,2,2
1/31/2022 6:00,8,4,4
1/31/2022 7:00,7,4,3
1/31/2022 8:00,23,15,8
1/31/2022 9:00,10,4,6
1/31/2022 10:00,20,7,13
1/31/2022 11:00,12,8,4
1/31/2022 12:00,22,14,8
1/31/2022 13:00,24,13,11
1/31/2022 14:00,24,16,8
1/31/2022 15:00,22,9,13
1/31/2022 16:00,26,11,15
1/31/2022 17:00,38,20,18
1/31/2022 18:00,12,9,3
1/31/2022 19:00,18,7,11
1/31/2022 20:00,9,3,6
1/31/2022 21:00,9,5,4
1/31/2022 22:00,7,1,6
1/31/2022 23:00,3,2,1
2/1/2022 0:00,2,0,2
2/1/2022 1:00,1,0,1
2/1/2022 2:00,1,0,1
2/1/2022 3:00,0,0,0
2/1/2022 4:00,0,0,0
2/1/2022 5:00,2,2,0
2/1/2022 6:00,10,7,3
2/1/2022 7:00,9,6,3
2/1/2022 8:00,15,9,6
2/1/2022 9:00,18,11,7
2/1/2022 10:00,16,8,8
2/1/2022 11:00,19,13,6
2/1/2022 12:00,17,10,7
2/1/2022 13:00,19,12,7
2/1/2022 14:00,11,4,7
2/1/2022 15:00,17,10,7
2/1/2022 16:00,17,8,9
2/1/2022 17:00,23,13,10
2/1/2022 18:00,22,9,13
2/1/2022 19:00,20,5,15
2/1/2022 20:00,14,7,7
2/1/2022 21:00,4,3,1
2/1/2022 22:00,3,1,2
2/1/2022 23:00,2,1,1
2/2/2022 0:00,1,0,1
2/2/2022 1:00,1,1,0
2/2/2022 2:00,0,0,0
2/2/2022 3:00,1,1,0
2/2/2022 4:00,0,0,0
2/2/2022 5:00,0,0,0
2/2/2022 6:00,3,1,2
2/2/2022 7:00,4,3,1
2/2/2022 8:00,19,11,8
2/2/2022 9:00,17,9,8
2/2/2022 10:00,14,7,7
2/2/2022 11:00,8,6,2
2/2/2022 12:00,2,2,0
2/2/2022 13:00,0,0,0
2/2/2022 14:00,0,0,0
2/2/2022 15:00,0,0,0
2/2/2022 16:00,0,0,0
2/2/2022 17:00,0,0,0
2/2/2022 18:00,0,0,0
2/2/2022 19:00,0,0,0
2/2/2022 20:00,0,0,0
2/2/2022 21:00,0,0,0
2/2/2022 22:00,0,0,0
2/2/2022 23:00,0,0,0
2/3/2022 0:00,1,0,1
2/3/2022 1:00,1,1,0
2/3/2022 2:00,0,0,0
2/3/2022 3:00,0,0,0
2/3/2022 4:00,0,0,0
2/3/2022 5:00,0,0,0
2/3/2022 6:00,0,0,0
2/3/2022 7:00,0,0,0
2/3/2022 8:00,0,0,0
2/3/2022 9:00,1,0,1
2/3/2022 10:00,0,0,0
2/3/2022 11:00,1,0,1
2/3/2022 12:00,0,0,0
2/3/2022 13:00,3,1,2
2/3/2022 14:00,4,1,3
2/3/2022 15:00,2,0,2
2/3/2022 16:00,2,0,2
2/3/2022 17:00,0,0,0
2/3/2022 18:00,1,0,1
2/3/2022 19:00,2,0,2
2/3/2022 20:00,4,2,2
2/3/2022 21:00,1,1,0
2/3/2022 22:00,2,0,2
2/3/2022 23:00,1,0,1
2/4/2022 0:00,0,0,0
2/4/2022 1:00,0,0,0
2/4/2022 2:00,0,0,0
2/4/2022 3:00,1,1,0
2/4/2022 4:00,0,0,0
2/4/2022 5:00,1,1,0
2/4/2022 6:00,1,1,0
2/4/2022 7:00,0,0,0
2/4/2022 8:00,3,2,1
2/4/2022 9:00,7,3,4
2/4/2022 10:00,5,2,3
2/4/2022 11:00,1,1,0
2/4/2022 12:00,7,1,6
2/4/2022 13:00,0,0,0
2/4/2022 14:00,2,1,1
2/4/2022 15:00,3,1,2
2/4/2022 16:00,9,8,1
2/4/2022 17:00,4,4,0
2/4/2022 18:00,4,3,1
2/4/2022 19:00,9,8,1
2/4/2022 20:00,8,5,3
2/4/2022 21:00,6,4,2
2/4/2022 22:00,6,4,2
2/4/2022 23:00,2,2,0
2/5/2022 0:00,6,2,4
2/5/2022 1:00,4,4,0
2/5/2022 2:00,2,1,1
2/5/2022 3:00,2,1,1
2/5/2022 4:00,1,0,1
2/5/2022 5:00,1,0,1
2/5/2022 6:00,0,0,0
2/5/2022 7:00,3,0,3
2/5/2022 8:00,2,1,1
2/5/2022 9:00,11,6,5
2/5/2022 10:00,12,4,8
2/5/2022 11:00,18,11,7
2/5/2022 12:00,11,8,3
2/5/2022 13:00,18,14,4
2/5/2022 14:00,9,5,4
2/5/2022 15:00,15,8,7
2/5/2022 16:00,19,12,7
2/5/2022 17:00,21,13,8
2/5/2022 18:00,12,8,4
2/5/2022 19:00,11,9,2
2/5/2022 20:00,11,6,5
2/5/2022 21:00,8,1,7
2/5/2022 22:00,13,7,6
2/5/2022 23:00,11,6,5
2/6/2022 0:00,7,5,2
2/6/2022 1:00,8,2,6
2/6/2022 2:00,7,3,4
2/6/2022 3:00,3,0,3
2/6/2022 4:00,2,2,0
2/6/2022 5:00,2,0,2
2/6/2022 6:00,4,1,3
2/6/2022 7:00,5,2,3
2/6/2022 8:00,11,7,4
2/6/2022 9:00,13,5,8
2/6/2022 10:00,18,12,6
2/6/2022 11:00,30,17,13
2/6/2022 12:00,32,18,14
2/6/2022 13:00,31,21,10
2/6/2022 14:00,29,20,9
2/6/2022 15:00,21,11,10
2/6/2022 16:00,18,10,8
2/6/2022 17:00,22,11,11
2/6/2022 18:00,16,10,6
2/6/2022 19:00,13,5,8
2/6/2022 20:00,13,7,6
2/6/2022 21:00,13,2,11
2/6/2022 22:00,4,2,2
2/6/2022 23:00,3,1,2
2/7/2022 0:00,5,2,3
2/7/2022 1:00,1,1,0
2/7/2022 2:00,0,0,0
2/7/2022 3:00,0,0,0
2/7/2022 4:00,1,1,0
2/7/2022 5:00,2,1,1
2/7/2022 6:00,4,2,2
2/7/2022 7:00,13,7,6
2/7/2022 8:00,12,1,11
2/7/2022 9:00,11,4,7
2/7/2022 10:00,15,8,7
2/7/2022 11:00,15,6,9
2/7/2022 12:00,10,4,6
2/7/2022 13:00,13,4,9
2/7/2022 14:00,18,9,9
2/7/2022 15:00,27,10,17
2/7/2022 16:00,26,9,17
2/7/2022 17:00,23,13,10
2/7/2022 18:00,24,8,16
2/7/2022 19:00,20,8,12
2/7/2022 20:00,7,3,4
2/7/2022 21:00,6,3,3
2/7/2022 22:00,6,4,2
2/7/2022 23:00,1,1,0
2/8/2022 0:00,1,0,1
2/8/2022 1:00,2,2,0
2/8/2022 2:00,0,0,0
2/8/2022 3:00,2,0,2
2/8/2022 4:00,1,1,0
2/8/2022 5:00,2,1,1
2/8/2022 6:00,7,2,5
2/8/2022 7:00,7,4,3
2/8/2022 8:00,18,10,8
2/8/2022 9:00,18,8,10
2/8/2022 10:00,17,7,10
2/8/2022 11:00,16,12,4
2/8/2022 12:00,18,9,9
2/8/2022 13:00,17,12,5
2/8/2022 14:00,18,10,8
2/8/2022 15:00,16,9,7
2/8/2022 16:00,30,16,14
2/8/2022 17:00,33,17,16
2/8/2022 18:00,32,17,15
2/8/2022 19:00,20,11,9
2/8/2022 20:00,10,9,1
2/8/2022 21:00,9,5,4
2/8/2022 22:00,2,2,0
2/8/2022 23:00,5,1,4
2/9/2022 0:00,5,4,1
2/9/2022 1:00,0,0,0
2/9/2022 2:00,1,1,0
2/9/2022 3:00,2,0,2
2/9/2022 4:00,0,0,0
2/9/2022 5:00,3,1,2
2/9/2022 6:00,9,5,4
2/9/2022 7:00,14,10,4
2/9/2022 8:00,15,13,2
2/9/2022 9:00,18,12,6
2/9/2022 10:00,15,8,7
2/9/2022 11:00,21,13,8
2/9/2022 12:00,13,8,5
2/9/2022 13:00,20,11,9
2/9/2022 14:00,26,13,13
2/9/2022 15:00,27,17,10
2/9/2022 16:00,28,17,11
2/9/2022 17:00,20,11,9
2/9/2022 18:00,21,12,9
2/9/2022 19:00,18,11,7
2/9/2022 20:00,15,9,6
2/9/2022 21:00,6,3,3
2/9/2022 22:00,10,4,6
2/9/2022 23:00,9,6,3
2/10/2022 0:00,2,1,1
2/10/2022 1:00,1,1,0
2/10/2022 2:00,3,1,2
2/10/2022 3:00,3,1,2
2/10/2022 4:00,1,1,0
2/10/2022 5:00,3,0,3
2/10/2022 6:00,15,12,3
2/10/2022 7:00,13,11,2
2/10/2022 8:00,22,13,9
2/10/2022 9:00,19,11,8
2/10/2022 10:00,20,14,6
2/10/2022 11:00,20,11,9
2/10/2022 12:00,23,16,7
2/10/2022 13:00,22,14,8
2/10/2022 14:00,19,12,7
2/10/2022 15:00,30,17,13
2/10/2022 16:00,26,15,11
2/10/2022 17:00,33,19,14
2/10/2022 18:00,20,11,9
2/10/2022 19:00,22,14,8
2/10/2022 20:00,13,8,5
2/10/2022 21:00,8,4,4
2/10/2022 22:00,7,4,3
2/10/2022 23:00,5,3,2
2/11/2022 0:00,6,2,4
2/11/2022 1:00,0,0,0
2/11/2022 2:00,1,0,1
2/11/2022 3:00,1,0,1
2/11/2022 4:00,2,0,2
2/11/2022 5:00,2,2,0
2/11/2022 6:00,5,2,3
2/11/2022 7:00,16,11,5
2/11/2022 8:00,22,14,8
2/11/2022 9:00,17,8,9
2/11/2022 10:00,17,13,4
2/11/2022 11:00,17,14,3
2/11/2022 12:00,27,21,6
2/11/2022 13:00,18,12,6
2/11/2022 14:00,20,15,5
2/11/2022 15:00,21,14,7
2/11/2022 16:00,26,13,13
2/11/2022 17:00,31,23,8
2/11/2022 18:00,28,15,13
2/11/2022 19:00,23,15,8
2/11/2022 20:00,13,9,4
2/11/2022 21:00,20,7,13
2/11/2022 22:00,11,4,7
2/11/2022 23:00,10,4,6
2/12/2022 0:00,10,2,8
2/12/2022 1:00,5,4,1
2/12/2022 2:00,9,6,3
2/12/2022 3:00,1,0,1
2/12/2022 4:00,0,0,0
2/12/2022 5:00,1,1,0
2/12/2022 6:00,7,3,4
2/12/2022 7:00,8,5,3
2/12/2022 8:00,16,8,8
2/12/2022 9:00,24,18,6
2/12/2022 10:00,25,14,11
2/12/2022 11:00,28,16,12
2/12/2022 12:00,34,16,18
2/12/2022 13:00,28,17,11
2/12/2022 14:00,31,16,15
2/12/2022 15:00,24,10,14
2/12/2022 16:00,29,15,14
2/12/2022 17:00,33,22,11
2/12/2022 18:00,32,15,17
2/12/2022 19:00,17,10,7
2/12/2022 20:00,15,7,8
2/12/2022 21:00,17,5,12
2/12/2022 22:00,22,18,4
2/12/2022 23:00,9,4,5
2/13/2022 0:00,6,3,3
2/13/2022 1:00,5,0,5
2/13/2022 2:00,5,2,3
2/13/2022 3:00,3,0,3
2/13/2022 4:00,4,2,2
2/13/2022 5:00,3,2,1
2/13/2022 6:00,5,2,3
2/13/2022 7:00,3,1,2
2/13/2022 8:00,8,2,6
2/13/2022 9:00,22,12,10
2/13/2022 10:00,20,14,6
2/13/2022 11:00,23,14,9
2/13/2022 12:00,28,22,6
2/13/2022 13:00,23,19,4
2/13/2022 14:00,42,28,14
2/13/2022 15:00,35,16,19
2/13/2022 16:00,20,13,7
2/13/2022 17:00,14,5,9
2/13/2022 18:00,18,9,9
2/13/2022 19:00,14,3,11
2/13/2022 20:00,16,6,10
2/13/2022 21:00,16,5,11
2/13/2022 22:00,10,4,6
2/13/2022 23:00,3,2,1
2/14/2022 0:00,4,3,1
2/14/2022 1:00,0,0,0
2/14/2022 2:00,1,0,1
2/14/2022 3:00,0,0,0
2/14/2022 4:00,0,0,0
2/14/2022 5:00,1,0,1
2/14/2022 6:00,11,8,3
2/14/2022 7:00,13,10,3
2/14/2022 8:00,19,7,12
2/14/2022 9:00,20,9,11
2/14/2022 10:00,17,12,5
2/14/2022 11:00,14,7,7
2/14/2022 12:00,22,11,11
2/14/2022 13:00,35,22,13
2/14/2022 14:00,20,15,5
2/14/2022 15:00,29,16,13
2/14/2022 16:00,38,20,18
2/14/2022 17:00,36,18,18
2/14/2022 18:00,31,16,15
2/14/2022 19:00,24,12,12
2/14/2022 20:00,8,3,5
2/14/2022 21:00,8,5,3
2/14/2022 22:00,3,2,1
2/14/2022 23:00,5,1,4
2/15/2022 0:00,4,0,4
2/15/2022 1:00,0,0,0
2/15/2022 2:00,1,0,1
2/15/2022 3:00,1,0,1
2/15/2022 4:00,0,0,0
2/15/2022 5:00,4,0,4
2/15/2022 6:00,3,2,1
2/15/2022 7:00,10,8,2
2/15/2022 8:00,18,12,6
2/15/2022 9:00,12,6,6
2/15/2022 10:00,20,14,6
2/15/2022 11:00,15,12,3
2/15/2022 12:00,19,12,7
2/15/2022 13:00,15,9,6
2/15/2022 14:00,10,9,1
2/15/2022 15:00,24,8,16
2/15/2022 16:00,16,5,11
2/15/2022 17:00,26,7,19
2/15/2022 18:00,19,9,10
2/15/2022 19:00,22,10,12
2/15/2022 20:00,12,8,4
2/15/2022 21:00,7,4,3
2/15/2022 22:00,1,0,1
2/15/2022 23:00,3,2,1
2/16/2022 0:00,3,1,2
2/16/2022 1:00,0,0,0
2/16/2022 2:00,1,1,0
2/16/2022 3:00,0,0,0
2/16/2022 4:00,0,0,0
2/16/2022 5:00,2,0,2
2/16/2022 6:00,4,2,2
2/16/2022 7:00,9,7,2
2/16/2022 8:00,6,3,3
2/16/2022 9:00,8,2,6
2/16/2022 10:00,6,4,2
2/16/2022 11:00,13,6,7
2/16/2022 12:00,12,4,8
2/16/2022 13:00,9,5,4
2/16/2022 14:00,11,5,6
2/16/2022 15:00,19,10,9
2/16/2022 16:00,16,2,14
2/16/2022 17:00,26,8,18
2/16/2022 18:00,29,11,18
2/16/2022 19:00,21,10,11
2/16/2022 20:00,20,9,11
2/16/2022 21:00,13,6,7
2/16/2022 22:00,13,3,10
2/16/2022 23:00,11,6,5
2/17/2022 0:00,4,3,1
2/17/2022 1:00,3,0,3
2/17/2022 2:00,1,1,0
2/17/2022 3:00,1,0,1
2/17/2022 4:00,0,0,0
2/17/2022 5:00,3,2,1
2/17/2022 6:00,9,6,3
2/17/2022 7:00,7,5,2
2/17/2022 8:00,17,13,4
2/17/2022 9:00,16,7,9
2/17/2022 10:00,15,9,6
2/17/2022 11:00,11,6,5
2/17/2022 12:00,18,14,4
2/17/2022 13:00,12,6,6
2/17/2022 14:00,20,6,14
2/17/2022 15:00,32,13,19
2/17/2022 16:00,31,11,20
2/17/2022 17:00,31,12,19
2/17/2022 18:00,26,11,15
2/17/2022 19:00,16,6,10
2/17/2022 20:00,20,9,11
2/17/2022 21:00,6,1,5
2/17/2022 22:00,7,6,1
2/17/2022 23:00,4,3,1
2/18/2022 0:00,2,1,1
2/18/2022 1:00,0,0,0
2/18/2022 2:00,0,0,0
2/18/2022 3:00,1,0,1
2/18/2022 4:00,0,0,0
2/18/2022 5:00,4,0,4
2/18/2022 6:00,5,3,2
2/18/2022 7:00,13,8,5
2/18/2022 8:00,25,16,9
2/18/2022 9:00,15,10,5
2/18/2022 10:00,18,8,10
2/18/2022 11:00,23,14,9
2/18/2022 12:00,19,11,8
2/18/2022 13:00,20,8,12
2/18/2022 14:00,25,17,8
2/18/2022 15:00,26,11,15
2/18/2022 16:00,22,10,12
2/18/2022 17:00,26,11,15
2/18/2022 18:00,25,10,15
2/18/2022 19:00,26,11,15
2/18/2022 20:00,12,9,3
2/18/2022 21:00,5,3,2
2/18/2022 22:00,8,2,6
2/18/2022 23:00,10,6,4
2/19/2022 0:00,6,3,3
2/19/2022 1:00,5,2,3
2/19/2022 2:00,4,3,1
2/19/2022 3:00,1,0,1
2/19/2022 4:00,0,0,0
2/19/2022 5:00,1,1,0
2/19/2022 6:00,2,0,2
2/19/2022 7:00,6,3,3
2/19/2022 8:00,10,4,6
2/19/2022 9:00,15,11,4
2/19/2022 10:00,15,8,7
2/19/2022 11:00,13,6,7
2/19/2022 12:00,21,13,8
2/19/2022 13:00,22,12,10
2/19/2022 14:00,27,22,5
2/19/2022 15:00,16,6,10
2/19/2022 16:00,25,13,12
2/19/2022 17:00,30,14,16
2/19/2022 18:00,20,11,9
2/19/2022 19:00,19,6,13
2/19/2022 20:00,7,3,4
2/19/2022 21:00,14,6,8
2/19/2022 22:00,11,4,7
2/19/2022 23:00,7,4,3
2/20/2022 0:00,5,2,3
2/20/2022 1:00,3,0,3
2/20/2022 2:00,4,2,2
2/20/2022 3:00,1,0,1
2/20/2022 4:00,3,2,1
2/20/2022 5:00,0,0,0
2/20/2022 6:00,0,0,0
2/20/2022 7:00,4,3,1
2/20/2022 8:00,10,4,6
2/20/2022 9:00,4,0,4
2/20/2022 10:00,5,1,4
2/20/2022 11:00,10,6,4
2/20/2022 12:00,16,13,3
2/20/2022 13:00,15,9,6
2/20/2022 14:00,30,16,14
2/20/2022 15:00,19,9,10
2/20/2022 16:00,18,9,9
2/20/2022 17:00,8,5,3
2/20/2022 18:00,13,6,7
2/20/2022 19:00,4,2,2
2/20/2022 20:00,0,0,0
2/20/2022 21:00,1,0,1
2/20/2022 22:00,0,0,0
2/20/2022 23:00,2,0,2
2/21/2022 0:00,3,1,2
2/21/2022 1:00,0,0,0
2/21/2022 2:00,1,0,1
2/21/2022 3:00,0,0,0
2/21/2022 4:00,0,0,0
2/21/2022 5:00,1,1,0
2/21/2022 6:00,1,1,0
2/21/2022 7:00,0,0,0
2/21/2022 8:00,0,0,0
2/21/2022 9:00,1,0,1
2/21/2022 10:00,0,0,0
2/21/2022 11:00,0,0,0
2/21/2022 12:00,0,0,0
2/21/2022 13:00,0,0,0
2/21/2022 14:00,0,0,0
2/21/2022 15:00,9,4,5
2/21/2022 16:00,9,5,4
2/21/2022 17:00,8,6,2
2/21/2022 18:00,1,1,0
2/21/2022 19:00,1,0,1
2/21/2022 20:00,2,1,1
2/21/2022 21:00,1,1,0
2/21/2022 22:00,0,0,0
2/21/2022 23:00,0,0,0
2/22/2022 0:00,1,0,1
2/22/2022 1:00,0,0,0
2/22/2022 2:00,0,0,0
2/22/2022 3:00,0,0,0
2/22/2022 4:00,0,0,0
2/22/2022 5:00,0,0,0
2/22/2022 6:00,0,0,0
2/22/2022 7:00,0,0,0
2/22/2022 8:00,2,2,0
2/22/2022 9:00,4,3,1
2/22/2022 10:00,2,0,2
2/22/2022 11:00,2,2,0
2/22/2022 12:00,1,0,1
2/22/2022 13:00,2,1,1
2/22/2022 14:00,3,1,2
2/22/2022 15:00,1,0,1
2/22/2022 16:00,6,5,1
2/22/2022 17:00,7,2,5
2/22/2022 18:00,3,1,2
2/22/2022 19:00,0,0,0
2/22/2022 20:00,0,0,0
2/22/2022 21:00,0,0,0
2/22/2022 22:00,0,0,0
2/22/2022 23:00,0,0,0
2/23/2022 0:00,0,0,0
2/23/2022 1:00,0,0,0
2/23/2022 2:00,0,0,0
2/23/2022 3:00,0,0,0
2/23/2022 4:00,0,0,0
2/23/2022 5:00,0,0,0
2/23/2022 6:00,1,0,1
2/23/2022 7:00,2,1,1
2/23/2022 8:00,0,0,0
2/23/2022 9:00,1,1,0
2/23/2022 10:00,1,0,1
2/23/2022 11:00,4,2,2
2/23/2022 12:00,4,2,2
2/23/2022 13:00,3,1,2
2/23/2022 14:00,3,2,1
2/23/2022 15:00,1,1,0
2/23/2022 16:00,8,3,5
2/23/2022 17:00,7,6,1
2/23/2022 18:00,3,1,2
2/23/2022 19:00,0,0,0
2/23/2022 20:00,1,0,1
2/23/2022 21:00,0,0,0
2/23/2022 22:00,0,0,0
2/23/2022 23:00,0,0,0
2/24/2022 0:00,0,0,0
2/24/2022 1:00,0,0,0
2/24/2022 2:00,0,0,0
2/24/2022 3:00,0,0,0
2/24/2022 4:00,0,0,0
2/24/2022 5:00,0,0,0
2/24/2022 6:00,1,0,1
2/24/2022 7:00,2,1,1
2/24/2022 8:00,2,2,0
2/24/2022 9:00,3,0,3
2/24/2022 10:00,1,0,1
2/24/2022 11:00,7,4,3
2/24/2022 12:00,5,2,3
2/24/2022 13:00,3,3,0
2/24/2022 14:00,6,2,4
2/24/2022 15:00,3,1,2
2/24/2022 16:00,7,4,3
2/24/2022 17:00,3,2,1
2/24/2022 18:00,2,1,1
2/24/2022 19:00,2,0,2
2/24/2022 20:00,4,3,1
2/24/2022 21:00,3,2,1
2/24/2022 22:00,0,0,0
2/24/2022 23:00,0,0,0
2/25/2022 0:00,0,0,0
2/25/2022 1:00,0,0,0
2/25/2022 2:00,0,0,0
2/25/2022 3:00,0,0,0
2/25/2022 4:00,0,0,0
2/25/2022 5:00,0,0,0
2/25/2022 6:00,0,0,0
2/25/2022 7:00,1,1,0
2/25/2022 8:00,3,1,2
2/25/2022 9:00,0,0,0
2/25/2022 10:00,5,2,3
2/25/2022 11:00,5,2,3
2/25/2022 12:00,2,1,1
2/25/2022 13:00,5,3,2
2/25/2022 14:00,11,8,3
2/25/2022 15:00,10,5,5
2/25/2022 16:00,16,9,7
2/25/2022 17:00,7,2,5
2/25/2022 18:00,9,8,1
2/25/2022 19:00,3,0,3
2/25/2022 20:00,1,0,1
2/25/2022 21:00,0,0,0
2/25/2022 22:00,0,0,0
2/25/2022 23:00,0,0,0
2/26/2022 0:00,1,0,1
2/26/2022 1:00,0,0,0
2/26/2022 2:00,2,1,1
2/26/2022 3:00,0,0,0
2/26/2022 4:00,1,1,0
2/26/2022 5:00,0,0,0
2/26/2022 6:00,1,1,0
2/26/2022 7:00,3,1,2
2/26/2022 8:00,2,1,1
2/26/2022 9:00,6,3,3
2/26/2022 10:00,6,3,3
2/26/2022 11:00,3,2,1
2/26/2022 12:00,12,4,8
2/26/2022 13:00,5,2,3
2/26/2022 14:00,4,2,2
2/26/2022 15:00,4,4,0
2/26/2022 16:00,4,3,1
2/26/2022 17:00,1,1,0
2/26/2022 18:00,3,2,1
2/26/2022 19:00,0,0,0
2/26/2022 20:00,0,0,0
2/26/2022 21:00,0,0,0
2/26/2022 22:00,0,0,0
2/26/2022 23:00,1,0,1
2/27/2022 0:00,0,0,0
2/27/2022 1:00,0,0,0
2/27/2022 2:00,0,0,0
2/27/2022 3:00,0,0,0
2/27/2022 4:00,0,0,0
2/27/2022 5:00,0,0,0
2/27/2022 6:00,1,0,1
2/27/2022 7:00,0,0,0
2/27/2022 8:00,1,1,0
2/27/2022 9:00,1,0,1
2/27/2022 10:00,3,2,1
2/27/2022 11:00,4,4,0
2/27/2022 12:00,3,2,1
2/27/2022 13:00,3,3,0
2/27/2022 14:00,2,2,0
2/27/2022 15:00,0,0,0
2/27/2022 16:00,0,0,0
2/27/2022 17:00,1,1,0
2/27/2022 18:00,1,0,1
2/27/2022 19:00,1,1,0
2/27/2022 20:00,2,2,0
2/27/2022 21:00,0,0,0
2/27/2022 22:00,0,0,0
2/27/2022 23:00,0,0,0
2/28/2022 0:00,0,0,0
2/28/2022 1:00,0,0,0
2/28/2022 2:00,0,0,0
2/28/2022 3:00,0,0,0
2/28/2022 4:00,0,0,0
2/28/2022 5:00,0,0,0
2/28/2022 6:00,1,1,0
2/28/2022 7:00,3,2,1
2/28/2022 8:00,2,1,1
2/28/2022 9:00,2,2,0
2/28/2022 10:00,1,1,0
2/28/2022 11:00,0,0,0
2/28/2022 12:00,1,1,0
2/28/2022 13:00,0,0,0
2/28/2022 14:00,3,3,0
2/28/2022 15:00,2,1,1
2/28/2022 16:00,2,2,0
2/28/2022 17:00,1,1,0
2/28/2022 18:00,10,0,10
2/28/2022 19:00,5,0,5
2/28/2022 20:00,8,0,8
2/28/2022 21:00,0,0,0
2/28/2022 22:00,2,1,1
2/28/2022 23:00,0,0,0
3/1/2022 0:00,0,0,0
3/1/2022 1:00,0,0,0
3/1/2022 2:00,0,0,0
3/1/2022 3:00,0,0,0
3/1/2022 4:00,0,0,0
3/1/2022 5:00,0,0,0
3/1/2022 6:00,0,0,0
3/1/2022 7:00,1,0,1
3/1/2022 8:00,2,0,2
3/1/2022 9:00,5,1,4
3/1/2022 10:00,0,0,0
3/1/2022 11:00,1,0,1
3/1/2022 12:00,4,0,4
3/1/2022 13:00,5,4,1
3/1/2022 14:00,2,0,2
3/1/2022 15:00,4,0,4
3/1/2022 16:00,2,0,2
3/1/2022 17:00,2,1,1
3/1/2022 18:00,1,0,1
3/1/2022 19:00,1,1,0
3/1/2022 20:00,0,0,0
3/1/2022 21:00,0,0,0
3/1/2022 22:00,0,0,0
3/1/2022 23:00,0,0,0
3/2/2022 0:00,0,0,0
3/2/2022 1:00,0,0,0
3/2/2022 2:00,0,0,0
3/2/2022 3:00,0,0,0
3/2/2022 4:00,0,0,0
3/2/2022 5:00,0,0,0
3/2/2022 6:00,0,0,0
3/2/2022 7:00,1,0,1
3/2/2022 8:00,2,0,2
3/2/2022 9:00,1,0,1
3/2/2022 10:00,2,1,1
3/2/2022 11:00,5,2,3
3/2/2022 12:00,5,2,3
3/2/2022 13:00,1,0,1
3/2/2022 14:00,0,0,0
3/2/2022 15:00,0,0,0
3/2/2022 16:00,1,0,1
3/2/2022 17:00,1,0,1
3/2/2022 18:00,8,1,7
3/2/2022 19:00,0,0,0
3/2/2022 20:00,1,0,1
3/2/2022 21:00,0,0,0
3/2/2022 22:00,0,0,0
3/2/2022 23:00,0,0,0
3/3/2022 0:00,0,0,0
3/3/2022 1:00,0,0,0
3/3/2022 2:00,0,0,0
3/3/2022 3:00,0,0,0
3/3/2022 4:00,0,0,0
3/3/2022 5:00,0,0,0
3/3/2022 6:00,0,0,0
3/3/2022 7:00,2,0,2
3/3/2022 8:00,1,0,1
3/3/2022 9:00,0,0,0
3/3/2022 10:00,1,0,1
3/3/2022 11:00,2,0,2
3/3/2022 12:00,4,0,4
3/3/2022 13:00,1,0,1
3/3/2022 14:00,3,0,3
3/3/2022 15:00,7,0,7
3/3/2022 16:00,2,0,2
3/3/2022 17:00,2,0,2
3/3/2022 18:00,4,1,3
3/3/2022 19:00,1,0,1
3/3/2022 20:00,3,2,1
3/3/2022 21:00,3,2,1
3/3/2022 22:00,0,0,0
3/3/2022 23:00,0,0,0
3/4/2022 0:00,0,0,0
3/4/2022 1:00,0,0,0
3/4/2022 2:00,0,0,0
3/4/2022 3:00,0,0,0
3/4/2022 4:00,0,0,0
3/4/2022 5:00,0,0,0
3/4/2022 6:00,0,0,0
3/4/2022 7:00,2,0,2
3/4/2022 8:00,2,2,0
3/4/2022 9:00,1,0,1
3/4/2022 10:00,0,0,0
3/4/2022 11:00,3,0,3
3/4/2022 12:00,0,0,0
3/4/2022 13:00,0,0,0
3/4/2022 14:00,1,0,1
3/4/2022 15:00,0,0,0
3/4/2022 16:00,2,0,2
3/4/2022 17:00,3,1,2
3/4/2022 18:00,10,5,5
3/4/2022 19:00,8,6,2
3/4/2022 20:00,4,2,2
3/4/2022 21:00,0,0,0
3/4/2022 22:00,1,0,1
3/4/2022 23:00,1,1,0
3/5/2022 0:00,1,0,1
3/5/2022 1:00,0,0,0
3/5/2022 2:00,0,0,0
3/5/2022 3:00,0,0,0
3/5/2022 4:00,0,0,0
3/5/2022 5:00,0,0,0
3/5/2022 6:00,1,1,0
3/5/2022 7:00,4,2,2
3/5/2022 8:00,4,2,2
3/5/2022 9:00,4,3,1
3/5/2022 10:00,6,3,3
3/5/2022 11:00,9,5,4
3/5/2022 12:00,15,8,7
3/5/2022 13:00,19,8,11
3/5/2022 14:00,18,8,10
3/5/2022 15:00,16,6,10
3/5/2022 16:00,11,5,6
3/5/2022 17:00,7,5,2
3/5/2022 18:00,10,9,1
3/5/2022 19:00,5,2,3
3/5/2022 20:00,0,0,0
3/5/2022 21:00,3,0,3
3/5/2022 22:00,2,2,0
3/5/2022 23:00,1,1,0
3/6/2022 0:00,0,0,0
3/6/2022 1:00,0,0,0
3/6/2022 2:00,0,0,0
3/6/2022 3:00,0,0,0
3/6/2022 4:00,0,0,0
3/6/2022 5:00,0,0,0
3/6/2022 6:00,2,0,2
3/6/2022 7:00,1,0,1
3/6/2022 8:00,6,3,3
3/6/2022 9:00,4,2,2
3/6/2022 10:00,6,1,5
3/6/2022 11:00,8,5,3
3/6/2022 12:00,10,2,8
3/6/2022 13:00,10,5,5
3/6/2022 14:00,9,6,3
3/6/2022 15:00,20,10,10
3/6/2022 16:00,14,9,5
3/6/2022 17:00,7,4,3
3/6/2022 18:00,5,4,1
3/6/2022 19:00,2,2,0
3/6/2022 20:00,2,2,0
3/6/2022 21:00,0,0,0
3/6/2022 22:00,0,0,0
3/6/2022 23:00,0,0,0
3/7/2022 0:00,0,0,0
3/7/2022 1:00,1,1,0
3/7/2022 2:00,0,0,0
3/7/2022 3:00,0,0,0
3/7/2022 4:00,0,0,0
3/7/2022 5:00,0,0,0
3/7/2022 6:00,2,1,1
3/7/2022 7:00,1,1,0
3/7/2022 8:00,7,5,2
3/7/2022 9:00,6,4,2
3/7/2022 10:00,3,3,0
3/7/2022 11:00,6,2,4
3/7/2022 12:00,6,5,1
3/7/2022 13:00,6,5,1
3/7/2022 14:00,12,8,4
3/7/2022 15:00,10,6,4
3/7/2022 16:00,11,3,8
3/7/2022 17:00,18,9,9
3/7/2022 18:00,10,7,3
3/7/2022 19:00,1,1,0
3/7/2022 20:00,3,3,0
3/7/2022 21:00,1,1,0
3/7/2022 22:00,0,0,0
3/7/2022 23:00,2,2,0
3/8/2022 0:00,0,0,0
3/8/2022 1:00,0,0,0
3/8/2022 2:00,0,0,0
3/8/2022 3:00,0,0,0
3/8/2022 4:00,0,0,0
3/8/2022 5:00,1,1,0
3/8/2022 6:00,0,0,0
3/8/2022 7:00,0,0,0
3/8/2022 8:00,7,5,2
3/8/2022 9:00,10,6,4
3/8/2022 10:00,3,1,2
3/8/2022 11:00,3,3,0
3/8/2022 12:00,6,3,3
3/8/2022 13:00,5,1,4
3/8/2022 14:00,5,2,3
3/8/2022 15:00,8,2,6
3/8/2022 16:00,16,8,8
3/8/2022 17:00,6,2,4
3/8/2022 18:00,9,5,4
3/8/2022 19:00,4,2,2
3/8/2022 20:00,1,0,1
3/8/2022 21:00,1,0,1
3/8/2022 22:00,2,0,2
3/8/2022 23:00,0,0,0
3/9/2022 0:00,0,0,0
3/9/2022 1:00,0,0,0
3/9/2022 2:00,0,0,0
3/9/2022 3:00,0,0,0
3/9/2022 4:00,0,0,0
3/9/2022 5:00,0,0,0
3/9/2022 6:00,2,1,1
3/9/2022 7:00,8,4,4
3/9/2022 8:00,9,8,1
3/9/2022 9:00,6,1,5
3/9/2022 10:00,1,0,1
3/9/2022 11:00,3,2,1
3/9/2022 12:00,9,4,5
3/9/2022 13:00,5,3,2
3/9/2022 14:00,8,4,4
3/9/2022 15:00,6,2,4
3/9/2022 16:00,13,9,4
3/9/2022 17:00,13,8,5
3/9/2022 18:00,6,3,3
3/9/2022 19:00,4,3,1
3/9/2022 20:00,2,1,1
3/9/2022 21:00,3,0,3
3/9/2022 22:00,0,0,0
3/9/2022 23:00,0,0,0
3/10/2022 0:00,0,0,0
3/10/2022 1:00,0,0,0
3/10/2022 2:00,0,0,0
3/10/2022 3:00,0,0,0
3/10/2022 4:00,0,0,0
3/10/2022 5:00,0,0,0
3/10/2022 6:00,1,1,0
3/10/2022 7:00,6,3,3
3/10/2022 8:00,8,3,5
3/10/2022 9:00,9,4,5
3/10/2022 10:00,5,3,2
3/10/2022 11:00,8,7,1
3/10/2022 12:00,4,2,2
3/10/2022 13:00,4,0,4
3/10/2022 14:00,10,6,4
3/10/2022 15:00,4,0,4
3/10/2022 16:00,15,10,5
3/10/2022 17:00,9,3,6
3/10/2022 18:00,12,6,6
3/10/2022 19:00,3,3,0
3/10/2022 20:00,2,1,1
3/10/2022 21:00,0,0,0
3/10/2022 22:00,0,0,0
3/10/2022 23:00,2,0,2
3/11/2022 0:00,0,0,0
3/11/2022 1:00,0,0,0
3/11/2022 2:00,0,0,0
3/11/2022 3:00,0,0,0
3/11/2022 4:00,0,0,0
3/11/2022 5:00,2,0,2
3/11/2022 6:00,2,1,1
3/11/2022 7:00,5,3,2
3/11/2022 8:00,5,4,1
3/11/2022 9:00,3,2,1
3/11/2022 10:00,8,4,4
3/11/2022 11:00,3,1,2
3/11/2022 12:00,8,4,4
3/11/2022 13:00,5,2,3
3/11/2022 14:00,6,3,3
3/11/2022 15:00,11,6,5
3/11/2022 16:00,12,7,5
3/11/2022 17:00,12,8,4
3/11/2022 18:00,5,3,2
3/11/2022 19:00,4,0,4
3/11/2022 20:00,4,4,0
3/11/2022 21:00,4,2,2
3/11/2022 22:00,1,0,1
3/11/2022 23:00,3,0,3
3/12/2022 0:00,3,1,2
3/12/2022 1:00,0,0,0
3/12/2022 2:00,0,0,0
3/12/2022 3:00,0,0,0
3/12/2022 4:00,0,0,0
3/12/2022 5:00,0,0,0
3/12/2022 6:00,0,0,0
3/12/2022 7:00,5,2,3
3/12/2022 8:00,1,1,0
3/12/2022 9:00,7,2,5
3/12/2022 10:00,14,7,7
3/12/2022 11:00,14,7,7
3/12/2022 12:00,17,13,4
3/12/2022 13:00,13,4,9
3/12/2022 14:00,17,11,6
3/12/2022 15:00,11,6,5
3/12/2022 16:00,5,3,2
3/12/2022 17:00,3,1,2
3/12/2022 18:00,1,0,1
3/12/2022 19:00,4,2,2
3/12/2022 20:00,3,1,2
3/12/2022 21:00,1,0,1
3/12/2022 22:00,1,0,1
3/12/2022 23:00,3,3,0
3/13/2022 0:00,1,0,1
3/13/2022 1:00,0,0,0
3/13/2022 2:00,,,
3/13/2022 3:00,1,0,1
3/13/2022 4:00,1,0,1
3/13/2022 5:00,0,0,0
3/13/2022 6:00,1,0,1
3/13/2022 7:00,1,0,1
3/13/2022 8:00,5,2,3
3/13/2022 9:00,3,1,2
3/13/2022 10:00,9,2,7
3/13/2022 11:00,15,1,14
3/13/2022 12:00,18,12,6
3/13/2022 13:00,19,13,6
3/13/2022 14:00,18,15,3
3/13/2022 15:00,11,8,3
3/13/2022 16:00,7,4,3
3/13/2022 17:00,6,3,3
3/13/2022 18:00,1,0,1
3/13/2022 19:00,8,6,2
3/13/2022 20:00,1,1,0
3/13/2022 21:00,1,0,1
3/13/2022 22:00,0,0,0
3/13/2022 23:00,0,0,0
3/14/2022 0:00,1,1,0
3/14/2022 1:00,0,0,0
3/14/2022 2:00,0,0,0
3/14/2022 3:00,1,1,0
3/14/2022 4:00,0,0,0
3/14/2022 5:00,0,0,0
3/14/2022 6:00,2,1,1
3/14/2022 7:00,2,1,1
3/14/2022 8:00,5,4,1
3/14/2022 9:00,4,2,2
3/14/2022 10:00,4,1,3
3/14/2022 11:00,5,2,3
3/14/2022 12:00,3,1,2
3/14/2022 13:00,1,1,0
3/14/2022 14:00,3,2,1
3/14/2022 15:00,4,2,2
3/14/2022 16:00,5,1,4
3/14/2022 17:00,1,0,1
3/14/2022 18:00,6,2,4
3/14/2022 19:00,5,4,1
3/14/2022 20:00,1,0,1
3/14/2022 21:00,0,0,0
3/14/2022 22:00,0,0,0
3/14/2022 23:00,0,0,0
3/15/2022 0:00,1,0,1
3/15/2022 1:00,0,0,0
3/15/2022 2:00,0,0,0
3/15/2022 3:00,0,0,0
3/15/2022 4:00,0,0,0
3/15/2022 5:00,2,0,2
3/15/2022 6:00,4,1,3
3/15/2022 7:00,5,4,1
3/15/2022 8:00,5,4,1
3/15/2022 9:00,7,2,5
3/15/2022 10:00,2,2,0
3/15/2022 11:00,5,1,4
3/15/2022 12:00,10,6,4
3/15/2022 13:00,5,2,3
3/15/2022 14:00,6,4,2
3/15/2022 15:00,8,5,3
3/15/2022 16:00,9,5,4
3/15/2022 17:00,9,4,5
3/15/2022 18:00,9,5,4
3/15/2022 19:00,8,1,7
3/15/2022 20:00,6,5,1
3/15/2022 21:00,1,0,1
3/15/2022 22:00,3,1,2
3/15/2022 23:00,0,0,0
3/16/2022 0:00,0,0,0
3/16/2022 1:00,0,0,0
3/16/2022 2:00,0,0,0
3/16/2022 3:00,0,0,0
3/16/2022 4:00,1,0,1
3/16/2022 5:00,0,0,0
3/16/2022 6:00,1,0,1
3/16/2022 7:00,4,4,0
3/16/2022 8:00,7,5,2
3/16/2022 9:00,7,6,1
3/16/2022 10:00,2,1,1
3/16/2022 11:00,2,0,2
3/16/2022 12:00,15,4,11
3/16/2022 13:00,7,6,1
3/16/2022 14:00,16,11,5
3/16/2022 15:00,9,4,5
3/16/2022 16:00,11,3,8
3/16/2022 17:00,9,5,4
3/16/2022 18:00,14,8,6
3/16/2022 19:00,3,2,1
3/16/2022 20:00,4,2,2
3/16/2022 21:00,1,0,1
3/16/2022 22:00,3,1,2
3/16/2022 23:00,1,1,0
3/17/2022 0:00,0,0,0
3/17/2022 1:00,0,0,0
3/17/2022 2:00,0,0,0
3/17/2022 3:00,0,0,0
3/17/2022 4:00,0,0,0
3/17/2022 5:00,1,0,1
3/17/2022 6:00,1,1,0
3/17/2022 7:00,0,0,0
3/17/2022 8:00,0,0,0
3/17/2022 9:00,6,1,5
3/17/2022 10:00,5,1,4
3/17/2022 11:00,5,4,1
3/17/2022 12:00,5,2,3
3/17/2022 13:00,3,1,2
3/17/2022 14:00,7,4,3
3/17/2022 15:00,5,3,2
3/17/2022 16:00,8,6,2
3/17/2022 17:00,9,5,4
3/17/2022 18:00,8,4,4
3/17/2022 19:00,4,2,2
3/17/2022 20:00,0,0,0
3/17/2022 21:00,2,1,1
3/17/2022 22:00,2,1,1
3/17/2022 23:00,0,0,0
3/18/2022 0:00,0,0,0
3/18/2022 1:00,0,0,0
3/18/2022 2:00,0,0,0
3/18/2022 3:00,0,0,0
3/18/2022 4:00,0,0,0
3/18/2022 5:00,0,0,0
3/18/2022 6:00,0,0,0
3/18/2022 7:00,5,4,1
3/18/2022 8:00,4,4,0
3/18/2022 9:00,3,2,1
3/18/2022 10:00,3,1,2
3/18/2022 11:00,6,4,2
3/18/2022 12:00,8,3,5
3/18/2022 13:00,6,2,4
3/18/2022 14:00,8,7,1
3/18/2022 15:00,8,3,5
3/18/2022 16:00,9,5,4
3/18/2022 17:00,13,6,7
3/18/2022 18:00,15,9,6
3/18/2022 19:00,10,6,4
3/18/2022 20:00,5,4,1
3/18/2022 21:00,0,0,0
3/18/2022 22:00,1,1,0
3/18/2022 23:00,2,2,0
3/19/2022 0:00,4,2,2
3/19/2022 1:00,0,0,0
3/19/2022 2:00,0,0,0
3/19/2022 3:00,0,0,0
3/19/2022 4:00,0,0,0
3/19/2022 5:00,0,0,0
3/19/2022 6:00,0,0,0
3/19/2022 7:00,2,1,1
3/19/2022 8:00,2,1,1
3/19/2022 9:00,6,2,4
3/19/2022 10:00,5,5,0
3/19/2022 11:00,3,0,3
3/19/2022 12:00,5,4,1
3/19/2022 13:00,7,4,3
3/19/2022 14:00,8,6,2
3/19/2022 15:00,6,3,3
3/19/2022 16:00,1,0,1
3/19/2022 17:00,2,0,2
3/19/2022 18:00,4,3,1
3/19/2022 19:00,2,0,2
3/19/2022 20:00,2,1,1
3/19/2022 21:00,1,1,0
3/19/2022 22:00,0,0,0
3/19/2022 23:00,0,0,0
3/20/2022 0:00,0,0,0
3/20/2022 1:00,0,0,0
3/20/2022 2:00,0,0,0
3/20/2022 3:00,0,0,0
3/20/2022 4:00,1,1,0
3/20/2022 5:00,0,0,0
3/20/2022 6:00,1,0,1
3/20/2022 7:00,2,1,1
3/20/2022 8:00,4,2,2
3/20/2022 9:00,3,0,3
3/20/2022 10:00,5,2,3
3/20/2022 11:00,20,6,14
3/20/2022 12:00,12,7,5
3/20/2022 13:00,13,7,6
3/20/2022 14:00,18,13,5
3/20/2022 15:00,5,2,3
3/20/2022 16:00,5,3,2
3/20/2022 17:00,4,1,3
3/20/2022 18:00,6,2,4
3/20/2022 19:00,1,1,0
3/20/2022 20:00,1,1,0
3/20/2022 21:00,0,0,0
3/20/2022 22:00,0,0,0
3/20/2022 23:00,0,0,0
3/21/2022 0:00,1,1,0
3/21/2022 1:00,1,0,1
3/21/2022 2:00,0,0,0
3/21/2022 3:00,0,0,0
3/21/2022 4:00,1,1,0
3/21/2022 5:00,0,0,0
3/21/2022 6:00,1,1,0
3/21/2022 7:00,2,2,0
3/21/2022 8:00,2,2,0
3/21/2022 9:00,3,1,2
3/21/2022 10:00,2,2,0
3/21/2022 11:00,1,1,0
3/21/2022 12:00,2,1,1
3/21/2022 13:00,2,2,0
3/21/2022 14:00,2,1,1
3/21/2022 15:00,5,3,2
3/21/2022 16:00,8,3,5
3/21/2022 17:00,5,2,3
3/21/2022 18:00,3,3,0
3/21/2022 19:00,0,0,0
3/21/2022 20:00,1,1,0
3/21/2022 21:00,1,1,0
3/21/2022 22:00,1,1,0
3/21/2022 23:00,0,0,0
3/22/2022 0:00,1,0,1
3/22/2022 1:00,0,0,0
3/22/2022 2:00,0,0,0
3/22/2022 3:00,0,0,0
3/22/2022 4:00,0,0,0
3/22/2022 5:00,0,0,0
3/22/2022 6:00,0,0,0
3/22/2022 7:00,3,2,1
3/22/2022 8:00,10,5,5
3/22/2022 9:00,3,1,2
3/22/2022 10:00,1,1,0
3/22/2022 11:00,3,2,1
3/22/2022 12:00,4,2,2
3/22/2022 13:00,6,2,4
3/22/2022 14:00,7,2,5
3/22/2022 15:00,18,8,10
3/22/2022 16:00,19,5,14
3/22/2022 17:00,17,12,5
3/22/2022 18:00,10,6,4
3/22/2022 19:00,17,8,9
3/22/2022 20:00,3,3,0
3/22/2022 21:00,2,2,0
3/22/2022 22:00,3,2,1
3/22/2022 23:00,0,0,0
3/23/2022 0:00,0,0,0
3/23/2022 1:00,0,0,0
3/23/2022 2:00,0,0,0
3/23/2022 3:00,0,0,0
3/23/2022 4:00,1,0,1
3/23/2022 5:00,0,0,0
3/23/2022 6:00,2,1,1
3/23/2022 7:00,5,4,1
3/23/2022 8:00,9,5,4
3/23/2022 9:00,5,3,2
3/23/2022 10:00,0,0,0
3/23/2022 11:00,2,2,0
3/23/2022 12:00,6,5,1
3/23/2022 13:00,1,1,0
3/23/2022 14:00,1,1,0
3/23/2022 15:00,1,0,1
3/23/2022 16:00,2,1,1
3/23/2022 17:00,9,5,4
3/23/2022 18:00,8,3,5
3/23/2022 19:00,5,4,1
3/23/2022 20:00,2,2,0
3/23/2022 21:00,0,0,0
3/23/2022 22:00,0,0,0
3/23/2022 23:00,0,0,0
3/24/2022 0:00,1,0,1
3/24/2022 1:00,0,0,0
3/24/2022 2:00,0,0,0
3/24/2022 3:00,0,0,0
3/24/2022 4:00,0,0,0
3/24/2022 5:00,0,0,0
3/24/2022 6:00,1,0,1
3/24/2022 7:00,3,3,0
3/24/2022 8:00,7,5,2
3/24/2022 9:00,6,3,3
3/24/2022 10:00,6,4,2
3/24/2022 11:00,5,5,0
3/24/2022 12:00,4,4,0
3/24/2022 13:00,8,6,2
3/24/2022 14:00,4,4,0
3/24/2022 15:00,3,2,1
3/24/2022 16:00,2,2,0
3/24/2022 17:00,15,13,2
3/24/2022 18:00,4,4,0
3/24/2022 19:00,5,4,1
3/24/2022 20:00,4,3,1
3/24/2022 21:00,0,0,0
3/24/2022 22:00,1,1,0
3/24/2022 23:00,1,0,1
3/25/2022 0:00,0,0,0
3/25/2022 1:00,0,0,0
3/25/2022 2:00,0,0,0
3/25/2022 3:00,1,0,1
3/25/2022 4:00,0,0,0
3/25/2022 5:00,0,0,0
3/25/2022 6:00,0,0,0
3/25/2022 7:00,1,1,0
3/25/2022 8:00,3,2,1
3/25/2022 9:00,2,1,1
3/25/2022 10:00,0,0,0
3/25/2022 11:00,3,3,0
3/25/2022 12:00,0,0,0
3/25/2022 13:00,8,6,2
3/25/2022 14:00,6,5,1
3/25/2022 15:00,7,5,2
3/25/2022 16:00,12,10,2
3/25/2022 17:00,4,4,0
3/25/2022 18:00,10,9,1
3/25/2022 19:00,4,4,0
3/25/2022 20:00,0,0,0
3/25/2022 21:00,1,1,0
3/25/2022 22:00,2,2,0
3/25/2022 23:00,1,1,0
3/26/2022 0:00,0,0,0
3/26/2022 1:00,1,0,1
3/26/2022 2:00,0,0,0
3/26/2022 3:00,0,0,0
3/26/2022 4:00,0,0,0
3/26/2022 5:00,0,0,0
3/26/2022 6:00,0,0,0
3/26/2022 7:00,1,1,0
3/26/2022 8:00,1,1,0
3/26/2022 9:00,3,1,2
3/26/2022 10:00,9,4,5
3/26/2022 11:00,5,4,1
3/26/2022 12:00,5,4,1
3/26/2022 13:00,8,7,1
3/26/2022 14:00,6,4,2
3/26/2022 15:00,5,4,1
3/26/2022 16:00,3,2,1
3/26/2022 17:00,1,1,0
3/26/2022 18:00,2,2,0
3/26/2022 19:00,2,2,0
3/26/2022 20:00,2,1,1
3/26/2022 21:00,0,0,0
3/26/2022 22:00,2,1,1
3/26/2022 23:00,2,2,0
3/27/2022 0:00,0,0,0
3/27/2022 1:00,0,0,0
3/27/2022 2:00,0,0,0
3/27/2022 3:00,0,0,0
3/27/2022 4:00,0,0,0
3/27/2022 5:00,0,0,0
3/27/2022 6:00,0,0,0
3/27/2022 7:00,0,0,0
3/27/2022 8:00,0,0,0
3/27/2022 9:00,2,1,1
3/27/2022 10:00,5,4,1
3/27/2022 11:00,11,11,0
3/27/2022 12:00,8,8,0
3/27/2022 13:00,8,7,1
3/27/2022 14:00,6,4,2
3/27/2022 15:00,8,8,0
3/27/2022 16:00,6,4,2
3/27/2022 17:00,1,1,0
3/27/2022 18:00,1,1,0
3/27/2022 19:00,3,2,1
3/27/2022 20:00,0,0,0
3/27/2022 21:00,0,0,0
3/27/2022 22:00,6,1,5
3/27/2022 23:00,0,0,0
3/28/2022 0:00,0,0,0
3/28/2022 1:00,0,0,0
3/28/2022 2:00,0,0,0
3/28/2022 3:00,0,0,0
3/28/2022 4:00,1,1,0
3/28/2022 5:00,0,0,0
3/28/2022 6:00,2,1,1
3/28/2022 7:00,0,0,0
3/28/2022 8:00,1,0,1
3/28/2022 9:00,3,2,1
3/28/2022 10:00,2,1,1
3/28/2022 11:00,2,0,2
3/28/2022 12:00,3,0,3
3/28/2022 13:00,5,2,3
3/28/2022 14:00,4,3,1
3/28/2022 15:00,2,0,2
3/28/2022 16:00,10,1,9
3/28/2022 17:00,6,2,4
3/28/2022 18:00,4,2,2
3/28/2022 19:00,2,1,1
3/28/2022 20:00,0,0,0
3/28/2022 21:00,1,1,0
3/28/2022 22:00,0,0,0
3/28/2022 23:00,4,1,3
3/29/2022 0:00,0,0,0
3/29/2022 1:00,0,0,0
3/29/2022 2:00,0,0,0
3/29/2022 3:00,0,0,0
3/29/2022 4:00,0,0,0
3/29/2022 5:00,0,0,0
3/29/2022 6:00,1,1,0
3/29/2022 7:00,4,3,1
3/29/2022 8:00,5,5,0
3/29/2022 9:00,7,5,2
3/29/2022 10:00,2,0,2
3/29/2022 11:00,3,3,0
3/29/2022 12:00,0,0,0
3/29/2022 13:00,6,3,3
3/29/2022 14:00,6,2,4
3/29/2022 15:00,13,5,8
3/29/2022 16:00,14,8,6
3/29/2022 17:00,22,14,8
3/29/2022 18:00,11,5,6
3/29/2022 19:00,3,1,2
3/29/2022 20:00,3,2,1
3/29/2022 21:00,4,2,2
3/29/2022 22:00,2,0,2
3/29/2022 23:00,0,0,0
3/30/2022 0:00,0,0,0
3/30/2022 1:00,1,1,0
3/30/2022 2:00,0,0,0
3/30/2022 3:00,0,0,0
3/30/2022 4:00,1,0,1
3/30/2022 5:00,1,0,1
3/30/2022 6:00,1,1,0
3/30/2022 7:00,6,3,3
3/30/2022 8:00,11,6,5
3/30/2022 9:00,4,1,3
3/30/2022 10:00,3,3,0
3/30/2022 11:00,8,5,3
3/30/2022 12:00,3,0,3
3/30/2022 13:00,2,1,1
3/30/2022 14:00,3,3,0
3/30/2022 15:00,2,0,2
3/30/2022 16:00,12,8,4
3/30/2022 17:00,8,5,3
3/30/2022 18:00,3,2,1
3/30/2022 19:00,0,0,0
3/30/2022 20:00,2,0,2
3/30/2022 21:00,1,0,1
3/30/2022 22:00,0,0,0
3/30/2022 23:00,0,0,0
3/31/2022 0:00,0,0,0
3/31/2022 1:00,0,0,0
3/31/2022 2:00,0,0,0
3/31/2022 3:00,0,0,0
3/31/2022 4:00,0,0,0
3/31/2022 5:00,0,0,0
3/31/2022 6:00,1,1,0
3/31/2022 7:00,2,2,0
3/31/2022 8:00,3,2,1
3/31/2022 9:00,0,0,0
3/31/2022 10:00,3,1,2
3/31/2022 11:00,4,3,1
3/31/2022 12:00,7,5,2
3/31/2022 13:00,2,1,1
3/31/2022 14:00,4,4,0
3/31/2022 15:00,6,6,0
3/31/2022 16:00,6,5,1
3/31/2022 17:00,4,2,2
3/31/2022 18:00,3,3,0
3/31/2022 19:00,1,1,0
3/31/2022 20:00,3,2,1
3/31/2022 21:00,6,5,1
3/31/2022 22:00,0,0,0
3/31/2022 23:00,0,0,0
4/1/2022 0:00,0,0,0
4/1/2022 1:00,0,0,0
4/1/2022 2:00,0,0,0
4/1/2022 3:00,0,0,0
4/1/2022 4:00,0,0,0
4/1/2022 5:00,0,0,0
4/1/2022 6:00,1,1,0
4/1/2022 7:00,0,0,0
4/1/2022 8:00,2,2,0
4/1/2022 9:00,4,3,1
4/1/2022 10:00,3,3,0
4/1/2022 11:00,2,2,0
4/1/2022 12:00,3,2,1
4/1/2022 13:00,5,5,0
4/1/2022 14:00,5,5,0
4/1/2022 15:00,9,8,1
4/1/2022 16:00,6,5,1
4/1/2022 17:00,2,2,0
4/1/2022 18:00,4,2,2
4/1/2022 19:00,2,1,1
4/1/2022 20:00,2,2,0
4/1/2022 21:00,0,0,0
4/1/2022 22:00,0,0,0
4/1/2022 23:00,0,0,0
4/2/2022 0:00,2,1,1
4/2/2022 1:00,0,0,0
4/2/2022 2:00,0,0,0
4/2/2022 3:00,0,0,0
4/2/2022 4:00,0,0,0
4/2/2022 5:00,0,0,0
4/2/2022 6:00,1,1,0
4/2/2022 7:00,1,1,0
4/2/2022 8:00,0,0,0
4/2/2022 9:00,3,2,1
4/2/2022 10:00,1,1,0
4/2/2022 11:00,6,3,3
4/2/2022 12:00,11,11,0
4/2/2022 13:00,5,5,0
4/2/2022 14:00,7,6,1
4/2/2022 15:00,12,12,0
4/2/2022 16:00,6,5,1
4/2/2022 17:00,5,4,1
4/2/2022 18:00,2,1,1
4/2/2022 19:00,3,2,1
4/2/2022 20:00,2,2,0
4/2/2022 21:00,0,0,0
4/2/2022 22:00,0,0,0
4/2/2022 23:00,0,0,0
4/3/2022 0:00,0,0,0
4/3/2022 1:00,0,0,0
4/3/2022 2:00,0,0,0
4/3/2022 3:00,0,0,0
4/3/2022 4:00,0,0,0
4/3/2022 5:00,0,0,0
4/3/2022 6:00,0,0,0
4/3/2022 7:00,0,0,0
4/3/2022 8:00,0,0,0
4/3/2022 9:00,2,2,0
4/3/2022 10:00,3,2,1
4/3/2022 11:00,2,2,0
4/3/2022 12:00,1,1,0
4/3/2022 13:00,5,4,1
4/3/2022 14:00,2,2,0
4/3/2022 15:00,1,0,1
4/3/2022 16:00,2,1,1
4/3/2022 17:00,1,1,0
4/3/2022 18:00,0,0,0
4/3/2022 19:00,2,2,0
4/3/2022 20:00,1,1,0
4/3/2022 21:00,0,0,0
4/3/2022 22:00,0,0,0
4/3/2022 23:00,0,0,0
4/4/2022 0:00,0,0,0
4/4/2022 1:00,1,1,0
4/4/2022 2:00,0,0,0
4/4/2022 3:00,0,0,0
4/4/2022 4:00,0,0,0
4/4/2022 5:00,0,0,0
4/4/2022 6:00,0,0,0
4/4/2022 7:00,1,1,0
4/4/2022 8:00,4,3,1
4/4/2022 9:00,3,3,0
4/4/2022 10:00,1,1,0
4/4/2022 11:00,4,4,0
4/4/2022 12:00,5,3,2
4/4/2022 13:00,4,2,2
4/4/2022 14:00,1,1,0
4/4/2022 15:00,5,3,2
4/4/2022 16:00,5,2,3
4/4/2022 17:00,5,3,2
4/4/2022 18:00,5,2,3
4/4/2022 19:00,6,3,3
4/4/2022 20:00,8,6,2
4/4/2022 21:00,1,1,0
4/4/2022 22:00,1,1,0
4/4/2022 23:00,0,0,0
4/5/2022 0:00,0,0,0
4/5/2022 1:00,0,0,0
4/5/2022 2:00,0,0,0
4/5/2022 3:00,0,0,0
4/5/2022 4:00,0,0,0
4/5/2022 5:00,0,0,0
4/5/2022 6:00,0,0,0
4/5/2022 7:00,2,1,1
4/5/2022 8:00,12,8,4
4/5/2022 9:00,11,6,5
4/5/2022 10:00,5,2,3
4/5/2022 11:00,5,2,3
4/5/2022 12:00,13,6,7
4/5/2022 13:00,9,8,1
4/5/2022 14:00,4,0,4
4/5/2022 15:00,7,2,5
4/5/2022 16:00,5,4,1
4/5/2022 17:00,11,4,7
4/5/2022 18:00,6,3,3
4/5/2022 19:00,5,2,3
4/5/2022 20:00,3,2,1
4/5/2022 21:00,1,0,1
4/5/2022 22:00,1,0,1
4/5/2022 23:00,0,0,0
4/6/2022 0:00,0,0,0
4/6/2022 1:00,0,0,0
4/6/2022 2:00,0,0,0
4/6/2022 3:00,0,0,0
4/6/2022 4:00,1,0,1
4/6/2022 5:00,1,0,1
4/6/2022 6:00,0,0,0
4/6/2022 7:00,3,2,1
4/6/2022 8:00,6,3,3
4/6/2022 9:00,7,2,5
4/6/2022 10:00,1,0,1
4/6/2022 11:00,5,3,2
4/6/2022 12:00,8,2,6
4/6/2022 13:00,4,1,3
4/6/2022 14:00,7,5,2
4/6/2022 15:00,5,4,1
4/6/2022 16:00,8,1,7
4/6/2022 17:00,21,12,9
4/6/2022 18:00,18,6,12
4/6/2022 19:00,5,1,4
4/6/2022 20:00,3,1,2
4/6/2022 21:00,2,2,0
4/6/2022 22:00,0,0,0
4/6/2022 23:00,0,0,0
4/7/2022 0:00,0,0,0
4/7/2022 1:00,0,0,0
4/7/2022 2:00,0,0,0
4/7/2022 3:00,0,0,0
4/7/2022 4:00,0,0,0
4/7/2022 5:00,0,0,0
4/7/2022 6:00,0,0,0
4/7/2022 7:00,7,5,2
4/7/2022 8:00,9,5,4
4/7/2022 9:00,7,1,6
4/7/2022 10:00,4,0,4
4/7/2022 11:00,10,3,7
4/7/2022 12:00,6,2,4
4/7/2022 13:00,11,7,4
4/7/2022 14:00,7,1,6
4/7/2022 15:00,11,9,2
4/7/2022 16:00,16,6,10
4/7/2022 17:00,29,11,18
4/7/2022 18:00,23,15,8
4/7/2022 19:00,12,7,5
4/7/2022 20:00,9,7,2
4/7/2022 21:00,3,0,3
4/7/2022 22:00,1,1,0
4/7/2022 23:00,0,0,0
4/8/2022 0:00,0,0,0
4/8/2022 1:00,0,0,0
4/8/2022 2:00,0,0,0
4/8/2022 3:00,0,0,0
4/8/2022 4:00,0,0,0
4/8/2022 5:00,0,0,0
4/8/2022 6:00,0,0,0
4/8/2022 7:00,3,3,0
4/8/2022 8:00,3,1,2
4/8/2022 9:00,1,1,0
4/8/2022 10:00,3,2,1
4/8/2022 11:00,9,4,5
4/8/2022 12:00,9,6,3
4/8/2022 13:00,14,10,4
4/8/2022 14:00,11,5,6
4/8/2022 15:00,4,1,3
4/8/2022 16:00,13,8,5
4/8/2022 17:00,6,3,3
4/8/2022 18:00,8,4,4
4/8/2022 19:00,3,0,3
4/8/2022 20:00,1,1,0
4/8/2022 21:00,2,1,1
4/8/2022 22:00,1,0,1
4/8/2022 23:00,2,2,0
4/9/2022 0:00,1,0,1
4/9/2022 1:00,1,1,0
4/9/2022 2:00,1,0,1
4/9/2022 3:00,0,0,0
4/9/2022 4:00,0,0,0
4/9/2022 5:00,0,0,0
4/9/2022 6:00,0,0,0
4/9/2022 7:00,3,1,2
4/9/2022 8:00,5,3,2
4/9/2022 9:00,5,2,3
4/9/2022 10:00,5,3,2
4/9/2022 11:00,10,5,5
4/9/2022 12:00,5,3,2
4/9/2022 13:00,10,8,2
4/9/2022 14:00,10,4,6
4/9/2022 15:00,4,1,3
4/9/2022 16:00,7,7,0
4/9/2022 17:00,15,9,6
4/9/2022 18:00,2,1,1
4/9/2022 19:00,4,0,4
4/9/2022 20:00,1,1,0
4/9/2022 21:00,2,1,1
4/9/2022 22:00,1,1,0
4/9/2022 23:00,0,0,0
4/10/2022 0:00,0,0,0
4/10/2022 1:00,0,0,0
4/10/2022 2:00,0,0,0
4/10/2022 3:00,0,0,0
4/10/2022 4:00,0,0,0
4/10/2022 5:00,0,0,0
4/10/2022 6:00,1,0,1
4/10/2022 7:00,1,0,1
4/10/2022 8:00,1,1,0
4/10/2022 9:00,0,0,0
4/10/2022 10:00,2,2,0
4/10/2022 11:00,5,4,1
4/10/2022 12:00,2,2,0
4/10/2022 13:00,7,6,1
4/10/2022 14:00,6,5,1
4/10/2022 15:00,7,5,2
4/10/2022 16:00,4,3,1
4/10/2022 17:00,4,3,1
4/10/2022 18:00,1,1,0
4/10/2022 19:00,1,1,0
4/10/2022 20:00,1,1,0
4/10/2022 21:00,1,1,0
4/10/2022 22:00,0,0,0
4/10/2022 23:00,0,0,0
4/11/2022 0:00,1,1,0
4/11/2022 1:00,0,0,0
4/11/2022 2:00,0,0,0
4/11/2022 3:00,0,0,0
4/11/2022 4:00,0,0,0
4/11/2022 5:00,0,0,0
4/11/2022 6:00,0,0,0
4/11/2022 7:00,1,1,0
4/11/2022 8:00,2,2,0
4/11/2022 9:00,1,1,0
4/11/2022 10:00,3,2,1
4/11/2022 11:00,1,1,0
4/11/2022 12:00,1,0,1
4/11/2022 13:00,4,3,1
4/11/2022 14:00,3,3,0
4/11/2022 15:00,4,0,4
4/11/2022 16:00,7,6,1
4/11/2022 17:00,6,4,2
4/11/2022 18:00,4,1,3
4/11/2022 19:00,3,0,3
4/11/2022 20:00,0,0,0
4/11/2022 21:00,1,0,1
4/11/2022 22:00,0,0,0
4/11/2022 23:00,0,0,0
4/12/2022 0:00,0,0,0
4/12/2022 1:00,0,0,0
4/12/2022 2:00,0,0,0
4/12/2022 3:00,0,0,0
4/12/2022 4:00,1,0,1
4/12/2022 5:00,2,0,2
4/12/2022 6:00,5,1,4
4/12/2022 7:00,0,0,0
4/12/2022 8:00,0,0,0
4/12/2022 9:00,2,2,0
4/12/2022 10:00,4,3,1
4/12/2022 11:00,3,3,0
4/12/2022 12:00,3,2,1
4/12/2022 13:00,3,2,1
4/12/2022 14:00,1,1,0
4/12/2022 15:00,5,2,3
4/12/2022 16:00,1,1,0
4/12/2022 17:00,3,1,2
4/12/2022 18:00,2,0,2
4/12/2022 19:00,1,0,1
4/12/2022 20:00,1,0,1
4/12/2022 21:00,1,0,1
4/12/2022 22:00,0,0,0
4/12/2022 23:00,0,0,0
4/13/2022 0:00,0,0,0
4/13/2022 1:00,0,0,0
4/13/2022 2:00,0,0,0
4/13/2022 3:00,0,0,0
4/13/2022 4:00,1,0,1
4/13/2022 5:00,0,0,0
4/13/2022 6:00,0,0,0
4/13/2022 7:00,1,1,0
4/13/2022 8:00,1,1,0
4/13/2022 9:00,3,1,2
4/13/2022 10:00,1,1,0
4/13/2022 11:00,3,2,1
4/13/2022 12:00,1,0,1
4/13/2022 13:00,2,2,0
4/13/2022 14:00,2,2,0
4/13/2022 15:00,4,1,3
4/13/2022 16:00,4,0,4
4/13/2022 17:00,5,3,2
4/13/2022 18:00,1,0,1
4/13/2022 19:00,4,2,2
4/13/2022 20:00,0,0,0
4/13/2022 21:00,0,0,0
4/13/2022 22:00,1,1,0
4/13/2022 23:00,0,0,0
4/14/2022 0:00,1,0,1
4/14/2022 1:00,0,0,0
4/14/2022 2:00,0,0,0
4/14/2022 3:00,1,0,1
4/14/2022 4:00,0,0,0
4/14/2022 5:00,1,0,1
4/14/2022 6:00,0,0,0
4/14/2022 7:00,4,2,2
4/14/2022 8:00,2,2,0
4/14/2022 9:00,1,0,1
4/14/2022 10:00,2,1,1
4/14/2022 11:00,3,3,0
4/14/2022 12:00,3,3,0
4/14/2022 13:00,3,3,0
4/14/2022 14:00,2,1,1
4/14/2022 15:00,3,0,3
4/14/2022 16:00,3,1,2
4/14/2022 17:00,5,3,2
4/14/2022 18:00,0,0,0
4/14/2022 19:00,1,1,0
4/14/2022 20:00,0,0,0
4/14/2022 21:00,0,0,0
4/14/2022 22:00,0,0,0
4/14/2022 23:00,1,0,1
4/15/2022 0:00,0,0,0
4/15/2022 1:00,0,0,0
4/15/2022 2:00,0,0,0
4/15/2022 3:00,0,0,0
4/15/2022 4:00,0,0,0
4/15/2022 5:00,0,0,0
4/15/2022 6:00,0,0,0
4/15/2022 7:00,0,0,0
4/15/2022 8:00,0,0,0
4/15/2022 9:00,4,4,0
4/15/2022 10:00,1,0,1
4/15/2022 11:00,1,0,1
4/15/2022 12:00,3,2,1
4/15/2022 13:00,5,1,4
4/15/2022 14:00,3,2,1
4/15/2022 15:00,9,6,3
4/15/2022 16:00,12,4,8
4/15/2022 17:00,10,4,6
4/15/2022 18:00,11,8,3
4/15/2022 19:00,8,6,2
4/15/2022 20:00,5,3,2
4/15/2022 21:00,0,0,0
4/15/2022 22:00,0,0,0
4/15/2022 23:00,4,1,3
4/16/2022 0:00,0,0,0
4/16/2022 1:00,0,0,0
4/16/2022 2:00,0,0,0
4/16/2022 3:00,0,0,0
4/16/2022 4:00,0,0,0
4/16/2022 5:00,0,0,0
4/16/2022 6:00,0,0,0
4/16/2022 7:00,1,0,1
4/16/2022 8:00,1,1,0
4/16/2022 9:00,3,2,1
4/16/2022 10:00,12,5,7
4/16/2022 11:00,6,4,2
4/16/2022 12:00,8,4,4
4/16/2022 13:00,6,4,2
4/16/2022 14:00,10,6,4
4/16/2022 15:00,10,4,6
4/16/2022 16:00,7,3,4
4/16/2022 17:00,4,4,0
4/16/2022 18:00,4,3,1
4/16/2022 19:00,2,2,0
4/16/2022 20:00,0,0,0
4/16/2022 21:00,1,0,1
4/16/2022 22:00,1,1,0
4/16/2022 23:00,1,0,1
4/17/2022 0:00,1,1,0
4/17/2022 1:00,1,1,0
4/17/2022 2:00,0,0,0
4/17/2022 3:00,0,0,0
4/17/2022 4:00,0,0,0
4/17/2022 5:00,0,0,0
4/17/2022 6:00,1,0,1
4/17/2022 7:00,2,1,1
4/17/2022 8:00,5,2,3
4/17/2022 9:00,5,3,2
4/17/2022 10:00,5,0,5
4/17/2022 11:00,14,10,4
4/17/2022 12:00,16,7,9
4/17/2022 13:00,10,6,4
4/17/2022 14:00,13,6,7
4/17/2022 15:00,15,11,4
4/17/2022 16:00,17,12,5
4/17/2022 17:00,6,2,4
4/17/2022 18:00,9,3,6
4/17/2022 19:00,14,8,6
4/17/2022 20:00,3,2,1
4/17/2022 21:00,0,0,0
4/17/2022 22:00,0,0,0
4/17/2022 23:00,0,0,0
4/18/2022 0:00,0,0,0
4/18/2022 1:00,0,0,0
4/18/2022 2:00,0,0,0
4/18/2022 3:00,0,0,0
4/18/2022 4:00,0,0,0
4/18/2022 5:00,1,1,0
4/18/2022 6:00,0,0,0
4/18/2022 7:00,0,0,0
4/18/2022 8:00,1,1,0
4/18/2022 9:00,9,5,4
4/18/2022 10:00,3,2,1
4/18/2022 11:00,2,0,2
4/18/2022 12:00,1,1,0
4/18/2022 13:00,5,2,3
4/18/2022 14:00,0,0,0
4/18/2022 15:00,1,0,1
4/18/2022 16:00,1,1,0
4/18/2022 17:00,4,3,1
4/18/2022 18:00,2,2,0
4/18/2022 19:00,0,0,0
4/18/2022 20:00,1,0,1
4/18/2022 21:00,0,0,0
4/18/2022 22:00,0,0,0
4/18/2022 23:00,0,0,0
4/19/2022 0:00,0,0,0
4/19/2022 1:00,0,0,0
4/19/2022 2:00,0,0,0
4/19/2022 3:00,0,0,0
4/19/2022 4:00,0,0,0
4/19/2022 5:00,0,0,0
4/19/2022 6:00,2,1,1
4/19/2022 7:00,3,1,2
4/19/2022 8:00,9,5,4
4/19/2022 9:00,3,2,1
4/19/2022 10:00,6,4,2
4/19/2022 11:00,10,6,4
4/19/2022 12:00,6,3,3
4/19/2022 13:00,3,1,2
4/19/2022 14:00,12,9,3
4/19/2022 15:00,11,6,5
4/19/2022 16:00,10,6,4
4/19/2022 17:00,15,7,8
4/19/2022 18:00,11,8,3
4/19/2022 19:00,7,4,3
4/19/2022 20:00,4,4,0
4/19/2022 21:00,0,0,0
4/19/2022 22:00,3,0,3
4/19/2022 23:00,1,1,0
4/20/2022 0:00,0,0,0
4/20/2022 1:00,0,0,0
4/20/2022 2:00,0,0,0
4/20/2022 3:00,0,0,0
4/20/2022 4:00,0,0,0
4/20/2022 5:00,0,0,0
4/20/2022 6:00,0,0,0
4/20/2022 7:00,4,2,2
4/20/2022 8:00,8,6,2
4/20/2022 9:00,11,4,7
4/20/2022 10:00,8,4,4
4/20/2022 11:00,10,5,5
4/20/2022 12:00,5,2,3
4/20/2022 13:00,3,1,2
4/20/2022 14:00,4,3,1
4/20/2022 15:00,3,3,0
4/20/2022 16:00,3,2,1
4/20/2022 17:00,8,6,2
4/20/2022 18:00,11,5,6
4/20/2022 19:00,5,1,4
4/20/2022 20:00,1,0,1
4/20/2022 21:00,2,2,0
4/20/2022 22:00,0,0,0
4/20/2022 23:00,1,0,1
4/21/2022 0:00,0,0,0
4/21/2022 1:00,0,0,0
4/21/2022 2:00,0,0,0
4/21/2022 3:00,0,0,0
4/21/2022 4:00,0,0,0
4/21/2022 5:00,4,2,2
4/21/2022 6:00,1,0,1
4/21/2022 7:00,6,4,2
4/21/2022 8:00,8,6,2
4/21/2022 9:00,8,4,4
4/21/2022 10:00,7,4,3
4/21/2022 11:00,10,5,5
4/21/2022 12:00,3,3,0
4/21/2022 13:00,7,3,4
4/21/2022 14:00,4,1,3
4/21/2022 15:00,3,1,2
4/21/2022 16:00,11,3,8
4/21/2022 17:00,14,11,3
4/21/2022 18:00,8,6,2
4/21/2022 19:00,2,2,0
4/21/2022 20:00,1,0,1
4/21/2022 21:00,3,2,1
4/21/2022 22:00,2,1,1
4/21/2022 23:00,0,0,0
4/22/2022 0:00,0,0,0
4/22/2022 1:00,0,0,0
4/22/2022 2:00,0,0,0
4/22/2022 3:00,0,0,0
4/22/2022 4:00,0,0,0
4/22/2022 5:00,0,0,0
4/22/2022 6:00,0,0,0
4/22/2022 7:00,0,0,0
4/22/2022 8:00,1,1,0
4/22/2022 9:00,2,1,1
4/22/2022 10:00,0,0,0
4/22/2022 11:00,2,1,1
4/22/2022 12:00,2,2,0
4/22/2022 13:00,12,9,3
4/22/2022 14:00,5,2,3
4/22/2022 15:00,4,4,0
4/22/2022 16:00,7,5,2
4/22/2022 17:00,2,2,0
4/22/2022 18:00,3,3,0
4/22/2022 19:00,2,1,1
4/22/2022 20:00,6,5,1
4/22/2022 21:00,1,1,0
4/22/2022 22:00,1,1,0
4/22/2022 23:00,1,1,0
4/23/2022 0:00,1,1,0
4/23/2022 1:00,1,0,1
4/23/2022 2:00,0,0,0
4/23/2022 3:00,0,0,0
4/23/2022 4:00,0,0,0
4/23/2022 5:00,0,0,0
4/23/2022 6:00,0,0,0
4/23/2022 7:00,0,0,0
4/23/2022 8:00,2,1,1
4/23/2022 9:00,1,1,0
4/23/2022 10:00,6,4,2
4/23/2022 11:00,5,2,3
4/23/2022 12:00,6,4,2
4/23/2022 13:00,7,5,2
4/23/2022 14:00,7,6,1
4/23/2022 15:00,6,5,1
4/23/2022 16:00,13,12,1
4/23/2022 17:00,13,12,1
4/23/2022 18:00,5,4,1
4/23/2022 19:00,7,7,0
4/23/2022 20:00,1,1,0
4/23/2022 21:00,0,0,0
4/23/2022 22:00,0,0,0
4/23/2022 23:00,0,0,0
4/24/2022 0:00,0,0,0
4/24/2022 1:00,0,0,0
4/24/2022 2:00,0,0,0
4/24/2022 3:00,0,0,0
4/24/2022 4:00,0,0,0
4/24/2022 5:00,0,0,0
4/24/2022 6:00,0,0,0
4/24/2022 7:00,0,0,0
4/24/2022 8:00,0,0,0
4/24/2022 9:00,2,1,1
4/24/2022 10:00,3,2,1
4/24/2022 11:00,8,4,4
4/24/2022 12:00,8,7,1
4/24/2022 13:00,9,8,1
4/24/2022 14:00,7,5,2
4/24/2022 15:00,13,11,2
4/24/2022 16:00,7,5,2
4/24/2022 17:00,4,4,0
4/24/2022 18:00,5,4,1
4/24/2022 19:00,2,2,0
4/24/2022 20:00,0,0,0
4/24/2022 21:00,0,0,0
4/24/2022 22:00,0,0,0
4/24/2022 23:00,0,0,0
4/25/2022 0:00,0,0,0
4/25/2022 1:00,0,0,0
4/25/2022 2:00,0,0,0
4/25/2022 3:00,0,0,0
4/25/2022 4:00,0,0,0
4/25/2022 5:00,0,0,0
4/25/2022 6:00,0,0,0
4/25/2022 7:00,0,0,0
4/25/2022 8:00,1,1,0
4/25/2022 9:00,1,0,1
4/25/2022 10:00,0,0,0
4/25/2022 11:00,2,1,1
4/25/2022 12:00,0,0,0
4/25/2022 13:00,1,0,1
4/25/2022 14:00,5,2,3
4/25/2022 15:00,3,3,0
4/25/2022 16:00,2,0,2
4/25/2022 17:00,4,1,3
4/25/2022 18:00,0,0,0
4/25/2022 19:00,0,0,0
4/25/2022 20:00,1,1,0
4/25/2022 21:00,2,1,1
4/25/2022 22:00,0,0,0
4/25/2022 23:00,0,0,0
4/26/2022 0:00,0,0,0
4/26/2022 1:00,0,0,0
4/26/2022 2:00,1,1,0
4/26/2022 3:00,0,0,0
4/26/2022 4:00,0,0,0
4/26/2022 5:00,1,0,1
4/26/2022 6:00,0,0,0
4/26/2022 7:00,1,1,0
4/26/2022 8:00,5,4,1
4/26/2022 9:00,8,5,3
4/26/2022 10:00,0,0,0
4/26/2022 11:00,2,1,1
4/26/2022 12:00,4,4,0
4/26/2022 13:00,4,3,1
4/26/2022 14:00,5,5,0
4/26/2022 15:00,13,6,7
4/26/2022 16:00,11,7,4
4/26/2022 17:00,10,5,5
4/26/2022 18:00,5,2,3
4/26/2022 19:00,8,4,4
4/26/2022 20:00,2,1,1
4/26/2022 21:00,1,0,1
4/26/2022 22:00,2,2,0
4/26/2022 23:00,0,0,0
4/27/2022 0:00,0,0,0
4/27/2022 1:00,0,0,0
4/27/2022 2:00,0,0,0
4/27/2022 3:00,1,1,0
4/27/2022 4:00,0,0,0
4/27/2022 5:00,0,0,0
4/27/2022 6:00,0,0,0
4/27/2022 7:00,7,6,1
4/27/2022 8:00,7,6,1
4/27/2022 9:00,6,2,4
4/27/2022 10:00,14,7,7
4/27/2022 11:00,7,5,2
4/27/2022 12:00,3,1,2
4/27/2022 13:00,9,4,5
4/27/2022 14:00,4,3,1
4/27/2022 15:00,2,2,0
4/27/2022 16:00,12,2,10
4/27/2022 17:00,20,13,7
4/27/2022 18:00,9,4,5
4/27/2022 19:00,7,4,3
4/27/2022 20:00,7,5,2
4/27/2022 21:00,1,0,1
4/27/2022 22:00,1,0,1
4/27/2022 23:00,1,1,0
4/28/2022 0:00,0,0,0
4/28/2022 1:00,0,0,0
4/28/2022 2:00,0,0,0
4/28/2022 3:00,0,0,0
4/28/2022 4:00,0,0,0
4/28/2022 5:00,1,0,1
4/28/2022 6:00,0,0,0
4/28/2022 7:00,9,6,3
4/28/2022 8:00,11,8,3
4/28/2022 9:00,4,1,3
4/28/2022 10:00,6,3,3
4/28/2022 11:00,8,5,3
4/28/2022 12:00,9,3,6
4/28/2022 13:00,8,8,0
4/28/2022 14:00,6,4,2
4/28/2022 15:00,8,5,3
4/28/2022 16:00,10,3,7
4/28/2022 17:00,14,9,5
4/28/2022 18:00,3,1,2
4/28/2022 19:00,7,3,4
4/28/2022 20:00,2,1,1
4/28/2022 21:00,1,1,0
4/28/2022 22:00,0,0,0
4/28/2022 23:00,1,1,0
4/29/2022 0:00,0,0,0
4/29/2022 1:00,0,0,0
4/29/2022 2:00,1,1,0
4/29/2022 3:00,0,0,0
4/29/2022 4:00,0,0,0
4/29/2022 5:00,0,0,0
4/29/2022 6:00,1,0,1
4/29/2022 7:00,5,3,2
4/29/2022 8:00,8,6,2
4/29/2022 9:00,2,1,1
4/29/2022 10:00,3,3,0
4/29/2022 11:00,5,3,2
4/29/2022 12:00,8,6,2
4/29/2022 13:00,11,8,3
4/29/2022 14:00,9,5,4
4/29/2022 15:00,7,5,2
4/29/2022 16:00,16,9,7
4/29/2022 17:00,14,7,7
4/29/2022 18:00,18,11,7
4/29/2022 19:00,9,6,3
4/29/2022 20:00,3,1,2
4/29/2022 21:00,2,2,0
4/29/2022 22:00,1,0,1
4/29/2022 23:00,4,0,4
4/30/2022 0:00,0,0,0
4/30/2022 1:00,0,0,0
4/30/2022 2:00,1,0,1
4/30/2022 3:00,0,0,0
4/30/2022 4:00,0,0,0
4/30/2022 5:00,0,0,0
4/30/2022 6:00,0,0,0
4/30/2022 7:00,1,1,0
4/30/2022 8:00,1,0,1
4/30/2022 9:00,4,2,2
4/30/2022 10:00,5,4,1
4/30/2022 11:00,6,1,5
4/30/2022 12:00,9,5,4
4/30/2022 13:00,14,5,9
4/30/2022 14:00,11,3,8
4/30/2022 15:00,20,9,11
4/30/2022 16:00,21,14,7
4/30/2022 17:00,24,15,9
4/30/2022 18:00,7,5,2
4/30/2022 19:00,11,9,2
4/30/2022 20:00,4,3,1
4/30/2022 21:00,1,0,1
4/30/2022 22:00,3,1,2
4/30/2022 23:00,0,0,0
5/1/2022 0:00,1,1,0
5/1/2022 1:00,1,1,0
5/1/2022 2:00,0,0,0
5/1/2022 3:00,0,0,0
5/1/2022 4:00,0,0,0
5/1/2022 5:00,0,0,0
5/1/2022 6:00,1,0,1
5/1/2022 7:00,3,1,2
5/1/2022 8:00,2,1,1
5/1/2022 9:00,8,2,6
5/1/2022 10:00,9,1,8
5/1/2022 11:00,26,13,13
5/1/2022 12:00,37,23,14
5/1/2022 13:00,17,10,7
5/1/2022 14:00,15,5,10
5/1/2022 15:00,23,15,8
5/1/2022 16:00,14,9,5
5/1/2022 17:00,9,4,5
5/1/2022 18:00,8,3,5
5/1/2022 19:00,2,2,0
5/1/2022 20:00,2,1,1
5/1/2022 21:00,3,1,2
5/1/2022 22:00,2,2,0
5/1/2022 23:00,0,0,0
5/2/2022 0:00,1,0,1
5/2/2022 1:00,0,0,0
5/2/2022 2:00,1,0,1
5/2/2022 3:00,0,0,0
5/2/2022 4:00,0,0,0
5/2/2022 5:00,0,0,0
5/2/2022 6:00,3,0,3
5/2/2022 7:00,0,0,0
5/2/2022 8:00,2,1,1
5/2/2022 9:00,3,0,3
5/2/2022 10:00,0,0,0
5/2/2022 11:00,0,0,0
5/2/2022 12:00,2,0,2
5/2/2022 13:00,4,2,2
5/2/2022 14:00,6,0,6
5/2/2022 15:00,6,1,5
5/2/2022 16:00,3,2,1
5/2/2022 17:00,3,3,0
5/2/2022 18:00,3,3,0
5/2/2022 19:00,1,0,1
5/2/2022 20:00,4,4,0
5/2/2022 21:00,0,0,0
5/2/2022 22:00,0,0,0
5/2/2022 23:00,0,0,0
5/3/2022 0:00,1,1,0
5/3/2022 1:00,0,0,0
5/3/2022 2:00,0,0,0
5/3/2022 3:00,1,1,0
5/3/2022 4:00,0,0,0
5/3/2022 5:00,0,0,0
5/3/2022 6:00,0,0,0
5/3/2022 7:00,2,2,0
5/3/2022 8:00,3,3,0
5/3/2022 9:00,4,2,2
5/3/2022 10:00,3,1,2
5/3/2022 11:00,2,1,1
5/3/2022 12:00,7,4,3
5/3/2022 13:00,3,3,0
5/3/2022 14:00,11,8,3
5/3/2022 15:00,2,0,2
5/3/2022 16:00,4,4,0
5/3/2022 17:00,10,8,2
5/3/2022 18:00,10,8,2
5/3/2022 19:00,3,3,0
5/3/2022 20:00,0,0,0
5/3/2022 21:00,1,1,0
5/3/2022 22:00,1,1,0
5/3/2022 23:00,0,0,0
5/4/2022 0:00,1,1,0
5/4/2022 1:00,0,0,0
5/4/2022 2:00,0,0,0
5/4/2022 3:00,0,0,0
5/4/2022 4:00,1,0,1
5/4/2022 5:00,0,0,0
5/4/2022 6:00,1,0,1
5/4/2022 7:00,3,2,1
5/4/2022 8:00,7,7,0
5/4/2022 9:00,5,3,2
5/4/2022 10:00,3,2,1
5/4/2022 11:00,2,0,2
5/4/2022 12:00,7,5,2
5/4/2022 13:00,1,0,1
5/4/2022 14:00,2,1,1
5/4/2022 15:00,7,5,2
5/4/2022 16:00,8,2,6
5/4/2022 17:00,12,7,5
5/4/2022 18:00,11,9,2
5/4/2022 19:00,4,3,1
5/4/2022 20:00,2,2,0
5/4/2022 21:00,1,0,1
5/4/2022 22:00,1,1,0
5/4/2022 23:00,0,0,0
5/5/2022 0:00,0,0,0
5/5/2022 1:00,0,0,0
5/5/2022 2:00,0,0,0
5/5/2022 3:00,0,0,0
5/5/2022 4:00,0,0,0
5/5/2022 5:00,1,0,1
5/5/2022 6:00,3,0,3
5/5/2022 7:00,2,2,0
5/5/2022 8:00,4,4,0
5/5/2022 9:00,2,0,2
5/5/2022 10:00,4,1,3
5/5/2022 11:00,3,2,1
5/5/2022 12:00,3,2,1
5/5/2022 13:00,3,3,0
5/5/2022 14:00,2,1,1
5/5/2022 15:00,2,2,0
5/5/2022 16:00,5,3,2
5/5/2022 17:00,7,4,3
5/5/2022 18:00,3,2,1
5/5/2022 19:00,1,0,1
5/5/2022 20:00,1,1,0
5/5/2022 21:00,2,2,0
5/5/2022 22:00,0,0,0
5/5/2022 23:00,0,0,0
5/6/2022 0:00,0,0,0
5/6/2022 1:00,0,0,0
5/6/2022 2:00,0,0,0
5/6/2022 3:00,0,0,0
5/6/2022 4:00,0,0,0
5/6/2022 5:00,0,0,0
5/6/2022 6:00,0,0,0
5/6/2022 7:00,5,5,0
5/6/2022 8:00,4,3,1
5/6/2022 9:00,1,1,0
5/6/2022 10:00,3,1,2
5/6/2022 11:00,6,6,0
5/6/2022 12:00,0,0,0
5/6/2022 13:00,1,0,1
5/6/2022 14:00,2,1,1
5/6/2022 15:00,7,2,5
5/6/2022 16:00,7,5,2
5/6/2022 17:00,6,5,1
5/6/2022 18:00,5,5,0
5/6/2022 19:00,3,2,1
5/6/2022 20:00,2,2,0
5/6/2022 21:00,2,2,0
5/6/2022 22:00,0,0,0
5/6/2022 23:00,0,0,0
5/7/2022 0:00,1,0,1
5/7/2022 1:00,0,0,0
5/7/2022 2:00,3,0,3
5/7/2022 3:00,0,0,0
5/7/2022 4:00,0,0,0
5/7/2022 5:00,1,0,1
5/7/2022 6:00,1,0,1
5/7/2022 7:00,1,0,1
5/7/2022 8:00,1,0,1
5/7/2022 9:00,3,0,3
5/7/2022 10:00,5,3,2
5/7/2022 11:00,9,5,4
5/7/2022 12:00,11,9,2
5/7/2022 13:00,9,8,1
5/7/2022 14:00,6,3,3
5/7/2022 15:00,5,4,1
5/7/2022 16:00,8,8,0
5/7/2022 17:00,7,7,0
5/7/2022 18:00,4,3,1
5/7/2022 19:00,4,3,1
5/7/2022 20:00,3,2,1
5/7/2022 21:00,1,1,0
5/7/2022 22:00,2,1,1
5/7/2022 23:00,1,1,0
5/8/2022 0:00,0,0,0
5/8/2022 1:00,0,0,0
5/8/2022 2:00,0,0,0
5/8/2022 3:00,0,0,0
5/8/2022 4:00,0,0,0
5/8/2022 5:00,0,0,0
5/8/2022 6:00,1,0,1
5/8/2022 7:00,0,0,0
5/8/2022 8:00,6,4,2
5/8/2022 9:00,3,2,1
5/8/2022 10:00,9,7,2
5/8/2022 11:00,13,9,4
5/8/2022 12:00,7,5,2
5/8/2022 13:00,12,5,7
5/8/2022 14:00,14,9,5
5/8/2022 15:00,26,24,2
5/8/2022 16:00,20,15,5
5/8/2022 17:00,14,7,7
5/8/2022 18:00,9,9,0
5/8/2022 19:00,3,3,0
5/8/2022 20:00,4,4,0
5/8/2022 21:00,1,1,0
5/8/2022 22:00,0,0,0
5/8/2022 23:00,0,0,0
5/9/2022 0:00,1,1,0
5/9/2022 1:00,0,0,0
5/9/2022 2:00,0,0,0
5/9/2022 3:00,0,0,0
5/9/2022 4:00,0,0,0
5/9/2022 5:00,0,0,0
5/9/2022 6:00,1,1,0
5/9/2022 7:00,3,3,0
5/9/2022 8:00,4,4,0
5/9/2022 9:00,5,5,0
5/9/2022 10:00,4,3,1
5/9/2022 11:00,7,5,2
5/9/2022 12:00,7,6,1
5/9/2022 13:00,1,1,0
5/9/2022 14:00,2,2,0
5/9/2022 15:00,10,6,4
5/9/2022 16:00,10,6,4
5/9/2022 17:00,6,4,2
5/9/2022 18:00,5,1,4
5/9/2022 19:00,5,1,4
5/9/2022 20:00,2,2,0
5/9/2022 21:00,1,1,0
5/9/2022 22:00,1,1,0
5/9/2022 23:00,0,0,0
5/10/2022 0:00,0,0,0
5/10/2022 1:00,0,0,0
5/10/2022 2:00,0,0,0
5/10/2022 3:00,0,0,0
5/10/2022 4:00,0,0,0
5/10/2022 5:00,0,0,0
5/10/2022 6:00,2,1,1
5/10/2022 7:00,4,4,0
5/10/2022 8:00,5,5,0
5/10/2022 9:00,4,3,1
5/10/2022 10:00,1,1,0
5/10/2022 11:00,5,2,3
5/10/2022 12:00,2,2,0
5/10/2022 13:00,2,1,1
5/10/2022 14:00,5,2,3
5/10/2022 15:00,5,3,2
5/10/2022 16:00,13,6,7
5/10/2022 17:00,9,8,1
5/10/2022 18:00,11,10,1
5/10/2022 19:00,9,6,3
5/10/2022 20:00,3,3,0
5/10/2022 21:00,2,2,0
5/10/2022 22:00,0,0,0
5/10/2022 23:00,0,0,0
5/11/2022 0:00,0,0,0
5/11/2022 1:00,0,0,0
5/11/2022 2:00,0,0,0
5/11/2022 3:00,0,0,0
5/11/2022 4:00,0,0,0
5/11/2022 5:00,0,0,0
5/11/2022 6:00,0,0,0
5/11/2022 7:00,4,4,0
5/11/2022 8:00,8,7,1
5/11/2022 9:00,3,1,2
5/11/2022 10:00,0,0,0
5/11/2022 11:00,6,4,2
5/11/2022 12:00,6,5,1
5/11/2022 13:00,2,2,0
5/11/2022 14:00,7,4,3
5/11/2022 15:00,5,2,3
5/11/2022 16:00,13,7,6
5/11/2022 17:00,19,13,6
5/11/2022 18:00,14,11,3
5/11/2022 19:00,4,4,0
5/11/2022 20:00,2,2,0
5/11/2022 21:00,3,1,2
5/11/2022 22:00,0,0,0
5/11/2022 23:00,0,0,0
5/12/2022 0:00,0,0,0
5/12/2022 1:00,0,0,0
5/12/2022 2:00,0,0,0
5/12/2022 3:00,0,0,0
5/12/2022 4:00,0,0,0
5/12/2022 5:00,1,0,1
5/12/2022 6:00,0,0,0
5/12/2022 7:00,3,3,0
5/12/2022 8:00,3,2,1
5/12/2022 9:00,1,1,0
5/12/2022 10:00,0,0,0
5/12/2022 11:00,3,2,1
5/12/2022 12:00,3,3,0
5/12/2022 13:00,1,1,0
5/12/2022 14:00,3,2,1
5/12/2022 15:00,4,1,3
5/12/2022 16:00,5,3,2
5/12/2022 17:00,7,5,2
5/12/2022 18:00,5,3,2
5/12/2022 19:00,4,3,1
5/12/2022 20:00,4,1,3
5/12/2022 21:00,4,3,1
5/12/2022 22:00,0,0,0
5/12/2022 23:00,1,1,0
5/13/2022 0:00,0,0,0
5/13/2022 1:00,1,1,0
5/13/2022 2:00,0,0,0
5/13/2022 3:00,2,2,0
5/13/2022 4:00,0,0,0
5/13/2022 5:00,0,0,0
5/13/2022 6:00,0,0,0
5/13/2022 7:00,6,4,2
5/13/2022 8:00,10,9,1
5/13/2022 9:00,1,1,0
5/13/2022 10:00,3,3,0
5/13/2022 11:00,3,2,1
5/13/2022 12:00,7,4,3
5/13/2022 13:00,6,4,2
5/13/2022 14:00,4,2,2
5/13/2022 15:00,9,4,5
5/13/2022 16:00,12,10,2
5/13/2022 17:00,10,5,5
5/13/2022 18:00,9,7,2
5/13/2022 19:00,4,4,0
5/13/2022 20:00,1,1,0
5/13/2022 21:00,1,1,0
5/13/2022 22:00,0,0,0
5/13/2022 23:00,2,2,0
5/14/2022 0:00,0,0,0
5/14/2022 1:00,1,1,0
5/14/2022 2:00,0,0,0
5/14/2022 3:00,0,0,0
5/14/2022 4:00,0,0,0
5/14/2022 5:00,0,0,0
5/14/2022 6:00,0,0,0
5/14/2022 7:00,0,0,0
5/14/2022 8:00,1,0,1
5/14/2022 9:00,2,1,1
5/14/2022 10:00,4,4,0
5/14/2022 11:00,5,5,0
5/14/2022 12:00,9,5,4
5/14/2022 13:00,2,1,1
5/14/2022 14:00,9,8,1
5/14/2022 15:00,16,9,7
5/14/2022 16:00,11,7,4
5/14/2022 17:00,7,1,6
5/14/2022 18:00,17,12,5
5/14/2022 19:00,13,9,4
5/14/2022 20:00,2,2,0
5/14/2022 21:00,0,0,0
5/14/2022 22:00,1,1,0
5/14/2022 23:00,1,1,0
5/15/2022 0:00,0,0,0
5/15/2022 1:00,0,0,0
5/15/2022 2:00,1,1,0
5/15/2022 3:00,0,0,0
5/15/2022 4:00,1,1,0
5/15/2022 5:00,0,0,0
5/15/2022 6:00,1,1,0
5/15/2022 7:00,0,0,0
5/15/2022 8:00,1,1,0
5/15/2022 9:00,2,1,1
5/15/2022 10:00,2,1,1
5/15/2022 11:00,3,0,3
5/15/2022 12:00,10,3,7
5/15/2022 13:00,2,1,1
5/15/2022 14:00,5,4,1
5/15/2022 15:00,4,2,2
5/15/2022 16:00,4,1,3
5/15/2022 17:00,4,0,4
5/15/2022 18:00,1,1,0
5/15/2022 19:00,1,0,1
5/15/2022 20:00,3,1,2
5/15/2022 21:00,3,0,3
5/15/2022 22:00,4,1,3
5/15/2022 23:00,1,0,1
5/16/2022 0:00,0,0,0
5/16/2022 1:00,0,0,0
5/16/2022 2:00,1,0,1
5/16/2022 3:00,1,0,1
5/16/2022 4:00,0,0,0
5/16/2022 5:00,1,0,1
5/16/2022 6:00,2,0,2
5/16/2022 7:00,2,2,0
5/16/2022 8:00,7,1,6
5/16/2022 9:00,5,0,5
5/16/2022 10:00,3,0,3
5/16/2022 11:00,5,0,5
5/16/2022 12:00,5,2,3
5/16/2022 13:00,4,2,2
5/16/2022 14:00,6,4,2
5/16/2022 15:00,5,2,3
5/16/2022 16:00,5,4,1
5/16/2022 17:00,14,3,11
5/16/2022 18:00,22,15,7
5/16/2022 19:00,11,11,0
5/16/2022 20:00,4,3,1
5/16/2022 21:00,1,1,0
5/16/2022 22:00,1,1,0
5/16/2022 23:00,1,0,1
5/17/2022 0:00,1,0,1
5/17/2022 1:00,1,1,0
5/17/2022 2:00,1,1,0
5/17/2022 3:00,0,0,0
5/17/2022 4:00,0,0,0
5/17/2022 5:00,1,1,0
5/17/2022 6:00,2,1,1
5/17/2022 7:00,3,3,0
5/17/2022 8:00,9,5,4
5/17/2022 9:00,2,2,0
5/17/2022 10:00,3,2,1
5/17/2022 11:00,6,4,2
5/17/2022 12:00,3,2,1
5/17/2022 13:00,5,3,2
5/17/2022 14:00,7,4,3
5/17/2022 15:00,8,6,2
5/17/2022 16:00,15,8,7
5/17/2022 17:00,13,9,4
5/17/2022 18:00,25,8,17
5/17/2022 19:00,22,11,11
5/17/2022 20:00,5,5,0
5/17/2022 21:00,5,5,0
5/17/2022 22:00,3,3,0
5/17/2022 23:00,2,2,0
5/18/2022 0:00,0,0,0
5/18/2022 1:00,0,0,0
5/18/2022 2:00,1,1,0
5/18/2022 3:00,0,0,0
5/18/2022 4:00,1,0,1
5/18/2022 5:00,1,0,1
5/18/2022 6:00,0,0,0
5/18/2022 7:00,2,2,0
5/18/2022 8:00,3,1,2
5/18/2022 9:00,3,3,0
5/18/2022 10:00,6,4,2
5/18/2022 11:00,0,0,0
5/18/2022 12:00,2,2,0
5/18/2022 13:00,7,3,4
5/18/2022 14:00,5,4,1
5/18/2022 15:00,5,5,0
5/18/2022 16:00,12,8,4
5/18/2022 17:00,11,5,6
5/18/2022 18:00,5,1,4
5/18/2022 19:00,5,3,2
5/18/2022 20:00,3,2,1
5/18/2022 21:00,7,4,3
5/18/2022 22:00,1,0,1
5/18/2022 23:00,0,0,0
5/19/2022 0:00,1,1,0
5/19/2022 1:00,1,1,0
5/19/2022 2:00,0,0,0
5/19/2022 3:00,0,0,0
5/19/2022 4:00,0,0,0
5/19/2022 5:00,3,1,2
5/19/2022 6:00,2,1,1
5/19/2022 7:00,9,7,2
5/19/2022 8:00,13,7,6
5/19/2022 9:00,0,0,0
5/19/2022 10:00,3,3,0
5/19/2022 11:00,8,4,4
5/19/2022 12:00,8,6,2
5/19/2022 13:00,10,8,2
5/19/2022 14:00,6,6,0
5/19/2022 15:00,8,5,3
5/19/2022 16:00,18,12,6
5/19/2022 17:00,10,7,3
5/19/2022 18:00,15,13,2
5/19/2022 19:00,5,3,2
5/19/2022 20:00,4,4,0
5/19/2022 21:00,4,4,0
5/19/2022 22:00,1,0,1
5/19/2022 23:00,0,0,0
5/20/2022 0:00,0,0,0
5/20/2022 1:00,0,0,0
5/20/2022 2:00,0,0,0
5/20/2022 3:00,0,0,0
5/20/2022 4:00,0,0,0
5/20/2022 5:00,0,0,0
5/20/2022 6:00,3,1,2
5/20/2022 7:00,3,2,1
5/20/2022 8:00,22,15,7
5/20/2022 9:00,4,2,2
5/20/2022 10:00,4,4,0
5/20/2022 11:00,4,3,1
5/20/2022 12:00,7,1,6
5/20/2022 13:00,11,10,1
5/20/2022 14:00,6,5,1
5/20/2022 15:00,11,9,2
5/20/2022 16:00,13,9,4
5/20/2022 17:00,22,5,17
5/20/2022 18:00,14,12,2
5/20/2022 19:00,12,10,2
5/20/2022 20:00,11,8,3
5/20/2022 21:00,4,3,1
5/20/2022 22:00,1,1,0
5/20/2022 23:00,1,1,0
5/21/2022 0:00,1,1,0
5/21/2022 1:00,0,0,0
5/21/2022 2:00,0,0,0
5/21/2022 3:00,0,0,0
5/21/2022 4:00,0,0,0
5/21/2022 5:00,1,0,1
5/21/2022 6:00,1,0,1
5/21/2022 7:00,0,0,0
5/21/2022 8:00,3,3,0
5/21/2022 9:00,6,3,3
5/21/2022 10:00,4,2,2
5/21/2022 11:00,14,11,3
5/21/2022 12:00,11,6,5
5/21/2022 13:00,13,10,3
5/21/2022 14:00,10,7,3
5/21/2022 15:00,10,8,2
5/21/2022 16:00,25,18,7
5/21/2022 17:00,5,5,0
5/21/2022 18:00,5,4,1
5/21/2022 19:00,11,7,4
5/21/2022 20:00,6,5,1
5/21/2022 21:00,3,3,0
5/21/2022 22:00,3,2,1
5/21/2022 23:00,0,0,0
5/22/2022 0:00,0,0,0
5/22/2022 1:00,0,0,0
5/22/2022 2:00,1,0,1
5/22/2022 3:00,0,0,0
5/22/2022 4:00,1,1,0
5/22/2022 5:00,0,0,0
5/22/2022 6:00,0,0,0
5/22/2022 7:00,0,0,0
5/22/2022 8:00,1,1,0
5/22/2022 9:00,9,5,4
5/22/2022 10:00,3,1,2
5/22/2022 11:00,17,6,11
5/22/2022 12:00,33,24,9
5/22/2022 13:00,19,13,6
5/22/2022 14:00,17,11,6
5/22/2022 15:00,20,13,7
5/22/2022 16:00,21,16,5
5/22/2022 17:00,8,5,3
5/22/2022 18:00,11,6,5
5/22/2022 19:00,16,10,6
5/22/2022 20:00,6,0,6
5/22/2022 21:00,1,0,1
5/22/2022 22:00,1,1,0
5/22/2022 23:00,1,0,1
5/23/2022 0:00,2,0,2
5/23/2022 1:00,0,0,0
5/23/2022 2:00,1,1,0
5/23/2022 3:00,0,0,0
5/23/2022 4:00,0,0,0
5/23/2022 5:00,1,0,1
5/23/2022 6:00,0,0,0
5/23/2022 7:00,5,4,1
5/23/2022 8:00,3,3,0
5/23/2022 9:00,6,2,4
5/23/2022 10:00,3,3,0
5/23/2022 11:00,5,2,3
5/23/2022 12:00,3,2,1
5/23/2022 13:00,4,3,1
5/23/2022 14:00,10,6,4
5/23/2022 15:00,6,3,3
5/23/2022 16:00,4,3,1
5/23/2022 17:00,18,12,6
5/23/2022 18:00,15,5,10
5/23/2022 19:00,8,3,5
5/23/2022 20:00,7,2,5
5/23/2022 21:00,4,1,3
5/23/2022 22:00,3,1,2
5/23/2022 23:00,1,0,1
5/24/2022 0:00,0,0,0
5/24/2022 1:00,0,0,0
5/24/2022 2:00,2,1,1
5/24/2022 3:00,0,0,0
5/24/2022 4:00,0,0,0
5/24/2022 5:00,1,0,1
5/24/2022 6:00,2,2,0
5/24/2022 7:00,4,4,0
5/24/2022 8:00,5,5,0
5/24/2022 9:00,6,4,2
5/24/2022 10:00,4,4,0
5/24/2022 11:00,6,3,3
5/24/2022 12:00,4,3,1
5/24/2022 13:00,3,3,0
5/24/2022 14:00,3,2,1
5/24/2022 15:00,1,1,0
5/24/2022 16:00,10,4,6
5/24/2022 17:00,15,7,8
5/24/2022 18:00,12,6,6
5/24/2022 19:00,5,4,1
5/24/2022 20:00,4,3,1
5/24/2022 21:00,2,1,1
5/24/2022 22:00,2,2,0
5/24/2022 23:00,0,0,0
5/25/2022 0:00,1,1,0
5/25/2022 1:00,0,0,0
5/25/2022 2:00,0,0,0
5/25/2022 3:00,0,0,0
5/25/2022 4:00,0,0,0
5/25/2022 5:00,1,0,1
5/25/2022 6:00,0,0,0
5/25/2022 7:00,3,3,0
5/25/2022 8:00,9,6,3
5/25/2022 9:00,4,3,1
5/25/2022 10:00,4,3,1
5/25/2022 11:00,8,6,2
5/25/2022 12:00,3,2,1
5/25/2022 13:00,4,2,2
5/25/2022 14:00,7,5,2
5/25/2022 15:00,8,7,1
5/25/2022 16:00,14,8,6
5/25/2022 17:00,15,8,7
5/25/2022 18:00,15,6,9
5/25/2022 19:00,6,3,3
5/25/2022 20:00,3,0,3
5/25/2022 21:00,3,1,2
5/25/2022 22:00,1,0,1
5/25/2022 23:00,1,1,0
5/26/2022 0:00,0,0,0
5/26/2022 1:00,1,1,0
5/26/2022 2:00,1,1,0
5/26/2022 3:00,0,0,0
5/26/2022 4:00,0,0,0
5/26/2022 5:00,1,1,0
5/26/2022 6:00,1,1,0
5/26/2022 7:00,3,2,1
5/26/2022 8:00,6,5,1
5/26/2022 9:00,6,3,3
5/26/2022 10:00,7,5,2
5/26/2022 11:00,9,6,3
5/26/2022 12:00,2,2,0
5/26/2022 13:00,16,9,7
5/26/2022 14:00,4,0,4
5/26/2022 15:00,3,1,2
5/26/2022 16:00,4,2,2
5/26/2022 17:00,14,9,5
5/26/2022 18:00,9,6,3
5/26/2022 19:00,5,2,3
5/26/2022 20:00,9,5,4
5/26/2022 21:00,3,3,0
5/26/2022 22:00,2,0,2
5/26/2022 23:00,2,1,1
5/27/2022 0:00,0,0,0
5/27/2022 1:00,0,0,0
5/27/2022 2:00,1,0,1
5/27/2022 3:00,0,0,0
5/27/2022 4:00,0,0,0
5/27/2022 5:00,0,0,0
5/27/2022 6:00,0,0,0
5/27/2022 7:00,3,3,0
5/27/2022 8:00,2,2,0
5/27/2022 9:00,4,1,3
5/27/2022 10:00,4,4,0
5/27/2022 11:00,11,7,4
5/27/2022 12:00,4,4,0
5/27/2022 13:00,8,5,3
5/27/2022 14:00,5,4,1
5/27/2022 15:00,10,6,4
5/27/2022 16:00,17,11,6
5/27/2022 17:00,14,8,6
5/27/2022 18:00,13,4,9
5/27/2022 19:00,13,8,5
5/27/2022 20:00,9,4,5
5/27/2022 21:00,3,2,1
5/27/2022 22:00,3,2,1
5/27/2022 23:00,2,1,1
5/28/2022 0:00,3,2,1
5/28/2022 1:00,3,2,1
5/28/2022 2:00,1,0,1
5/28/2022 3:00,0,0,0
5/28/2022 4:00,0,0,0
5/28/2022 5:00,0,0,0
5/28/2022 6:00,1,1,0
5/28/2022 7:00,1,1,0
5/28/2022 8:00,0,0,0
5/28/2022 9:00,1,1,0
5/28/2022 10:00,4,2,2
5/28/2022 11:00,5,4,1
5/28/2022 12:00,4,3,1
5/28/2022 13:00,12,7,5
5/28/2022 14:00,6,4,2
5/28/2022 15:00,10,5,5
5/28/2022 16:00,7,4,3
5/28/2022 17:00,5,3,2
5/28/2022 18:00,9,4,5
5/28/2022 19:00,4,4,0
5/28/2022 20:00,2,1,1
5/28/2022 21:00,1,0,1
5/28/2022 22:00,4,3,1
5/28/2022 23:00,0,0,0
5/29/2022 0:00,1,1,0
5/29/2022 1:00,2,2,0
5/29/2022 2:00,0,0,0
5/29/2022 3:00,1,1,0
5/29/2022 4:00,0,0,0
5/29/2022 5:00,0,0,0
5/29/2022 6:00,0,0,0
5/29/2022 7:00,0,0,0
5/29/2022 8:00,0,0,0
5/29/2022 9:00,0,0,0
5/29/2022 10:00,9,4,5
5/29/2022 11:00,5,4,1
5/29/2022 12:00,13,8,5
5/29/2022 13:00,12,9,3
5/29/2022 14:00,0,0,0
5/29/2022 15:00,2,2,0
5/29/2022 16:00,0,0,0
5/29/2022 17:00,2,2,0
5/29/2022 18:00,1,1,0
5/29/2022 19:00,1,1,0
5/29/2022 20:00,1,1,0
5/29/2022 21:00,1,0,1
5/29/2022 22:00,0,0,0
5/29/2022 23:00,0,0,0
5/30/2022 0:00,0,0,0
5/30/2022 1:00,1,0,1
5/30/2022 2:00,0,0,0
5/30/2022 3:00,0,0,0
5/30/2022 4:00,0,0,0
5/30/2022 5:00,0,0,0
5/30/2022 6:00,1,1,0
5/30/2022 7:00,0,0,0
5/30/2022 8:00,2,2,0
5/30/2022 9:00,5,2,3
5/30/2022 10:00,7,6,1
5/30/2022 11:00,8,7,1
5/30/2022 12:00,8,6,2
5/30/2022 13:00,6,3,3
5/30/2022 14:00,5,1,4
5/30/2022 15:00,11,9,2
5/30/2022 16:00,10,7,3
5/30/2022 17:00,10,7,3
5/30/2022 18:00,10,10,0
5/30/2022 19:00,3,2,1
5/30/2022 20:00,6,2,4
5/30/2022 21:00,4,4,0
5/30/2022 22:00,0,0,0
5/30/2022 23:00,1,0,1
5/31/2022 0:00,0,0,0
5/31/2022 1:00,0,0,0
5/31/2022 2:00,0,0,0
5/31/2022 3:00,1,1,0
5/31/2022 4:00,0,0,0
5/31/2022 5:00,0,0,0
5/31/2022 6:00,2,1,1
5/31/2022 7:00,3,3,0
5/31/2022 8:00,4,4,0
5/31/2022 9:00,6,3,3
5/31/2022 10:00,7,4,3
5/31/2022 11:00,5,3,2
5/31/2022 12:00,8,3,5
5/31/2022 13:00,7,5,2
5/31/2022 14:00,2,1,1
5/31/2022 15:00,3,3,0
5/31/2022 16:00,10,4,6
5/31/2022 17:00,10,5,5
5/31/2022 18:00,3,0,3
5/31/2022 19:00,2,1,1
5/31/2022 20:00,3,0,3
5/31/2022 21:00,2,0,2
5/31/2022 22:00,0,0,0
5/31/2022 23:00,0,0,0
6/1/2022 0:00,0,0,0
6/1/2022 1:00,0,0,0
6/1/2022 2:00,0,0,0
6/1/2022 3:00,0,0,0
6/1/2022 4:00,0,0,0
6/1/2022 5:00,0,0,0
6/1/2022 6:00,0,0,0
6/1/2022 7:00,0,0,0
6/1/2022 8:00,1,0,1
6/1/2022 9:00,1,0,1
6/1/2022 10:00,0,0,0
6/1/2022 11:00,2,0,2
6/1/2022 12:00,3,0,3
6/1/2022 13:00,2,0,2
6/1/2022 14:00,2,1,1
6/1/2022 15:00,2,0,2
6/1/2022 16:00,7,0,7
6/1/2022 17:00,5,0,5
6/1/2022 18:00,3,0,3
6/1/2022 19:00,1,0,1
6/1/2022 20:00,0,0,0
6/1/2022 21:00,0,0,0
6/1/2022 22:00,0,0,0
6/1/2022 23:00,2,2,0
6/2/2022 0:00,0,0,0
6/2/2022 1:00,0,0,0
6/2/2022 2:00,0,0,0
6/2/2022 3:00,0,0,0
6/2/2022 4:00,0,0,0
6/2/2022 5:00,1,0,1
6/2/2022 6:00,0,0,0
6/2/2022 7:00,1,0,1
6/2/2022 8:00,1,0,1
6/2/2022 9:00,4,0,4
6/2/2022 10:00,0,0,0
6/2/2022 11:00,1,0,1
6/2/2022 12:00,1,0,1
6/2/2022 13:00,4,0,4
6/2/2022 14:00,0,0,0
6/2/2022 15:00,2,0,2
6/2/2022 16:00,3,0,3
6/2/2022 17:00,1,0,1
6/2/2022 18:00,2,1,1
6/2/2022 19:00,2,0,2
6/2/2022 20:00,1,0,1
6/2/2022 21:00,1,0,1
6/2/2022 22:00,4,0,4
6/2/2022 23:00,0,0,0
6/3/2022 0:00,0,0,0
6/3/2022 1:00,0,0,0
6/3/2022 2:00,0,0,0
6/3/2022 3:00,0,0,0
6/3/2022 4:00,0,0,0
6/3/2022 5:00,0,0,0
6/3/2022 6:00,0,0,0
6/3/2022 7:00,3,0,3
6/3/2022 8:00,3,0,3
6/3/2022 9:00,1,0,1
6/3/2022 10:00,0,0,0
6/3/2022 11:00,0,0,0
6/3/2022 12:00,5,0,5
6/3/2022 13:00,0,0,0
6/3/2022 14:00,4,1,3
6/3/2022 15:00,1,0,1
6/3/2022 16:00,2,0,2
6/3/2022 17:00,2,0,2
6/3/2022 18:00,2,1,1
6/3/2022 19:00,1,0,1
6/3/2022 20:00,2,0,2
6/3/2022 21:00,0,0,0
6/3/2022 22:00,3,0,3
6/3/2022 23:00,1,0,1
6/4/2022 0:00,3,0,3
6/4/2022 1:00,0,0,0
6/4/2022 2:00,0,0,0
6/4/2022 3:00,0,0,0
6/4/2022 4:00,0,0,0
6/4/2022 5:00,0,0,0
6/4/2022 6:00,0,0,0
6/4/2022 7:00,1,0,1
6/4/2022 8:00,0,0,0
6/4/2022 9:00,1,0,1
6/4/2022 10:00,2,0,2
6/4/2022 11:00,4,1,3
6/4/2022 12:00,3,0,3
6/4/2022 13:00,1,0,1
6/4/2022 14:00,2,0,2
6/4/2022 15:00,0,0,0
6/4/2022 16:00,4,0,4
6/4/2022 17:00,0,0,0
6/4/2022 18:00,1,0,1
6/4/2022 19:00,1,0,1
6/4/2022 20:00,1,0,1
6/4/2022 21:00,1,0,1
6/4/2022 22:00,1,0,1
6/4/2022 23:00,4,3,1
6/5/2022 0:00,1,0,1
6/5/2022 1:00,0,0,0
6/5/2022 2:00,0,0,0
6/5/2022 3:00,0,0,0
6/5/2022 4:00,0,0,0
6/5/2022 5:00,0,0,0
6/5/2022 6:00,1,1,0
6/5/2022 7:00,0,0,0
6/5/2022 8:00,0,0,0
6/5/2022 9:00,1,0,1
6/5/2022 10:00,1,0,1
6/5/2022 11:00,9,0,9
6/5/2022 12:00,15,1,14
6/5/2022 13:00,11,5,6
6/5/2022 14:00,7,0,7
6/5/2022 15:00,4,1,3
6/5/2022 16:00,8,5,3
6/5/2022 17:00,7,0,7
6/5/2022 18:00,1,0,1
6/5/2022 19:00,2,0,2
6/5/2022 20:00,0,0,0
6/5/2022 21:00,1,0,1
6/5/2022 22:00,0,0,0
6/5/2022 23:00,0,0,0
6/6/2022 0:00,0,0,0
6/6/2022 1:00,0,0,0
6/6/2022 2:00,0,0,0
6/6/2022 3:00,0,0,0
6/6/2022 4:00,0,0,0
6/6/2022 5:00,0,0,0
6/6/2022 6:00,1,0,1
6/6/2022 7:00,2,0,2
6/6/2022 8:00,7,0,7
6/6/2022 9:00,5,0,5
6/6/2022 10:00,6,0,6
6/6/2022 11:00,4,0,4
6/6/2022 12:00,10,4,6
6/6/2022 13:00,11,0,11
6/6/2022 14:00,9,4,5
6/6/2022 15:00,2,0,2
6/6/2022 16:00,7,1,6
6/6/2022 17:00,9,1,8
6/6/2022 18:00,4,1,3
6/6/2022 19:00,2,1,1
6/6/2022 20:00,1,0,1
6/6/2022 21:00,4,1,3
6/6/2022 22:00,0,0,0
6/6/2022 23:00,1,0,1
6/7/2022 0:00,1,0,1
6/7/2022 1:00,1,0,1
6/7/2022 2:00,0,0,0
6/7/2022 3:00,0,0,0
6/7/2022 4:00,0,0,0
6/7/2022 5:00,0,0,0
6/7/2022 6:00,2,0,2
6/7/2022 7:00,0,0,0
6/7/2022 8:00,6,1,5
6/7/2022 9:00,2,0,2
6/7/2022 10:00,12,3,9
6/7/2022 11:00,7,5,2
6/7/2022 12:00,2,0,2
6/7/2022 13:00,1,0,1
6/7/2022 14:00,1,0,1
6/7/2022 15:00,2,0,2
6/7/2022 16:00,1,0,1
6/7/2022 17:00,0,0,0
6/7/2022 18:00,2,0,2
6/7/2022 19:00,0,0,0
6/7/2022 20:00,2,0,2
6/7/2022 21:00,0,0,0
6/7/2022 22:00,0,0,0
6/7/2022 23:00,0,0,0
6/8/2022 0:00,0,0,0
6/8/2022 1:00,0,0,0
6/8/2022 2:00,0,0,0
6/8/2022 3:00,0,0,0
6/8/2022 4:00,0,0,0
6/8/2022 5:00,0,0,0
6/8/2022 6:00,0,0,0
6/8/2022 7:00,0,0,0
6/8/2022 8:00,0,0,0
6/8/2022 9:00,1,0,1
6/8/2022 10:00,2,0,2
6/8/2022 11:00,1,0,1
6/8/2022 12:00,2,0,2
6/8/2022 13:00,3,0,3
6/8/2022 14:00,4,0,4
6/8/2022 15:00,4,0,4
6/8/2022 16:00,0,0,0
6/8/2022 17:00,3,2,1
6/8/2022 18:00,5,2,3
6/8/2022 19:00,2,1,1
6/8/2022 20:00,1,1,0
6/8/2022 21:00,1,0,1
6/8/2022 22:00,0,0,0
6/8/2022 23:00,0,0,0
6/9/2022 0:00,0,0,0
6/9/2022 1:00,0,0,0
6/9/2022 2:00,0,0,0
6/9/2022 3:00,0,0,0
6/9/2022 4:00,0,0,0
6/9/2022 5:00,0,0,0
6/9/2022 6:00,0,0,0
6/9/2022 7:00,0,0,0
6/9/2022 8:00,1,1,0
6/9/2022 9:00,4,0,4
6/9/2022 10:00,1,0,1
6/9/2022 11:00,3,1,2
6/9/2022 12:00,3,0,3
6/9/2022 13:00,5,0,5
6/9/2022 14:00,2,0,2
6/9/2022 15:00,4,0,4
6/9/2022 16:00,0,0,0
6/9/2022 17:00,0,0,0
6/9/2022 18:00,0,0,0
6/9/2022 19:00,1,0,1
6/9/2022 20:00,0,0,0
6/9/2022 21:00,0,0,0
6/9/2022 22:00,0,0,0
6/9/2022 23:00,0,0,0
6/10/2022 0:00,1,0,1
6/10/2022 1:00,0,0,0
6/10/2022 2:00,0,0,0
6/10/2022 3:00,0,0,0
6/10/2022 4:00,0,0,0
6/10/2022 5:00,0,0,0
6/10/2022 6:00,0,0,0
6/10/2022 7:00,4,0,4
6/10/2022 8:00,5,0,5
6/10/2022 9:00,4,0,4
6/10/2022 10:00,1,0,1
6/10/2022 11:00,11,1,10
6/10/2022 12:00,3,0,3
6/10/2022 13:00,2,1,1
6/10/2022 14:00,1,0,1
6/10/2022 15:00,2,0,2
6/10/2022 16:00,2,0,2
6/10/2022 17:00,0,0,0
6/10/2022 18:00,1,0,1
6/10/2022 19:00,1,0,1
6/10/2022 20:00,0,0,0
6/10/2022 21:00,2,0,2
6/10/2022 22:00,0,0,0
6/10/2022 23:00,0,0,0
6/11/2022 0:00,0,0,0
6/11/2022 1:00,0,0,0
6/11/2022 2:00,0,0,0
6/11/2022 3:00,0,0,0
6/11/2022 4:00,0,0,0
6/11/2022 5:00,0,0,0
6/11/2022 6:00,0,0,0
6/11/2022 7:00,0,0,0
6/11/2022 8:00,0,0,0
6/11/2022 9:00,0,0,0
6/11/2022 10:00,1,0,1
6/11/2022 11:00,2,0,2
6/11/2022 12:00,4,1,3
6/11/2022 13:00,2,0,2
6/11/2022 14:00,2,0,2
6/11/2022 15:00,1,0,1
6/11/2022 16:00,4,0,4
6/11/2022 17:00,2,0,2
6/11/2022 18:00,2,0,2
6/11/2022 19:00,5,0,5
6/11/2022 20:00,0,0,0
6/11/2022 21:00,0,0,0
6/11/2022 22:00,1,0,1
6/11/2022 23:00,1,0,1
6/12/2022 0:00,0,0,0
6/12/2022 1:00,0,0,0
6/12/2022 2:00,1,0,1
6/12/2022 3:00,0,0,0
6/12/2022 4:00,0,0,0
6/12/2022 5:00,0,0,0
6/12/2022 6:00,0,0,0
6/12/2022 7:00,0,0,0
6/12/2022 8:00,2,0,2
6/12/2022 9:00,2,0,2
6/12/2022 10:00,5,1,4
6/12/2022 11:00,7,2,5
6/12/2022 12:00,14,0,14
6/12/2022 13:00,7,0,7
6/12/2022 14:00,6,0,6
6/12/2022 15:00,1,0,1
6/12/2022 16:00,3,1,2
6/12/2022 17:00,3,0,3
6/12/2022 18:00,2,0,2
6/12/2022 19:00,1,0,1
6/12/2022 20:00,3,0,3
6/12/2022 21:00,1,0,1
6/12/2022 22:00,1,0,1
6/12/2022 23:00,2,1,1
6/13/2022 0:00,0,0,0
6/13/2022 1:00,0,0,0
6/13/2022 2:00,0,0,0
6/13/2022 3:00,0,0,0
6/13/2022 4:00,0,0,0
6/13/2022 5:00,0,0,0
6/13/2022 6:00,1,1,0
6/13/2022 7:00,0,0,0
6/13/2022 8:00,2,0,2
6/13/2022 9:00,5,1,4
6/13/2022 10:00,1,0,1
6/13/2022 11:00,0,0,0
6/13/2022 12:00,1,0,1
6/13/2022 13:00,0,0,0
6/13/2022 14:00,0,0,0
6/13/2022 15:00,2,0,2
6/13/2022 16:00,3,0,3
6/13/2022 17:00,2,0,2
6/13/2022 18:00,1,0,1
6/13/2022 19:00,2,0,2
6/13/2022 20:00,2,0,2
6/13/2022 21:00,2,0,2
6/13/2022 22:00,1,0,1
6/13/2022 23:00,1,0,1
6/14/2022 0:00,0,0,0
6/14/2022 1:00,0,0,0
6/14/2022 2:00,0,0,0
6/14/2022 3:00,0,0,0
6/14/2022 4:00,0,0,0
6/14/2022 5:00,0,0,0
6/14/2022 6:00,2,0,2
6/14/2022 7:00,3,0,3
6/14/2022 8:00,5,2,3
6/14/2022 9:00,4,3,1
6/14/2022 10:00,2,0,2
6/14/2022 11:00,3,0,3
6/14/2022 12:00,4,0,4
6/14/2022 13:00,4,1,3
6/14/2022 14:00,4,0,4
6/14/2022 15:00,6,0,6
6/14/2022 16:00,5,0,5
6/14/2022 17:00,6,0,6
6/14/2022 18:00,8,1,7
6/14/2022 19:00,0,0,0
6/14/2022 20:00,0,0,0
6/14/2022 21:00,2,0,2
6/14/2022 22:00,3,1,2
6/14/2022 23:00,0,0,0
6/15/2022 0:00,0,0,0
6/15/2022 1:00,0,0,0
6/15/2022 2:00,0,0,0
6/15/2022 3:00,0,0,0
6/15/2022 4:00,0,0,0
6/15/2022 5:00,0,0,0
6/15/2022 6:00,0,0,0
6/15/2022 7:00,2,2,0
6/15/2022 8:00,0,0,0
6/15/2022 9:00,2,0,2
6/15/2022 10:00,3,0,3
6/15/2022 11:00,1,0,1
6/15/2022 12:00,1,0,1
6/15/2022 13:00,1,0,1
6/15/2022 14:00,1,0,1
6/15/2022 15:00,1,0,1
6/15/2022 16:00,2,0,2
6/15/2022 17:00,1,1,0
6/15/2022 18:00,5,0,5
6/15/2022 19:00,2,0,2
6/15/2022 20:00,0,0,0
6/15/2022 21:00,2,0,2
6/15/2022 22:00,0,0,0
6/15/2022 23:00,0,0,0
6/16/2022 0:00,1,1,0
6/16/2022 1:00,0,0,0
6/16/2022 2:00,0,0,0
6/16/2022 3:00,0,0,0
6/16/2022 4:00,0,0,0
6/16/2022 5:00,0,0,0
6/16/2022 6:00,0,0,0
6/16/2022 7:00,1,0,1
6/16/2022 8:00,4,0,4
6/16/2022 9:00,6,2,4
6/16/2022 10:00,1,0,1
6/16/2022 11:00,0,0,0
6/16/2022 12:00,0,0,0
6/16/2022 13:00,2,0,2
6/16/2022 14:00,3,0,3
6/16/2022 15:00,4,1,3
6/16/2022 16:00,3,0,3
6/16/2022 17:00,2,0,2
6/16/2022 18:00,1,0,1
6/16/2022 19:00,1,0,1
6/16/2022 20:00,0,0,0
6/16/2022 21:00,1,0,1
6/16/2022 22:00,0,0,0
6/16/2022 23:00,0,0,0
6/17/2022 0:00,0,0,0
6/17/2022 1:00,0,0,0
6/17/2022 2:00,0,0,0
6/17/2022 3:00,0,0,0
6/17/2022 4:00,0,0,0
6/17/2022 5:00,0,0,0
6/17/2022 6:00,2,0,2
6/17/2022 7:00,3,2,1
6/17/2022 8:00,1,0,1
6/17/2022 9:00,2,0,2
6/17/2022 10:00,1,0,1
6/17/2022 11:00,2,0,2
6/17/2022 12:00,1,0,1
6/17/2022 13:00,1,0,1
6/17/2022 14:00,2,0,2
6/17/2022 15:00,5,0,5
6/17/2022 16:00,2,0,2
6/17/2022 17:00,8,2,6
6/17/2022 18:00,6,2,4
6/17/2022 19:00,6,0,6
6/17/2022 20:00,3,0,3
6/17/2022 21:00,2,0,2
6/17/2022 22:00,6,0,6
6/17/2022 23:00,2,0,2
6/18/2022 0:00,1,0,1
6/18/2022 1:00,2,0,2
6/18/2022 2:00,1,0,1
6/18/2022 3:00,0,0,0
6/18/2022 4:00,0,0,0
6/18/2022 5:00,0,0,0
6/18/2022 6:00,0,0,0
6/18/2022 7:00,3,0,3
6/18/2022 8:00,2,1,1
6/18/2022 9:00,1,0,1
6/18/2022 10:00,4,0,4
6/18/2022 11:00,3,0,3
6/18/2022 12:00,6,0,6
6/18/2022 13:00,7,1,6
6/18/2022 14:00,5,0,5
6/18/2022 15:00,1,0,1
6/18/2022 16:00,2,0,2
6/18/2022 17:00,8,2,6
6/18/2022 18:00,4,0,4
6/18/2022 19:00,5,3,2
6/18/2022 20:00,2,0,2
6/18/2022 21:00,2,0,2
6/18/2022 22:00,1,0,1
6/18/2022 23:00,1,1,0
6/19/2022 0:00,0,0,0
6/19/2022 1:00,0,0,0
6/19/2022 2:00,0,0,0
6/19/2022 3:00,1,0,1
6/19/2022 4:00,0,0,0
6/19/2022 5:00,0,0,0
6/19/2022 6:00,0,0,0
6/19/2022 7:00,1,0,1
6/19/2022 8:00,2,0,2
6/19/2022 9:00,4,0,4
6/19/2022 10:00,7,1,6
6/19/2022 11:00,14,0,14
6/19/2022 12:00,12,2,10
6/19/2022 13:00,3,1,2
6/19/2022 14:00,1,0,1
6/19/2022 15:00,2,0,2
6/19/2022 16:00,2,1,1
6/19/2022 17:00,5,0,5
6/19/2022 18:00,1,1,0
6/19/2022 19:00,5,5,0
6/19/2022 20:00,0,0,0
6/19/2022 21:00,0,0,0
6/19/2022 22:00,0,0,0
6/19/2022 23:00,0,0,0
6/20/2022 0:00,1,0,1
6/20/2022 1:00,0,0,0
6/20/2022 2:00,0,0,0
6/20/2022 3:00,0,0,0
6/20/2022 4:00,0,0,0
6/20/2022 5:00,0,0,0
6/20/2022 6:00,0,0,0
6/20/2022 7:00,1,0,1
6/20/2022 8:00,2,0,2
6/20/2022 9:00,3,0,3
6/20/2022 10:00,1,0,1
6/20/2022 11:00,1,0,1
6/20/2022 12:00,4,0,4
6/20/2022 13:00,4,1,3
6/20/2022 14:00,9,1,8
6/20/2022 15:00,4,0,4
6/20/2022 16:00,8,1,7
6/20/2022 17:00,3,0,3
6/20/2022 18:00,5,1,4
6/20/2022 19:00,0,0,0
6/20/2022 20:00,0,0,0
6/20/2022 21:00,0,0,0
6/20/2022 22:00,0,0,0
6/20/2022 23:00,1,1,0
6/21/2022 0:00,0,0,0
6/21/2022 1:00,0,0,0
6/21/2022 2:00,0,0,0
6/21/2022 3:00,0,0,0
6/21/2022 4:00,0,0,0
6/21/2022 5:00,0,0,0
6/21/2022 6:00,1,0,1
6/21/2022 7:00,0,0,0
6/21/2022 8:00,0,0,0
6/21/2022 9:00,3,2,1
6/21/2022 10:00,0,0,0
6/21/2022 11:00,3,0,3
6/21/2022 12:00,4,1,3
6/21/2022 13:00,8,1,7
6/21/2022 14:00,2,0,2
6/21/2022 15:00,11,3,8
6/21/2022 16:00,2,0,2
6/21/2022 17:00,0,0,0
6/21/2022 18:00,3,1,2
6/21/2022 19:00,1,0,1
6/21/2022 20:00,0,0,0
6/21/2022 21:00,1,0,1
6/21/2022 22:00,7,0,7
6/21/2022 23:00,0,0,0
6/22/2022 0:00,0,0,0
6/22/2022 1:00,0,0,0
6/22/2022 2:00,0,0,0
6/22/2022 3:00,0,0,0
6/22/2022 4:00,0,0,0
6/22/2022 5:00,0,0,0
6/22/2022 6:00,1,0,1
6/22/2022 7:00,3,2,1
6/22/2022 8:00,4,0,4
6/22/2022 9:00,1,0,1
6/22/2022 10:00,2,0,2
6/22/2022 11:00,2,0,2
6/22/2022 12:00,6,1,5
6/22/2022 13:00,4,1,3
6/22/2022 14:00,1,0,1
6/22/2022 15:00,0,0,0
6/22/2022 16:00,5,1,4
6/22/2022 17:00,2,0,2
6/22/2022 18:00,3,0,3
6/22/2022 19:00,3,0,3
6/22/2022 20:00,1,1,0
6/22/2022 21:00,0,0,0
6/22/2022 22:00,1,1,0
6/22/2022 23:00,0,0,0
6/23/2022 0:00,0,0,0
6/23/2022 1:00,0,0,0
6/23/2022 2:00,0,0,0
6/23/2022 3:00,0,0,0
6/23/2022 4:00,0,0,0
6/23/2022 5:00,0,0,0
6/23/2022 6:00,2,0,2
6/23/2022 7:00,2,0,2
6/23/2022 8:00,7,0,7
6/23/2022 9:00,1,0,1
6/23/2022 10:00,4,0,4
6/23/2022 11:00,6,0,6
6/23/2022 12:00,6,0,6
6/23/2022 13:00,3,0,3
6/23/2022 14:00,8,0,8
6/23/2022 15:00,4,0,4
6/23/2022 16:00,4,0,4
6/23/2022 17:00,7,0,7
6/23/2022 18:00,9,0,9
6/23/2022 19:00,4,1,3
6/23/2022 20:00,0,0,0
6/23/2022 21:00,1,0,1
6/23/2022 22:00,1,0,1
6/23/2022 23:00,0,0,0
6/24/2022 0:00,0,0,0
6/24/2022 1:00,0,0,0
6/24/2022 2:00,0,0,0
6/24/2022 3:00,0,0,0
6/24/2022 4:00,0,0,0
6/24/2022 5:00,0,0,0
6/24/2022 6:00,0,0,0
6/24/2022 7:00,3,0,3
6/24/2022 8:00,1,0,1
6/24/2022 9:00,2,0,2
6/24/2022 10:00,6,0,6
6/24/2022 11:00,4,0,4
6/24/2022 12:00,1,0,1
6/24/2022 13:00,2,0,2
6/24/2022 14:00,7,0,7
6/24/2022 15:00,2,0,2
6/24/2022 16:00,5,1,4
6/24/2022 17:00,2,0,2
6/24/2022 18:00,0,0,0
6/24/2022 19:00,1,1,0
6/24/2022 20:00,1,1,0
6/24/2022 21:00,2,2,0
6/24/2022 22:00,1,0,1
6/24/2022 23:00,0,0,0
6/25/2022 0:00,0,0,0
6/25/2022 1:00,1,0,1
6/25/2022 2:00,0,0,0
6/25/2022 3:00,0,0,0
6/25/2022 4:00,0,0,0
6/25/2022 5:00,0,0,0
6/25/2022 6:00,0,0,0
6/25/2022 7:00,1,0,1
6/25/2022 8:00,2,0,2
6/25/2022 9:00,1,0,1
6/25/2022 10:00,0,0,0
6/25/2022 11:00,7,0,7
6/25/2022 12:00,1,0,1
6/25/2022 13:00,3,0,3
6/25/2022 14:00,4,0,4
6/25/2022 15:00,6,0,6
6/25/2022 16:00,2,0,2
6/25/2022 17:00,1,0,1
6/25/2022 18:00,2,0,2
6/25/2022 19:00,0,0,0
6/25/2022 20:00,3,0,3
6/25/2022 21:00,0,0,0
6/25/2022 22:00,2,0,2
6/25/2022 23:00,0,0,0
6/26/2022 0:00,0,0,0
6/26/2022 1:00,1,0,1
6/26/2022 2:00,0,0,0
6/26/2022 3:00,0,0,0
6/26/2022 4:00,1,0,1
6/26/2022 5:00,0,0,0
6/26/2022 6:00,0,0,0
6/26/2022 7:00,3,0,3
6/26/2022 8:00,2,0,2
6/26/2022 9:00,4,1,3
6/26/2022 10:00,9,0,9
6/26/2022 11:00,8,1,7
6/26/2022 12:00,6,0,6
6/26/2022 13:00,1,0,1
6/26/2022 14:00,1,0,1
6/26/2022 15:00,0,0,0
6/26/2022 16:00,0,0,0
6/26/2022 17:00,3,0,3
6/26/2022 18:00,4,1,3
6/26/2022 19:00,1,0,1
6/26/2022 20:00,1,1,0
6/26/2022 21:00,0,0,0
6/26/2022 22:00,1,1,0
6/26/2022 23:00,0,0,0
6/27/2022 0:00,0,0,0
6/27/2022 1:00,0,0,0
6/27/2022 2:00,0,0,0
6/27/2022 3:00,0,0,0
6/27/2022 4:00,0,0,0
6/27/2022 5:00,0,0,0
6/27/2022 6:00,0,0,0
6/27/2022 7:00,0,0,0
6/27/2022 8:00,0,0,0
6/27/2022 9:00,1,0,1
6/27/2022 10:00,0,0,0
6/27/2022 11:00,0,0,0
6/27/2022 12:00,0,0,0
6/27/2022 13:00,0,0,0
6/27/2022 14:00,0,0,0
6/27/2022 15:00,1,0,1
6/27/2022 16:00,4,0,4
6/27/2022 17:00,1,0,1
6/27/2022 18:00,1,1,0
6/27/2022 19:00,1,0,1
6/27/2022 20:00,1,0,1
6/27/2022 21:00,2,0,2
6/27/2022 22:00,0,0,0
6/27/2022 23:00,0,0,0
6/28/2022 0:00,0,0,0
6/28/2022 1:00,0,0,0
6/28/2022 2:00,0,0,0
6/28/2022 3:00,0,0,0
6/28/2022 4:00,0,0,0
6/28/2022 5:00,0,0,0
6/28/2022 6:00,0,0,0
6/28/2022 7:00,0,0,0
6/28/2022 8:00,2,0,2
6/28/2022 9:00,0,0,0
6/28/2022 10:00,2,0,2
6/28/2022 11:00,0,0,0
6/28/2022 12:00,0,0,0
6/28/2022 13:00,0,0,0
6/28/2022 14:00,0,0,0
6/28/2022 15:00,0,0,0
6/28/2022 16:00,1,1,0
6/28/2022 17:00,0,0,0
6/28/2022 18:00,2,0,2
6/28/2022 19:00,0,0,0
6/28/2022 20:00,0,0,0
6/28/2022 21:00,0,0,0
6/28/2022 22:00,0,0,0
6/28/2022 23:00,0,0,0
6/29/2022 0:00,0,0,0
6/29/2022 1:00,0,0,0
6/29/2022 2:00,0,0,0
6/29/2022 3:00,0,0,0
6/29/2022 4:00,0,0,0
6/29/2022 5:00,0,0,0
6/29/2022 6:00,0,0,0
6/29/2022 7:00,0,0,0
6/29/2022 8:00,0,0,0
6/29/2022 9:00,0,0,0
6/29/2022 10:00,1,0,1
6/29/2022 11:00,0,0,0
6/29/2022 12:00,1,0,1
6/29/2022 13:00,0,0,0
6/29/2022 14:00,0,0,0
6/29/2022 15:00,0,0,0
6/29/2022 16:00,3,0,3
6/29/2022 17:00,1,0,1
6/29/2022 18:00,0,0,0
6/29/2022 19:00,2,0,2
6/29/2022 20:00,0,0,0
6/29/2022 21:00,0,0,0
6/29/2022 22:00,0,0,0
6/29/2022 23:00,0,0,0
6/30/2022 0:00,0,0,0
6/30/2022 1:00,0,0,0
6/30/2022 2:00,0,0,0
6/30/2022 3:00,0,0,0
6/30/2022 4:00,0,0,0
6/30/2022 5:00,1,0,1
6/30/2022 6:00,0,0,0
6/30/2022 7:00,3,0,3
6/30/2022 8:00,1,0,1
6/30/2022 9:00,1,0,1
6/30/2022 10:00,1,0,1
6/30/2022 11:00,5,2,3
6/30/2022 12:00,0,0,0
6/30/2022 13:00,3,1,2
6/30/2022 14:00,3,0,3
6/30/2022 15:00,5,0,5
6/30/2022 16:00,9,1,8
6/30/2022 17:00,8,0,8
6/30/2022 18:00,2,0,2
6/30/2022 19:00,5,1,4
6/30/2022 20:00,3,0,3
6/30/2022 21:00,4,2,2
6/30/2022 22:00,0,0,0
6/30/2022 23:00,0,0,0
7/1/2022 0:00,0,0,0
7/1/2022 1:00,0,0,0
7/1/2022 2:00,0,0,0
7/1/2022 3:00,0,0,0
7/1/2022 4:00,0,0,0
7/1/2022 5:00,0,0,0
7/1/2022 6:00,0,0,0
7/1/2022 7:00,0,0,0
7/1/2022 8:00,2,0,2
7/1/2022 9:00,3,0,3
7/1/2022 10:00,0,0,0
7/1/2022 11:00,1,0,1
7/1/2022 12:00,3,0,3
7/1/2022 13:00,7,0,7
7/1/2022 14:00,4,0,4
7/1/2022 15:00,5,0,5
7/1/2022 16:00,1,0,1
7/1/2022 17:00,4,0,4
7/1/2022 18:00,3,0,3
7/1/2022 19:00,2,1,1
7/1/2022 20:00,0,0,0
7/1/2022 21:00,0,0,0
7/1/2022 22:00,1,1,0
7/1/2022 23:00,0,0,0
7/2/2022 0:00,0,0,0
7/2/2022 1:00,0,0,0
7/2/2022 2:00,0,0,0
7/2/2022 3:00,0,0,0
7/2/2022 4:00,0,0,0
7/2/2022 5:00,0,0,0
7/2/2022 6:00,0,0,0
7/2/2022 7:00,0,0,0
7/2/2022 8:00,0,0,0
7/2/2022 9:00,1,1,0
7/2/2022 10:00,0,0,0
7/2/2022 11:00,0,0,0
7/2/2022 12:00,8,1,7
7/2/2022 13:00,1,0,1
7/2/2022 14:00,0,0,0
7/2/2022 15:00,3,0,3
7/2/2022 16:00,4,0,4
7/2/2022 17:00,1,0,1
7/2/2022 18:00,4,0,4
7/2/2022 19:00,2,0,2
7/2/2022 20:00,0,0,0
7/2/2022 21:00,0,0,0
7/2/2022 22:00,1,0,1
7/2/2022 23:00,0,0,0
7/3/2022 0:00,0,0,0
7/3/2022 1:00,0,0,0
7/3/2022 2:00,0,0,0
7/3/2022 3:00,0,0,0
7/3/2022 4:00,0,0,0
7/3/2022 5:00,0,0,0
7/3/2022 6:00,0,0,0
7/3/2022 7:00,0,0,0
7/3/2022 8:00,0,0,0
7/3/2022 9:00,0,0,0
7/3/2022 10:00,0,0,0
7/3/2022 11:00,2,0,2
7/3/2022 12:00,6,0,6
7/3/2022 13:00,7,0,7
7/3/2022 14:00,3,0,3
7/3/2022 15:00,2,0,2
7/3/2022 16:00,0,0,0
7/3/2022 17:00,7,0,7
7/3/2022 18:00,1,0,1
7/3/2022 19:00,1,0,1
7/3/2022 20:00,0,0,0
7/3/2022 21:00,0,0,0
7/3/2022 22:00,1,0,1
7/3/2022 23:00,0,0,0
7/4/2022 0:00,0,0,0
7/4/2022 1:00,0,0,0
7/4/2022 2:00,0,0,0
7/4/2022 3:00,0,0,0
7/4/2022 4:00,1,0,1
7/4/2022 5:00,1,0,1
7/4/2022 6:00,1,0,1
7/4/2022 7:00,1,0,1
7/4/2022 8:00,3,3,0
7/4/2022 9:00,0,0,0
7/4/2022 10:00,3,2,1
7/4/2022 11:00,1,1,0
7/4/2022 12:00,7,4,3
7/4/2022 13:00,11,4,7
7/4/2022 14:00,12,3,9
7/4/2022 15:00,8,8,0
7/4/2022 16:00,7,4,3
7/4/2022 17:00,10,7,3
7/4/2022 18:00,6,3,3
7/4/2022 19:00,3,2,1
7/4/2022 20:00,4,3,1
7/4/2022 21:00,3,2,1
7/4/2022 22:00,2,1,1
7/4/2022 23:00,1,1,0
7/5/2022 0:00,2,0,2
7/5/2022 1:00,1,1,0
7/5/2022 2:00,0,0,0
7/5/2022 3:00,0,0,0
7/5/2022 4:00,1,0,1
7/5/2022 5:00,0,0,0
7/5/2022 6:00,2,1,1
7/5/2022 7:00,1,1,0
7/5/2022 8:00,3,2,1
7/5/2022 9:00,8,3,5
7/5/2022 10:00,7,3,4
7/5/2022 11:00,5,3,2
7/5/2022 12:00,10,3,7
7/5/2022 13:00,9,3,6
7/5/2022 14:00,5,1,4
7/5/2022 15:00,10,4,6
7/5/2022 16:00,20,6,14
7/5/2022 17:00,12,6,6
7/5/2022 18:00,13,1,12
7/5/2022 19:00,5,3,2
7/5/2022 20:00,2,2,0
7/5/2022 21:00,4,1,3
7/5/2022 22:00,2,1,1
7/5/2022 23:00,0,0,0
7/6/2022 0:00,0,0,0
7/6/2022 1:00,0,0,0
7/6/2022 2:00,0,0,0
7/6/2022 3:00,0,0,0
7/6/2022 4:00,0,0,0
7/6/2022 5:00,1,0,1
7/6/2022 6:00,0,0,0
7/6/2022 7:00,5,4,1
7/6/2022 8:00,4,3,1
7/6/2022 9:00,11,4,7
7/6/2022 10:00,7,1,6
7/6/2022 11:00,3,2,1
7/6/2022 12:00,8,4,4
7/6/2022 13:00,10,2,8
7/6/2022 14:00,9,4,5
7/6/2022 15:00,3,2,1
7/6/2022 16:00,14,7,7
7/6/2022 17:00,17,8,9
7/6/2022 18:00,6,4,2
7/6/2022 19:00,6,5,1
7/6/2022 20:00,14,9,5
7/6/2022 21:00,3,2,1
7/6/2022 22:00,1,1,0
7/6/2022 23:00,2,0,2
7/7/2022 0:00,0,0,0
7/7/2022 1:00,0,0,0
7/7/2022 2:00,0,0,0
7/7/2022 3:00,2,0,2
7/7/2022 4:00,0,0,0
7/7/2022 5:00,0,0,0
7/7/2022 6:00,0,0,0
7/7/2022 7:00,3,1,2
7/7/2022 8:00,5,0,5
7/7/2022 9:00,2,0,2
7/7/2022 10:00,9,0,9
7/7/2022 11:00,5,1,4
7/7/2022 12:00,4,1,3
7/7/2022 13:00,7,1,6
7/7/2022 14:00,9,1,8
7/7/2022 15:00,11,8,3
7/7/2022 16:00,3,3,0
7/7/2022 17:00,3,2,1
7/7/2022 18:00,1,0,1
7/7/2022 19:00,2,0,2
7/7/2022 20:00,1,1,0
7/7/2022 21:00,2,2,0
7/7/2022 22:00,3,2,1
7/7/2022 23:00,0,0,0
7/8/2022 0:00,0,0,0
7/8/2022 1:00,0,0,0
7/8/2022 2:00,0,0,0
7/8/2022 3:00,0,0,0
7/8/2022 4:00,0,0,0
7/8/2022 5:00,0,0,0
7/8/2022 6:00,0,0,0
7/8/2022 7:00,0,0,0
7/8/2022 8:00,6,0,6
7/8/2022 9:00,5,0,5
7/8/2022 10:00,9,0,9
7/8/2022 11:00,8,0,8
7/8/2022 12:00,4,0,4
7/8/2022 13:00,2,0,2
7/8/2022 14:00,2,0,2
7/8/2022 15:00,2,0,2
7/8/2022 16:00,5,3,2
7/8/2022 17:00,5,2,3
7/8/2022 18:00,10,4,6
7/8/2022 19:00,7,1,6
7/8/2022 20:00,2,0,2
7/8/2022 21:00,0,0,0
7/8/2022 22:00,0,0,0
7/8/2022 23:00,1,0,1
7/9/2022 0:00,2,0,2
7/9/2022 1:00,1,1,0
7/9/2022 2:00,0,0,0
7/9/2022 3:00,0,0,0
7/9/2022 4:00,0,0,0
7/9/2022 5:00,1,0,1
7/9/2022 6:00,1,0,1
7/9/2022 7:00,1,0,1
7/9/2022 8:00,1,1,0
7/9/2022 9:00,5,0,5
7/9/2022 10:00,3,0,3
7/9/2022 11:00,6,4,2
7/9/2022 12:00,9,5,4
7/9/2022 13:00,19,15,4
7/9/2022 14:00,13,6,7
7/9/2022 15:00,15,12,3
7/9/2022 16:00,4,3,1
7/9/2022 17:00,13,9,4
7/9/2022 18:00,10,8,2
7/9/2022 19:00,1,0,1
7/9/2022 20:00,6,4,2
7/9/2022 21:00,1,1,0
7/9/2022 22:00,1,0,1
7/9/2022 23:00,1,0,1
7/10/2022 0:00,0,0,0
7/10/2022 1:00,0,0,0
7/10/2022 2:00,0,0,0
7/10/2022 3:00,0,0,0
7/10/2022 4:00,0,0,0
7/10/2022 5:00,0,0,0
7/10/2022 6:00,0,0,0
7/10/2022 7:00,0,0,0
7/10/2022 8:00,0,0,0
7/10/2022 9:00,2,0,2
7/10/2022 10:00,5,0,5
7/10/2022 11:00,5,3,2
7/10/2022 12:00,7,3,4
7/10/2022 13:00,4,1,3
7/10/2022 14:00,7,1,6
7/10/2022 15:00,3,0,3
7/10/2022 16:00,4,2,2
7/10/2022 17:00,12,7,5
7/10/2022 18:00,1,1,0
7/10/2022 19:00,5,3,2
7/10/2022 20:00,2,2,0
7/10/2022 21:00,0,0,0
7/10/2022 22:00,1,0,1
7/10/2022 23:00,0,0,0
7/11/2022 0:00,0,0,0
7/11/2022 1:00,0,0,0
7/11/2022 2:00,0,0,0
7/11/2022 3:00,0,0,0
7/11/2022 4:00,0,0,0
7/11/2022 5:00,0,0,0
7/11/2022 6:00,0,0,0
7/11/2022 7:00,3,1,2
7/11/2022 8:00,5,0,5
7/11/2022 9:00,5,2,3
7/11/2022 10:00,6,0,6
7/11/2022 11:00,1,0,1
7/11/2022 12:00,3,0,3
7/11/2022 13:00,5,0,5
7/11/2022 14:00,4,1,3
7/11/2022 15:00,6,2,4
7/11/2022 16:00,4,2,2
7/11/2022 17:00,3,1,2
7/11/2022 18:00,6,1,5
7/11/2022 19:00,2,1,1
7/11/2022 20:00,1,0,1
7/11/2022 21:00,3,2,1
7/11/2022 22:00,0,0,0
7/11/2022 23:00,0,0,0
7/12/2022 0:00,0,0,0
7/12/2022 1:00,0,0,0
7/12/2022 2:00,0,0,0
7/12/2022 3:00,0,0,0
7/12/2022 4:00,0,0,0
7/12/2022 5:00,0,0,0
7/12/2022 6:00,0,0,0
7/12/2022 7:00,3,0,3
7/12/2022 8:00,4,0,4
7/12/2022 9:00,1,0,1
7/12/2022 10:00,3,0,3
7/12/2022 11:00,1,0,1
7/12/2022 12:00,2,0,2
7/12/2022 13:00,1,0,1
7/12/2022 14:00,6,0,6
7/12/2022 15:00,2,0,2
7/12/2022 16:00,2,0,2
7/12/2022 17:00,11,2,9
7/12/2022 18:00,5,3,2
7/12/2022 19:00,5,3,2
7/12/2022 20:00,4,3,1
7/12/2022 21:00,4,0,4
7/12/2022 22:00,0,0,0
7/12/2022 23:00,0,0,0
7/13/2022 0:00,0,0,0
7/13/2022 1:00,0,0,0
7/13/2022 2:00,0,0,0
7/13/2022 3:00,0,0,0
7/13/2022 4:00,0,0,0
7/13/2022 5:00,0,0,0
7/13/2022 6:00,1,0,1
7/13/2022 7:00,1,0,1
7/13/2022 8:00,3,1,2
7/13/2022 9:00,5,1,4
7/13/2022 10:00,1,0,1
7/13/2022 11:00,1,1,0
7/13/2022 12:00,3,0,3
7/13/2022 13:00,5,2,3
7/13/2022 14:00,1,0,1
7/13/2022 15:00,1,0,1
7/13/2022 16:00,3,1,2
7/13/2022 17:00,2,1,1
7/13/2022 18:00,5,4,1
7/13/2022 19:00,4,2,2
7/13/2022 20:00,2,1,1
7/13/2022 21:00,0,0,0
7/13/2022 22:00,2,0,2
7/13/2022 23:00,0,0,0
7/14/2022 0:00,0,0,0
7/14/2022 1:00,0,0,0
7/14/2022 2:00,0,0,0
7/14/2022 3:00,0,0,0
7/14/2022 4:00,0,0,0
7/14/2022 5:00,0,0,0
7/14/2022 6:00,0,0,0
7/14/2022 7:00,1,0,1
7/14/2022 8:00,1,0,1
7/14/2022 9:00,2,1,1
7/14/2022 10:00,3,0,3
7/14/2022 11:00,0,0,0
7/14/2022 12:00,3,0,3
7/14/2022 13:00,0,0,0
7/14/2022 14:00,2,0,2
7/14/2022 15:00,2,1,1
7/14/2022 16:00,3,1,2
7/14/2022 17:00,0,0,0
7/14/2022 18:00,0,0,0
7/14/2022 19:00,1,1,0
7/14/2022 20:00,0,0,0
7/14/2022 21:00,0,0,0
7/14/2022 22:00,0,0,0
7/14/2022 23:00,1,1,0
7/15/2022 0:00,0,0,0
7/15/2022 1:00,0,0,0
7/15/2022 2:00,0,0,0
7/15/2022 3:00,0,0,0
7/15/2022 4:00,0,0,0
7/15/2022 5:00,0,0,0
7/15/2022 6:00,0,0,0
7/15/2022 7:00,1,0,1
7/15/2022 8:00,0,0,0
7/15/2022 9:00,0,0,0
7/15/2022 10:00,1,1,0
7/15/2022 11:00,1,0,1
7/15/2022 12:00,0,0,0
7/15/2022 13:00,1,0,1
7/15/2022 14:00,0,0,0
7/15/2022 15:00,1,1,0
7/15/2022 16:00,0,0,0
7/15/2022 17:00,6,1,5
7/15/2022 18:00,5,0,5
7/15/2022 19:00,3,2,1
7/15/2022 20:00,0,0,0
7/15/2022 21:00,3,0,3
7/15/2022 22:00,1,1,0
7/15/2022 23:00,1,0,1
7/16/2022 0:00,0,0,0
7/16/2022 1:00,1,0,1
7/16/2022 2:00,0,0,0
7/16/2022 3:00,0,0,0
7/16/2022 4:00,0,0,0
7/16/2022 5:00,2,2,0
7/16/2022 6:00,0,0,0
7/16/2022 7:00,0,0,0
7/16/2022 8:00,0,0,0
7/16/2022 9:00,2,1,1
7/16/2022 10:00,0,0,0
7/16/2022 11:00,4,1,3
7/16/2022 12:00,8,1,7
7/16/2022 13:00,13,6,7
7/16/2022 14:00,1,0,1
7/16/2022 15:00,7,4,3
7/16/2022 16:00,6,1,5
7/16/2022 17:00,4,2,2
7/16/2022 18:00,5,5,0
7/16/2022 19:00,6,2,4
7/16/2022 20:00,7,2,5
7/16/2022 21:00,4,1,3
7/16/2022 22:00,1,0,1
7/16/2022 23:00,1,0,1
7/17/2022 0:00,1,1,0
7/17/2022 1:00,0,0,0
7/17/2022 2:00,0,0,0
7/17/2022 3:00,0,0,0
7/17/2022 4:00,0,0,0
7/17/2022 5:00,1,0,1
7/17/2022 6:00,0,0,0
7/17/2022 7:00,0,0,0
7/17/2022 8:00,1,1,0
7/17/2022 9:00,2,2,0
7/17/2022 10:00,4,3,1
7/17/2022 11:00,3,2,1
7/17/2022 12:00,0,0,0
7/17/2022 13:00,0,0,0
7/17/2022 14:00,3,0,3
7/17/2022 15:00,2,0,2
7/17/2022 16:00,5,3,2
7/17/2022 17:00,0,0,0
7/17/2022 18:00,1,0,1
7/17/2022 19:00,6,1,5
7/17/2022 20:00,7,5,2
7/17/2022 21:00,1,1,0
7/17/2022 22:00,2,2,0
7/17/2022 23:00,0,0,0
7/18/2022 0:00,0,0,0
7/18/2022 1:00,0,0,0
7/18/2022 2:00,0,0,0
7/18/2022 3:00,0,0,0
7/18/2022 4:00,0,0,0
7/18/2022 5:00,0,0,0
7/18/2022 6:00,0,0,0
7/18/2022 7:00,0,0,0
7/18/2022 8:00,3,0,3
7/18/2022 9:00,3,0,3
7/18/2022 10:00,6,1,5
7/18/2022 11:00,3,0,3
7/18/2022 12:00,2,0,2
7/18/2022 13:00,1,1,0
7/18/2022 14:00,3,2,1
7/18/2022 15:00,4,2,2
7/18/2022 16:00,3,0,3
7/18/2022 17:00,2,0,2
7/18/2022 18:00,0,0,0
7/18/2022 19:00,1,1,0
7/18/2022 20:00,2,0,2
7/18/2022 21:00,0,0,0
7/18/2022 22:00,0,0,0
7/18/2022 23:00,0,0,0
7/19/2022 0:00,0,0,0
7/19/2022 1:00,0,0,0
7/19/2022 2:00,0,0,0
7/19/2022 3:00,0,0,0
7/19/2022 4:00,0,0,0
7/19/2022 5:00,0,0,0
7/19/2022 6:00,0,0,0
7/19/2022 7:00,0,0,0
7/19/2022 8:00,0,0,0
7/19/2022 9:00,0,0,0
7/19/2022 10:00,0,0,0
7/19/2022 11:00,1,1,0
7/19/2022 12:00,1,1,0
7/19/2022 13:00,4,0,4
7/19/2022 14:00,2,0,2
7/19/2022 15:00,4,2,2
7/19/2022 16:00,9,6,3
7/19/2022 17:00,14,10,4
7/19/2022 18:00,6,4,2
7/19/2022 19:00,13,11,2
7/19/2022 20:00,7,5,2
7/19/2022 21:00,5,4,1
7/19/2022 22:00,0,0,0
7/19/2022 23:00,1,0,1
7/20/2022 0:00,0,0,0
7/20/2022 1:00,0,0,0
7/20/2022 2:00,0,0,0
7/20/2022 3:00,0,0,0
7/20/2022 4:00,0,0,0
7/20/2022 5:00,1,1,0
7/20/2022 6:00,0,0,0
7/20/2022 7:00,1,1,0
7/20/2022 8:00,7,2,5
7/20/2022 9:00,8,3,5
7/20/2022 10:00,2,1,1
7/20/2022 11:00,6,3,3
7/20/2022 12:00,6,3,3
7/20/2022 13:00,4,2,2
7/20/2022 14:00,6,4,2
7/20/2022 15:00,1,1,0
7/20/2022 16:00,4,3,1
7/20/2022 17:00,1,0,1
7/20/2022 18:00,1,0,1
7/20/2022 19:00,1,0,1
7/20/2022 20:00,1,0,1
7/20/2022 21:00,2,0,2
7/20/2022 22:00,0,0,0
7/20/2022 23:00,1,1,0
7/21/2022 0:00,0,0,0
7/21/2022 1:00,0,0,0
7/21/2022 2:00,0,0,0
7/21/2022 3:00,0,0,0
7/21/2022 4:00,0,0,0
7/21/2022 5:00,0,0,0
7/21/2022 6:00,0,0,0
7/21/2022 7:00,1,0,1
7/21/2022 8:00,3,0,3
7/21/2022 9:00,6,2,4
7/21/2022 10:00,0,0,0
7/21/2022 11:00,0,0,0
7/21/2022 12:00,3,0,3
7/21/2022 13:00,2,0,2
7/21/2022 14:00,2,1,1
7/21/2022 15:00,1,0,1
7/21/2022 16:00,3,0,3
7/21/2022 17:00,5,0,5
7/21/2022 18:00,8,2,6
7/21/2022 19:00,1,0,1
7/21/2022 20:00,4,0,4
7/21/2022 21:00,0,0,0
7/21/2022 22:00,0,0,0
7/21/2022 23:00,0,0,0
7/22/2022 0:00,0,0,0
7/22/2022 1:00,0,0,0
7/22/2022 2:00,0,0,0
7/22/2022 3:00,0,0,0
7/22/2022 4:00,0,0,0
7/22/2022 5:00,0,0,0
7/22/2022 6:00,0,0,0
7/22/2022 7:00,0,0,0
7/22/2022 8:00,1,0,1
7/22/2022 9:00,5,2,3
7/22/2022 10:00,1,0,1
7/22/2022 11:00,6,0,6
7/22/2022 12:00,4,0,4
7/22/2022 13:00,2,0,2
7/22/2022 14:00,5,0,5
7/22/2022 15:00,1,0,1
7/22/2022 16:00,2,0,2
7/22/2022 17:00,4,2,2
7/22/2022 18:00,1,0,1
7/22/2022 19:00,0,0,0
7/22/2022 20:00,1,0,1
7/22/2022 21:00,0,0,0
7/22/2022 22:00,0,0,0
7/22/2022 23:00,0,0,0
7/23/2022 0:00,1,0,1
7/23/2022 1:00,0,0,0
7/23/2022 2:00,0,0,0
7/23/2022 3:00,0,0,0
7/23/2022 4:00,0,0,0
7/23/2022 5:00,0,0,0
7/23/2022 6:00,0,0,0
7/23/2022 7:00,1,0,1
7/23/2022 8:00,0,0,0
7/23/2022 9:00,2,1,1
7/23/2022 10:00,0,0,0
7/23/2022 11:00,1,0,1
7/23/2022 12:00,3,0,3
7/23/2022 13:00,1,0,1
7/23/2022 14:00,3,1,2
7/23/2022 15:00,3,0,3
7/23/2022 16:00,8,0,8
7/23/2022 17:00,0,0,0
7/23/2022 18:00,0,0,0
7/23/2022 19:00,4,1,3
7/23/2022 20:00,0,0,0
7/23/2022 21:00,0,0,0
7/23/2022 22:00,1,0,1
7/23/2022 23:00,0,0,0
7/24/2022 0:00,0,0,0
7/24/2022 1:00,0,0,0
7/24/2022 2:00,0,0,0
7/24/2022 3:00,0,0,0
7/24/2022 4:00,0,0,0
7/24/2022 5:00,0,0,0
7/24/2022 6:00,0,0,0
7/24/2022 7:00,0,0,0
7/24/2022 8:00,0,0,0
7/24/2022 9:00,0,0,0
7/24/2022 10:00,4,0,4
7/24/2022 11:00,6,0,6
7/24/2022 12:00,8,0,8
7/24/2022 13:00,1,0,1
7/24/2022 14:00,7,0,7
7/24/2022 15:00,1,0,1
7/24/2022 16:00,3,0,3
7/24/2022 17:00,2,0,2
7/24/2022 18:00,2,0,2
7/24/2022 19:00,1,0,1
7/24/2022 20:00,0,0,0
7/24/2022 21:00,0,0,0
7/24/2022 22:00,1,1,0
7/24/2022 23:00,1,0,1
7/25/2022 0:00,0,0,0
7/25/2022 1:00,0,0,0
7/25/2022 2:00,0,0,0
7/25/2022 3:00,0,0,0
7/25/2022 4:00,0,0,0
7/25/2022 5:00,0,0,0
7/25/2022 6:00,0,0,0
7/25/2022 7:00,0,0,0
7/25/2022 8:00,1,0,1
7/25/2022 9:00,1,1,0
7/25/2022 10:00,0,0,0
7/25/2022 11:00,0,0,0
7/25/2022 12:00,1,0,1
7/25/2022 13:00,0,0,0
7/25/2022 14:00,0,0,0
7/25/2022 15:00,0,0,0
7/25/2022 16:00,1,0,1
7/25/2022 17:00,0,0,0
7/25/2022 18:00,1,0,1
7/25/2022 19:00,2,0,2
7/25/2022 20:00,3,0,3
7/25/2022 21:00,0,0,0
7/25/2022 22:00,0,0,0
7/25/2022 23:00,0,0,0
7/26/2022 0:00,0,0,0
7/26/2022 1:00,0,0,0
7/26/2022 2:00,0,0,0
7/26/2022 3:00,0,0,0
7/26/2022 4:00,0,0,0
7/26/2022 5:00,0,0,0
7/26/2022 6:00,0,0,0
7/26/2022 7:00,0,0,0
7/26/2022 8:00,2,0,2
7/26/2022 9:00,1,0,1
7/26/2022 10:00,0,0,0
7/26/2022 11:00,1,0,1
7/26/2022 12:00,8,2,6
7/26/2022 13:00,0,0,0
7/26/2022 14:00,0,0,0
7/26/2022 15:00,1,1,0
7/26/2022 16:00,0,0,0
7/26/2022 17:00,1,0,1
7/26/2022 18:00,2,1,1
7/26/2022 19:00,1,0,1
7/26/2022 20:00,1,0,1
7/26/2022 21:00,0,0,0
7/26/2022 22:00,0,0,0
7/26/2022 23:00,0,0,0
7/27/2022 0:00,0,0,0
7/27/2022 1:00,0,0,0
7/27/2022 2:00,0,0,0
7/27/2022 3:00,0,0,0
7/27/2022 4:00,0,0,0
7/27/2022 5:00,0,0,0
7/27/2022 6:00,0,0,0
7/27/2022 7:00,4,2,2
7/27/2022 8:00,2,0,2
7/27/2022 9:00,0,0,0
7/27/2022 10:00,1,0,1
7/27/2022 11:00,1,0,1
7/27/2022 12:00,0,0,0
7/27/2022 13:00,0,0,0
7/27/2022 14:00,0,0,0
7/27/2022 15:00,1,1,0
7/27/2022 16:00,0,0,0
7/27/2022 17:00,1,0,1
7/27/2022 18:00,2,2,0
7/27/2022 19:00,0,0,0
7/27/2022 20:00,0,0,0
7/27/2022 21:00,3,2,1
7/27/2022 22:00,0,0,0
7/27/2022 23:00,0,0,0
7/28/2022 0:00,0,0,0
7/28/2022 1:00,0,0,0
7/28/2022 2:00,0,0,0
7/28/2022 3:00,0,0,0
7/28/2022 4:00,0,0,0
7/28/2022 5:00,0,0,0
7/28/2022 6:00,0,0,0
7/28/2022 7:00,1,0,1
7/28/2022 8:00,4,3,1
7/28/2022 9:00,1,1,0
7/28/2022 10:00,0,0,0
7/28/2022 11:00,1,1,0
7/28/2022 12:00,0,0,0
7/28/2022 13:00,0,0,0
7/28/2022 14:00,0,0,0
7/28/2022 15:00,0,0,0
7/28/2022 16:00,0,0,0
7/28/2022 17:00,1,1,0
7/28/2022 18:00,1,0,1
7/28/2022 19:00,3,1,2
7/28/2022 20:00,0,0,0
7/28/2022 21:00,0,0,0
7/28/2022 22:00,0,0,0
7/28/2022 23:00,0,0,0
7/29/2022 0:00,0,0,0
7/29/2022 1:00,0,0,0
7/29/2022 2:00,0,0,0
7/29/2022 3:00,0,0,0
7/29/2022 4:00,0,0,0
7/29/2022 5:00,0,0,0
7/29/2022 6:00,0,0,0
7/29/2022 7:00,1,1,0
7/29/2022 8:00,1,1,0
7/29/2022 9:00,1,0,1
7/29/2022 10:00,1,0,1
7/29/2022 11:00,2,2,0
7/29/2022 12:00,0,0,0
7/29/2022 13:00,2,0,2
7/29/2022 14:00,1,0,1
7/29/2022 15:00,2,0,2
7/29/2022 16:00,3,1,2
7/29/2022 17:00,3,0,3
7/29/2022 18:00,2,0,2
7/29/2022 19:00,1,0,1
7/29/2022 20:00,2,2,0
7/29/2022 21:00,0,0,0
7/29/2022 22:00,1,1,0
7/29/2022 23:00,0,0,0
7/30/2022 0:00,0,0,0
7/30/2022 1:00,0,0,0
7/30/2022 2:00,0,0,0
7/30/2022 3:00,0,0,0
7/30/2022 4:00,0,0,0
7/30/2022 5:00,0,0,0
7/30/2022 6:00,0,0,0
7/30/2022 7:00,0,0,0
7/30/2022 8:00,0,0,0
7/30/2022 9:00,0,0,0
7/30/2022 10:00,1,1,0
7/30/2022 11:00,0,0,0
7/30/2022 12:00,0,0,0
7/30/2022 13:00,0,0,0
7/30/2022 14:00,0,0,0
7/30/2022 15:00,0,0,0
7/30/2022 16:00,0,0,0
7/30/2022 17:00,1,1,0
7/30/2022 18:00,0,0,0
7/30/2022 19:00,0,0,0
7/30/2022 20:00,0,0,0
7/30/2022 21:00,0,0,0
7/30/2022 22:00,0,0,0
7/30/2022 23:00,0,0,0
7/31/2022 0:00,0,0,0
7/31/2022 1:00,0,0,0
7/31/2022 2:00,0,0,0
7/31/2022 3:00,0,0,0
7/31/2022 4:00,0,0,0
7/31/2022 5:00,0,0,0
7/31/2022 6:00,0,0,0
7/31/2022 7:00,0,0,0
7/31/2022 8:00,0,0,0
7/31/2022 9:00,0,0,0
7/31/2022 10:00,0,0,0
7/31/2022 11:00,0,0,0
7/31/2022 12:00,0,0,0
7/31/2022 13:00,0,0,0
7/31/2022 14:00,0,0,0
7/31/2022 15:00,0,0,0
7/31/2022 16:00,0,0,0
7/31/2022 17:00,0,0,0
7/31/2022 18:00,0,0,0
7/31/2022 19:00,0,0,0
7/31/2022 20:00,0,0,0
7/31/2022 21:00,0,0,0
7/31/2022 22:00,0,0,0
7/31/2022 23:00,0,0,0
